22802,5301849
22803,5301849
22804,5301849
22806,5301849
22807,5301849
22809,5301849
22810,5301849
22811,5301849
22812,5301849
22814,5301849
22817,5301849
22818,5301849
22819,5301849
22820,5301849
22821,5301849
22822,5301849
22824,5301849
22825,5301849
22826,5301849
22827,5301849
22828,5301849
22829,5301849
22830,5301849
22831,5301849
22832,5301849
22833,5301849
22835,5301849
22836,5301849
22837,5301849
22838,5301849
22839,5301849
22840,5301849
22841,5301849
22842,5301849
22844,5301849
22845,5301849
22846,5301849
22847,5301849
22849,5301849
22850,5301849
155151,7637448
155153,7637448
155154,7637448
155155,7637448
155156,7637448
155158,7637448
155160,7637448
155161,7637448
155162,7637448
155163,7637448
155164,7637448
155167,7637448
155168,7637448
155169,7637448
155170,7637448
155171,7637448
155172,7637448
155173,7637448
155174,7637448
155175,7637448
155176,7637448
155177,7637448
155178,7637448
155179,7637448
155180,7637448
155181,7637448
155182,7637448
155184,7637448
155186,7637448
155187,7637448
155189,7637448
155190,7637448
155191,7637448
155192,7637448
155194,7637448
155195,7637448
155196,7637448
155197,7637448
155198,7637448
155199,7637448
353751,8121044
353752,8121044
353753,8121044
353755,8121044
353757,8121044
353758,8121044
353759,8121044
353762,8121044
353763,8121044
353765,8121044
353766,8121044
353768,8121044
353769,8121044
353770,8121044
353771,8121044
353772,8121044
353773,8121044
353774,8121044
353775,8121044
353776,8121044
353777,8121044
353780,8121044
353781,8121044
353782,8121044
353783,8121044
353784,8121044
353785,8121044
353786,8121044
353787,8121044
353788,8121044
353789,8121044
353790,8121044
353791,8121044
353793,8121044
353794,8121044
353796,8121044
353797,8121044
353798,8121044
353799,8121044
353800,8121044
361851,8325262
361852,8325262
361853,8325262
361854,8325262
361855,8325262
361856,8325262
361857,8325262
361858,8325262
361859,8325262
361860,8325262
361861,8325262
361862,8325262
361863,8325262
361864,8325262
361865,8325262
361866,8325262
361868,8325262
361869,8325262
361870,8325262
361871,8325262
361873,8325262
361875,8325262
361877,8325262
361878,8325262
361880,8325262
361881,8325262
361883,8325262
361884,8325262
361885,8325262
361886,8325262
361887,8325262
361888,8325262
361889,8325262
361891,8325262
361893,8325262
361894,8325262
361896,8325262
361898,8325262
361899,8325262
361900,8325262
268501,9085467
268502,9085467
268503,9085467
268504,9085467
268505,9085467
268506,9085467
268507,9085467
268508,9085467
268509,9085467
268510,9085467
268513,9085467
268514,9085467
268515,9085467
268516,9085467
268517,9085467
268518,9085467
268519,9085467
268520,9085467
268521,9085467
268522,9085467
268524,9085467
268525,9085467
268526,9085467
268527,9085467
268528,9085467
268532,9085467
268533,9085467
268534,9085467
268536,9085467
268537,9085467
268538,9085467
268539,9085467
268540,9085467
268541,9085467
268542,9085467
268543,9085467
268544,9085467
268547,9085467
268548,9085467
268549,9085467
309951,9144380
309952,9144380
309953,9144380
309954,9144380
309955,9144380
309956,9144380
309957,9144380
309958,9144380
309959,9144380
309961,9144380
309962,9144380
309963,9144380
309964,9144380
309966,9144380
309969,9144380
309970,9144380
309971,9144380
309972,9144380
309973,9144380
309974,9144380
309975,9144380
309976,9144380
309977,9144380
309978,9144380
309979,9144380
309980,9144380
309981,9144380
309982,9144380
309983,9144380
309984,9144380
309985,9144380
309987,9144380
309988,9144380
309990,9144380
309992,9144380
309993,9144380
309994,9144380
309997,9144380
309998,9144380
309999,9144380
41001,9184665
41002,9184665
41004,9184665
41005,9184665
41006,9184665
41007,9184665
41008,9184665
41010,9184665
41011,9184665
41012,9184665
41013,9184665
41014,9184665
41015,9184665
41016,9184665
41017,9184665
41018,9184665
41019,9184665
41020,9184665
41021,9184665
41023,9184665
41024,9184665
41025,9184665
41026,9184665
41028,9184665
41029,9184665
41033,9184665
41034,9184665
41035,9184665
41036,9184665
41037,9184665
41039,9184665
41040,9184665
41041,9184665
41042,9184665
41044,9184665
41045,9184665
41046,9184665
41048,9184665
41049,9184665
41050,9184665
185601,9234408
185602,9234408
185603,9234408
185604,9234408
185606,9234408
185607,9234408
185608,9234408
185609,9234408
185610,9234408
185611,9234408
185614,9234408
185615,9234408
185616,9234408
185617,9234408
185619,9234408
185620,9234408
185621,9234408
185623,9234408
185624,9234408
185625,9234408
185626,9234408
185627,9234408
185628,9234408
185630,9234408
185631,9234408
185632,9234408
185637,9234408
185638,9234408
185639,9234408
185640,9234408
185641,9234408
185642,9234408
185643,9234408
185644,9234408
185645,9234408
185646,9234408
185647,9234408
185648,9234408
185649,9234408
185650,9234408
43101,9243289
43104,9243289
43105,9243289
43107,9243289
43108,9243289
43109,9243289
43110,9243289
43111,9243289
43113,9243289
43114,9243289
43115,9243289
43116,9243289
43118,9243289
43119,9243289
43120,9243289
43122,9243289
43123,9243289
43124,9243289
43125,9243289
43126,9243289
43128,9243289
43129,9243289
43131,9243289
43132,9243289
43133,9243289
43134,9243289
43135,9243289
43137,9243289
43138,9243289
43139,9243289
43140,9243289
43141,9243289
43142,9243289
43143,9243289
43144,9243289
43145,9243289
43147,9243289
43148,9243289
43149,9243289
43150,9243289
286751,9280213
286752,9280213
286754,9280213
286755,9280213
286756,9280213
286758,9280213
286759,9280213
286762,9280213
286763,9280213
286764,9280213
286766,9280213
286767,9280213
286768,9280213
286769,9280213
286772,9280213
286773,9280213
286774,9280213
286776,9280213
286777,9280213
286778,9280213
286779,9280213
286780,9280213
286781,9280213
286782,9280213
286783,9280213
286784,9280213
286786,9280213
286787,9280213
286788,9280213
286789,9280213
286790,9280213
286791,9280213
286792,9280213
286793,9280213
286794,9280213
286795,9280213
286796,9280213
286797,9280213
286799,9280213
286800,9280213
385101,9360714
385102,9360714
385103,9360714
385104,9360714
385105,9360714
385107,9360714
385108,9360714
385109,9360714
385110,9360714
385111,9360714
385112,9360714
385113,9360714
385114,9360714
385117,9360714
385118,9360714
385119,9360714
385121,9360714
385123,9360714
385124,9360714
385125,9360714
385126,9360714
385127,9360714
385128,9360714
385130,9360714
385131,9360714
385134,9360714
385135,9360714
385136,9360714
385137,9360714
385138,9360714
385139,9360714
385140,9360714
385141,9360714
385142,9360714
385143,9360714
385144,9360714
385145,9360714
385146,9360714
385148,9360714
385150,9360714
264952,9375434
264953,9375434
264954,9375434
264955,9375434
264956,9375434
264957,9375434
264959,9375434
264960,9375434
264961,9375434
264963,9375434
264965,9375434
264966,9375434
264968,9375434
264969,9375434
264970,9375434
264971,9375434
264972,9375434
264973,9375434
264974,9375434
264975,9375434
264976,9375434
264977,9375434
264978,9375434
264979,9375434
264980,9375434
264981,9375434
264982,9375434
264983,9375434
264984,9375434
264985,9375434
264986,9375434
264987,9375434
264989,9375434
264990,9375434
264993,9375434
264995,9375434
264996,9375434
264997,9375434
264998,9375434
265000,9375434
53152,9420344
53153,9420344
53154,9420344
53155,9420344
53157,9420344
53158,9420344
53159,9420344
53160,9420344
53162,9420344
53163,9420344
53164,9420344
53165,9420344
53166,9420344
53167,9420344
53168,9420344
53169,9420344
53170,9420344
53171,9420344
53172,9420344
53173,9420344
53174,9420344
53175,9420344
53176,9420344
53177,9420344
53179,9420344
53180,9420344
53182,9420344
53185,9420344
53186,9420344
53188,9420344
53189,9420344
53191,9420344
53192,9420344
53193,9420344
53194,9420344
53195,9420344
53196,9420344
53197,9420344
53199,9420344
53200,9420344
216501,9454096
216502,9454096
216503,9454096
216504,9454096
216505,9454096
216507,9454096
216508,9454096
216509,9454096
216510,9454096
216511,9454096
216513,9454096
216515,9454096
216516,9454096
216517,9454096
216518,9454096
216519,9454096
216520,9454096
216522,9454096
216524,9454096
216525,9454096
216526,9454096
216528,9454096
216529,9454096
216530,9454096
216531,9454096
216532,9454096
216533,9454096
216534,9454096
216536,9454096
216538,9454096
216539,9454096
216540,9454096
216541,9454096
216542,9454096
216543,9454096
216544,9454096
216545,9454096
216547,9454096
216548,9454096
216550,9454096
230505,9501954
230507,9501954
230508,9501954
230509,9501954
230510,9501954
230511,9501954
230512,9501954
230513,9501954
230514,9501954
230515,9501954
230516,9501954
230517,9501954
230518,9501954
230519,9501954
230520,9501954
230521,9501954
230522,9501954
230523,9501954
230524,9501954
230525,9501954
230526,9501954
230527,9501954
230528,9501954
230529,9501954
230530,9501954
230531,9501954
230532,9501954
230533,9501954
230534,9501954
230536,9501954
230538,9501954
230539,9501954
230540,9501954
230541,9501954
230542,9501954
230544,9501954
230546,9501954
230547,9501954
230548,9501954
230550,9501954
382851,9653197
382853,9653197
382855,9653197
382857,9653197
382858,9653197
382859,9653197
382860,9653197
382861,9653197
382862,9653197
382863,9653197
382864,9653197
382865,9653197
382867,9653197
382868,9653197
382869,9653197
382871,9653197
382872,9653197
382873,9653197
382874,9653197
382875,9653197
382876,9653197
382877,9653197
382878,9653197
382879,9653197
382880,9653197
382881,9653197
382882,9653197
382883,9653197
382884,9653197
382885,9653197
382886,9653197
382888,9653197
382889,9653197
382890,9653197
382892,9653197
382894,9653197
382895,9653197
382896,9653197
382899,9653197
382900,9653197
