22801,5301849
22803,5301849
22804,5301849
22805,5301849
22806,5301849
22807,5301849
22808,5301849
22809,5301849
22811,5301849
22812,5301849
22813,5301849
22814,5301849
22815,5301849
22816,5301849
22818,5301849
22820,5301849
22821,5301849
22822,5301849
22823,5301849
22825,5301849
22827,5301849
22828,5301849
22829,5301849
22830,5301849
22831,5301849
22832,5301849
22833,5301849
22834,5301849
22835,5301849
22837,5301849
22838,5301849
22839,5301849
22841,5301849
22843,5301849
22844,5301849
22845,5301849
22846,5301849
22847,5301849
22848,5301849
22850,5301849
155151,7637448
155152,7637448
155153,7637448
155154,7637448
155157,7637448
155159,7637448
155160,7637448
155163,7637448
155164,7637448
155165,7637448
155166,7637448
155169,7637448
155170,7637448
155171,7637448
155172,7637448
155174,7637448
155175,7637448
155176,7637448
155177,7637448
155178,7637448
155179,7637448
155180,7637448
155181,7637448
155182,7637448
155183,7637448
155184,7637448
155185,7637448
155187,7637448
155188,7637448
155189,7637448
155190,7637448
155191,7637448
155192,7637448
155193,7637448
155194,7637448
155195,7637448
155197,7637448
155198,7637448
155199,7637448
155200,7637448
353751,8121044
353754,8121044
353755,8121044
353756,8121044
353759,8121044
353760,8121044
353761,8121044
353762,8121044
353763,8121044
353764,8121044
353765,8121044
353767,8121044
353768,8121044
353769,8121044
353770,8121044
353771,8121044
353772,8121044
353773,8121044
353774,8121044
353776,8121044
353778,8121044
353779,8121044
353780,8121044
353782,8121044
353783,8121044
353785,8121044
353786,8121044
353787,8121044
353788,8121044
353789,8121044
353790,8121044
353791,8121044
353792,8121044
353793,8121044
353795,8121044
353796,8121044
353797,8121044
353798,8121044
353799,8121044
353800,8121044
361851,8325262
361852,8325262
361854,8325262
361855,8325262
361856,8325262
361857,8325262
361858,8325262
361860,8325262
361861,8325262
361862,8325262
361864,8325262
361865,8325262
361867,8325262
361868,8325262
361870,8325262
361872,8325262
361873,8325262
361874,8325262
361875,8325262
361876,8325262
361877,8325262
361878,8325262
361879,8325262
361880,8325262
361881,8325262
361882,8325262
361883,8325262
361885,8325262
361886,8325262
361887,8325262
361888,8325262
361889,8325262
361890,8325262
361891,8325262
361892,8325262
361894,8325262
361895,8325262
361897,8325262
361898,8325262
361900,8325262
268502,9085467
268503,9085467
268504,9085467
268506,9085467
268508,9085467
268509,9085467
268510,9085467
268511,9085467
268512,9085467
268513,9085467
268514,9085467
268515,9085467
268516,9085467
268517,9085467
268518,9085467
268519,9085467
268520,9085467
268522,9085467
268523,9085467
268524,9085467
268525,9085467
268526,9085467
268529,9085467
268530,9085467
268531,9085467
268534,9085467
268535,9085467
268538,9085467
268539,9085467
268540,9085467
268541,9085467
268542,9085467
268543,9085467
268544,9085467
268545,9085467
268546,9085467
268547,9085467
268548,9085467
268549,9085467
268550,9085467
309951,9144380
309952,9144380
309953,9144380
309954,9144380
309956,9144380
309959,9144380
309960,9144380
309961,9144380
309963,9144380
309965,9144380
309966,9144380
309967,9144380
309968,9144380
309970,9144380
309971,9144380
309972,9144380
309973,9144380
309975,9144380
309976,9144380
309977,9144380
309978,9144380
309979,9144380
309980,9144380
309981,9144380
309982,9144380
309983,9144380
309984,9144380
309985,9144380
309986,9144380
309987,9144380
309988,9144380
309989,9144380
309991,9144380
309992,9144380
309993,9144380
309995,9144380
309996,9144380
309997,9144380
309999,9144380
310000,9144380
41002,9184665
41003,9184665
41004,9184665
41005,9184665
41007,9184665
41008,9184665
41009,9184665
41011,9184665
41012,9184665
41013,9184665
41014,9184665
41016,9184665
41017,9184665
41018,9184665
41020,9184665
41021,9184665
41022,9184665
41023,9184665
41025,9184665
41027,9184665
41029,9184665
41030,9184665
41031,9184665
41032,9184665
41033,9184665
41034,9184665
41035,9184665
41036,9184665
41037,9184665
41038,9184665
41039,9184665
41042,9184665
41043,9184665
41044,9184665
41045,9184665
41046,9184665
41047,9184665
41048,9184665
41049,9184665
41050,9184665
185601,9234408
185602,9234408
185604,9234408
185605,9234408
185606,9234408
185607,9234408
185608,9234408
185609,9234408
185610,9234408
185611,9234408
185612,9234408
185613,9234408
185614,9234408
185615,9234408
185617,9234408
185618,9234408
185619,9234408
185620,9234408
185621,9234408
185622,9234408
185623,9234408
185624,9234408
185625,9234408
185627,9234408
185628,9234408
185629,9234408
185630,9234408
185631,9234408
185633,9234408
185634,9234408
185635,9234408
185636,9234408
185637,9234408
185639,9234408
185642,9234408
185643,9234408
185645,9234408
185647,9234408
185648,9234408
185649,9234408
43101,9243289
43102,9243289
43103,9243289
43104,9243289
43105,9243289
43106,9243289
43107,9243289
43109,9243289
43110,9243289
43111,9243289
43112,9243289
43116,9243289
43117,9243289
43119,9243289
43120,9243289
43121,9243289
43122,9243289
43123,9243289
43124,9243289
43125,9243289
43127,9243289
43128,9243289
43129,9243289
43130,9243289
43131,9243289
43133,9243289
43134,9243289
43135,9243289
43136,9243289
43137,9243289
43138,9243289
43139,9243289
43140,9243289
43143,9243289
43144,9243289
43145,9243289
43146,9243289
43148,9243289
43149,9243289
43150,9243289
286751,9280213
286752,9280213
286753,9280213
286754,9280213
286757,9280213
286758,9280213
286759,9280213
286760,9280213
286761,9280213
286762,9280213
286763,9280213
286764,9280213
286765,9280213
286767,9280213
286768,9280213
286770,9280213
286771,9280213
286772,9280213
286773,9280213
286774,9280213
286775,9280213
286776,9280213
286777,9280213
286778,9280213
286779,9280213
286780,9280213
286781,9280213
286783,9280213
286784,9280213
286785,9280213
286786,9280213
286788,9280213
286789,9280213
286791,9280213
286792,9280213
286793,9280213
286795,9280213
286796,9280213
286797,9280213
286798,9280213
385101,9360714
385102,9360714
385103,9360714
385105,9360714
385106,9360714
385108,9360714
385109,9360714
385110,9360714
385113,9360714
385114,9360714
385115,9360714
385116,9360714
385117,9360714
385118,9360714
385119,9360714
385120,9360714
385122,9360714
385123,9360714
385125,9360714
385126,9360714
385127,9360714
385128,9360714
385129,9360714
385130,9360714
385131,9360714
385132,9360714
385133,9360714
385134,9360714
385136,9360714
385137,9360714
385138,9360714
385140,9360714
385141,9360714
385142,9360714
385144,9360714
385145,9360714
385147,9360714
385148,9360714
385149,9360714
385150,9360714
264951,9375434
264952,9375434
264957,9375434
264958,9375434
264960,9375434
264961,9375434
264962,9375434
264963,9375434
264964,9375434
264965,9375434
264967,9375434
264968,9375434
264969,9375434
264970,9375434
264971,9375434
264972,9375434
264976,9375434
264978,9375434
264979,9375434
264980,9375434
264981,9375434
264982,9375434
264983,9375434
264984,9375434
264985,9375434
264986,9375434
264987,9375434
264988,9375434
264989,9375434
264990,9375434
264991,9375434
264992,9375434
264993,9375434
264994,9375434
264995,9375434
264996,9375434
264997,9375434
264998,9375434
264999,9375434
265000,9375434
53151,9420344
53154,9420344
53155,9420344
53156,9420344
53157,9420344
53158,9420344
53159,9420344
53160,9420344
53161,9420344
53163,9420344
53164,9420344
53165,9420344
53166,9420344
53167,9420344
53168,9420344
53170,9420344
53171,9420344
53172,9420344
53174,9420344
53176,9420344
53178,9420344
53179,9420344
53180,9420344
53181,9420344
53182,9420344
53183,9420344
53184,9420344
53185,9420344
53186,9420344
53187,9420344
53188,9420344
53189,9420344
53190,9420344
53191,9420344
53192,9420344
53193,9420344
53194,9420344
53196,9420344
53197,9420344
53198,9420344
216502,9454096
216503,9454096
216504,9454096
216505,9454096
216506,9454096
216507,9454096
216508,9454096
216511,9454096
216512,9454096
216513,9454096
216514,9454096
216516,9454096
216517,9454096
216519,9454096
216520,9454096
216521,9454096
216522,9454096
216523,9454096
216524,9454096
216525,9454096
216526,9454096
216527,9454096
216528,9454096
216529,9454096
216530,9454096
216531,9454096
216532,9454096
216534,9454096
216535,9454096
216537,9454096
216538,9454096
216541,9454096
216543,9454096
216544,9454096
216545,9454096
216546,9454096
216547,9454096
216548,9454096
216549,9454096
216550,9454096
230501,9501954
230502,9501954
230503,9501954
230504,9501954
230505,9501954
230506,9501954
230507,9501954
230509,9501954
230511,9501954
230512,9501954
230514,9501954
230515,9501954
230516,9501954
230517,9501954
230518,9501954
230520,9501954
230522,9501954
230523,9501954
230524,9501954
230525,9501954
230526,9501954
230527,9501954
230528,9501954
230529,9501954
230531,9501954
230532,9501954
230533,9501954
230534,9501954
230535,9501954
230537,9501954
230538,9501954
230539,9501954
230540,9501954
230541,9501954
230543,9501954
230545,9501954
230546,9501954
230547,9501954
230549,9501954
230550,9501954
382851,9653197
382852,9653197
382853,9653197
382854,9653197
382855,9653197
382856,9653197
382857,9653197
382859,9653197
382861,9653197
382862,9653197
382863,9653197
382864,9653197
382865,9653197
382866,9653197
382868,9653197
382869,9653197
382870,9653197
382871,9653197
382872,9653197
382874,9653197
382876,9653197
382877,9653197
382878,9653197
382879,9653197
382880,9653197
382881,9653197
382883,9653197
382884,9653197
382885,9653197
382886,9653197
382887,9653197
382889,9653197
382890,9653197
382891,9653197
382893,9653197
382896,9653197
382897,9653197
382898,9653197
382899,9653197
382900,9653197
