305002,7528130
305005,7528130
305006,7528130
305007,7528130
305008,7528130
305010,7528130
305011,7528130
305012,7528130
305013,7528130
305014,7528130
305015,7528130
305017,7528130
305018,7528130
305019,7528130
305020,7528130
305021,7528130
305022,7528130
305024,7528130
305026,7528130
305027,7528130
305028,7528130
305029,7528130
305030,7528130
305031,7528130
305032,7528130
305033,7528130
305034,7528130
305035,7528130
305037,7528130
305038,7528130
305039,7528130
305040,7528130
305041,7528130
305042,7528130
305043,7528130
305044,7528130
305045,7528130
305047,7528130
305048,7528130
305050,7528130
174204,7734167
174205,7734167
174206,7734167
174207,7734167
174209,7734167
174211,7734167
174212,7734167
174213,7734167
174214,7734167
174215,7734167
174217,7734167
174218,7734167
174219,7734167
174220,7734167
174221,7734167
174222,7734167
174224,7734167
174225,7734167
174227,7734167
174228,7734167
174229,7734167
174231,7734167
174232,7734167
174233,7734167
174234,7734167
174235,7734167
174236,7734167
174237,7734167
174238,7734167
174239,7734167
174240,7734167
174241,7734167
174242,7734167
174243,7734167
174244,7734167
174245,7734167
174246,7734167
174248,7734167
174249,7734167
174250,7734167
205851,7908445
205852,7908445
205853,7908445
205854,7908445
205855,7908445
205856,7908445
205858,7908445
205859,7908445
205860,7908445
205862,7908445
205863,7908445
205864,7908445
205866,7908445
205867,7908445
205868,7908445
205869,7908445
205870,7908445
205871,7908445
205875,7908445
205876,7908445
205877,7908445
205878,7908445
205879,7908445
205880,7908445
205882,7908445
205883,7908445
205884,7908445
205885,7908445
205886,7908445
205887,7908445
205888,7908445
205889,7908445
205890,7908445
205892,7908445
205893,7908445
205895,7908445
205896,7908445
205897,7908445
205898,7908445
205899,7908445
276451,7917410
276452,7917410
276453,7917410
276455,7917410
276456,7917410
276457,7917410
276458,7917410
276460,7917410
276461,7917410
276462,7917410
276463,7917410
276465,7917410
276466,7917410
276467,7917410
276468,7917410
276469,7917410
276470,7917410
276471,7917410
276473,7917410
276474,7917410
276475,7917410
276477,7917410
276478,7917410
276479,7917410
276480,7917410
276481,7917410
276482,7917410
276484,7917410
276485,7917410
276486,7917410
276489,7917410
276490,7917410
276493,7917410
276494,7917410
276495,7917410
276496,7917410
276497,7917410
276498,7917410
276499,7917410
276500,7917410
182901,8110887
182903,8110887
182904,8110887
182908,8110887
182909,8110887
182910,8110887
182911,8110887
182912,8110887
182913,8110887
182914,8110887
182915,8110887
182916,8110887
182917,8110887
182918,8110887
182919,8110887
182920,8110887
182921,8110887
182923,8110887
182924,8110887
182925,8110887
182926,8110887
182927,8110887
182928,8110887
182931,8110887
182932,8110887
182933,8110887
182934,8110887
182936,8110887
182937,8110887
182938,8110887
182940,8110887
182942,8110887
182943,8110887
182944,8110887
182945,8110887
182946,8110887
182947,8110887
182948,8110887
182949,8110887
182950,8110887
154551,8500599
154552,8500599
154554,8500599
154555,8500599
154556,8500599
154557,8500599
154558,8500599
154559,8500599
154560,8500599
154561,8500599
154563,8500599
154564,8500599
154565,8500599
154566,8500599
154567,8500599
154568,8500599
154569,8500599
154570,8500599
154571,8500599
154572,8500599
154573,8500599
154574,8500599
154575,8500599
154576,8500599
154577,8500599
154578,8500599
154579,8500599
154581,8500599
154582,8500599
154583,8500599
154584,8500599
154585,8500599
154586,8500599
154587,8500599
154588,8500599
154592,8500599
154596,8500599
154597,8500599
154599,8500599
154600,8500599
352901,8806905
352902,8806905
352903,8806905
352904,8806905
352905,8806905
352906,8806905
352907,8806905
352908,8806905
352909,8806905
352911,8806905
352912,8806905
352913,8806905
352914,8806905
352915,8806905
352916,8806905
352917,8806905
352918,8806905
352919,8806905
352920,8806905
352921,8806905
352922,8806905
352924,8806905
352925,8806905
352926,8806905
352930,8806905
352933,8806905
352934,8806905
352936,8806905
352938,8806905
352939,8806905
352941,8806905
352942,8806905
352943,8806905
352944,8806905
352945,8806905
352946,8806905
352947,8806905
352948,8806905
352949,8806905
352950,8806905
108201,8912326
108203,8912326
108204,8912326
108205,8912326
108207,8912326
108208,8912326
108210,8912326
108211,8912326
108212,8912326
108213,8912326
108215,8912326
108216,8912326
108217,8912326
108218,8912326
108219,8912326
108220,8912326
108221,8912326
108222,8912326
108224,8912326
108225,8912326
108226,8912326
108227,8912326
108229,8912326
108231,8912326
108233,8912326
108234,8912326
108235,8912326
108236,8912326
108237,8912326
108239,8912326
108240,8912326
108241,8912326
108242,8912326
108243,8912326
108244,8912326
108245,8912326
108246,8912326
108247,8912326
108248,8912326
108249,8912326
103601,9139309
103602,9139309
103603,9139309
103604,9139309
103605,9139309
103606,9139309
103607,9139309
103608,9139309
103609,9139309
103610,9139309
103611,9139309
103613,9139309
103614,9139309
103615,9139309
103617,9139309
103618,9139309
103619,9139309
103620,9139309
103621,9139309
103622,9139309
103623,9139309
103624,9139309
103625,9139309
103626,9139309
103627,9139309
103628,9139309
103632,9139309
103633,9139309
103634,9139309
103635,9139309
103636,9139309
103637,9139309
103638,9139309
103639,9139309
103641,9139309
103645,9139309
103646,9139309
103648,9139309
103649,9139309
103650,9139309
176951,9153654
176953,9153654
176957,9153654
176958,9153654
176959,9153654
176960,9153654
176961,9153654
176962,9153654
176963,9153654
176964,9153654
176966,9153654
176968,9153654
176969,9153654
176970,9153654
176971,9153654
176972,9153654
176973,9153654
176974,9153654
176975,9153654
176976,9153654
176977,9153654
176978,9153654
176979,9153654
176981,9153654
176982,9153654
176983,9153654
176984,9153654
176985,9153654
176986,9153654
176987,9153654
176988,9153654
176990,9153654
176991,9153654
176993,9153654
176995,9153654
176996,9153654
176997,9153654
176998,9153654
176999,9153654
177000,9153654
374501,9452787
374502,9452787
374504,9452787
374505,9452787
374507,9452787
374508,9452787
374509,9452787
374510,9452787
374512,9452787
374513,9452787
374516,9452787
374517,9452787
374518,9452787
374519,9452787
374520,9452787
374521,9452787
374522,9452787
374523,9452787
374524,9452787
374525,9452787
374526,9452787
374527,9452787
374528,9452787
374529,9452787
374530,9452787
374531,9452787
374532,9452787
374534,9452787
374535,9452787
374536,9452787
374539,9452787
374541,9452787
374542,9452787
374543,9452787
374544,9452787
374546,9452787
374547,9452787
374548,9452787
374549,9452787
374550,9452787
216301,9551947
216302,9551947
216303,9551947
216305,9551947
216306,9551947
216307,9551947
216308,9551947
216309,9551947
216311,9551947
216312,9551947
216313,9551947
216315,9551947
216316,9551947
216317,9551947
216318,9551947
216319,9551947
216320,9551947
216321,9551947
216323,9551947
216324,9551947
216325,9551947
216326,9551947
216327,9551947
216329,9551947
216330,9551947
216331,9551947
216332,9551947
216333,9551947
216334,9551947
216335,9551947
216336,9551947
216337,9551947
216339,9551947
216340,9551947
216341,9551947
216342,9551947
216343,9551947
216347,9551947
216348,9551947
216349,9551947
113101,9622502
113102,9622502
113103,9622502
113106,9622502
113107,9622502
113110,9622502
113111,9622502
113113,9622502
113114,9622502
113115,9622502
113116,9622502
113117,9622502
113118,9622502
113119,9622502
113120,9622502
113122,9622502
113124,9622502
113125,9622502
113126,9622502
113127,9622502
113128,9622502
113129,9622502
113130,9622502
113131,9622502
113132,9622502
113133,9622502
113134,9622502
113135,9622502
113136,9622502
113137,9622502
113138,9622502
113139,9622502
113140,9622502
113142,9622502
113143,9622502
113144,9622502
113145,9622502
113146,9622502
113147,9622502
113150,9622502
