305001,7528130
305002,7528130
305003,7528130
305004,7528130
305005,7528130
305006,7528130
305008,7528130
305009,7528130
305011,7528130
305012,7528130
305014,7528130
305015,7528130
305016,7528130
305017,7528130
305018,7528130
305019,7528130
305020,7528130
305021,7528130
305022,7528130
305023,7528130
305024,7528130
305025,7528130
305027,7528130
305028,7528130
305029,7528130
305030,7528130
305031,7528130
305035,7528130
305036,7528130
305038,7528130
305039,7528130
305040,7528130
305041,7528130
305042,7528130
305043,7528130
305044,7528130
305045,7528130
305046,7528130
305048,7528130
305049,7528130
174201,7734167
174202,7734167
174203,7734167
174205,7734167
174206,7734167
174207,7734167
174208,7734167
174209,7734167
174210,7734167
174212,7734167
174213,7734167
174214,7734167
174215,7734167
174216,7734167
174217,7734167
174218,7734167
174219,7734167
174222,7734167
174223,7734167
174224,7734167
174225,7734167
174226,7734167
174228,7734167
174230,7734167
174231,7734167
174233,7734167
174234,7734167
174235,7734167
174236,7734167
174237,7734167
174238,7734167
174239,7734167
174240,7734167
174241,7734167
174242,7734167
174243,7734167
174244,7734167
174245,7734167
174247,7734167
174248,7734167
205852,7908445
205853,7908445
205854,7908445
205855,7908445
205856,7908445
205857,7908445
205858,7908445
205859,7908445
205860,7908445
205861,7908445
205862,7908445
205863,7908445
205865,7908445
205867,7908445
205868,7908445
205869,7908445
205871,7908445
205872,7908445
205873,7908445
205874,7908445
205875,7908445
205876,7908445
205879,7908445
205880,7908445
205881,7908445
205882,7908445
205883,7908445
205884,7908445
205886,7908445
205887,7908445
205889,7908445
205890,7908445
205891,7908445
205892,7908445
205893,7908445
205894,7908445
205895,7908445
205896,7908445
205899,7908445
205900,7908445
276452,7917410
276453,7917410
276454,7917410
276455,7917410
276456,7917410
276457,7917410
276458,7917410
276459,7917410
276460,7917410
276461,7917410
276462,7917410
276463,7917410
276464,7917410
276466,7917410
276467,7917410
276468,7917410
276469,7917410
276471,7917410
276472,7917410
276473,7917410
276474,7917410
276476,7917410
276478,7917410
276480,7917410
276481,7917410
276483,7917410
276485,7917410
276486,7917410
276487,7917410
276488,7917410
276490,7917410
276491,7917410
276492,7917410
276493,7917410
276494,7917410
276496,7917410
276497,7917410
276498,7917410
276499,7917410
276500,7917410
182901,8110887
182902,8110887
182903,8110887
182905,8110887
182906,8110887
182907,8110887
182909,8110887
182910,8110887
182911,8110887
182912,8110887
182913,8110887
182915,8110887
182917,8110887
182918,8110887
182919,8110887
182921,8110887
182922,8110887
182923,8110887
182925,8110887
182927,8110887
182928,8110887
182929,8110887
182930,8110887
182931,8110887
182932,8110887
182933,8110887
182934,8110887
182935,8110887
182936,8110887
182938,8110887
182939,8110887
182940,8110887
182941,8110887
182942,8110887
182943,8110887
182944,8110887
182945,8110887
182946,8110887
182947,8110887
182948,8110887
154551,8500599
154552,8500599
154553,8500599
154554,8500599
154555,8500599
154556,8500599
154557,8500599
154558,8500599
154559,8500599
154560,8500599
154562,8500599
154563,8500599
154566,8500599
154567,8500599
154568,8500599
154569,8500599
154570,8500599
154571,8500599
154572,8500599
154573,8500599
154574,8500599
154576,8500599
154577,8500599
154579,8500599
154580,8500599
154581,8500599
154582,8500599
154583,8500599
154585,8500599
154586,8500599
154588,8500599
154589,8500599
154590,8500599
154591,8500599
154593,8500599
154594,8500599
154595,8500599
154596,8500599
154598,8500599
154599,8500599
352902,8806905
352903,8806905
352905,8806905
352906,8806905
352907,8806905
352910,8806905
352913,8806905
352914,8806905
352915,8806905
352916,8806905
352918,8806905
352920,8806905
352921,8806905
352922,8806905
352923,8806905
352924,8806905
352925,8806905
352926,8806905
352927,8806905
352928,8806905
352929,8806905
352930,8806905
352931,8806905
352932,8806905
352933,8806905
352934,8806905
352935,8806905
352937,8806905
352939,8806905
352940,8806905
352941,8806905
352942,8806905
352943,8806905
352944,8806905
352945,8806905
352946,8806905
352947,8806905
352948,8806905
352949,8806905
352950,8806905
108202,8912326
108204,8912326
108205,8912326
108206,8912326
108209,8912326
108210,8912326
108212,8912326
108213,8912326
108214,8912326
108215,8912326
108216,8912326
108217,8912326
108219,8912326
108220,8912326
108221,8912326
108222,8912326
108223,8912326
108224,8912326
108226,8912326
108227,8912326
108228,8912326
108229,8912326
108230,8912326
108231,8912326
108232,8912326
108233,8912326
108234,8912326
108236,8912326
108238,8912326
108239,8912326
108240,8912326
108241,8912326
108242,8912326
108244,8912326
108245,8912326
108246,8912326
108247,8912326
108248,8912326
108249,8912326
108250,8912326
103601,9139309
103603,9139309
103604,9139309
103605,9139309
103606,9139309
103607,9139309
103608,9139309
103609,9139309
103610,9139309
103612,9139309
103613,9139309
103615,9139309
103616,9139309
103617,9139309
103618,9139309
103619,9139309
103623,9139309
103624,9139309
103625,9139309
103626,9139309
103627,9139309
103628,9139309
103629,9139309
103630,9139309
103631,9139309
103632,9139309
103633,9139309
103637,9139309
103638,9139309
103639,9139309
103640,9139309
103641,9139309
103642,9139309
103643,9139309
103644,9139309
103645,9139309
103646,9139309
103647,9139309
103648,9139309
103649,9139309
176952,9153654
176954,9153654
176955,9153654
176956,9153654
176957,9153654
176958,9153654
176960,9153654
176961,9153654
176962,9153654
176963,9153654
176965,9153654
176967,9153654
176968,9153654
176969,9153654
176970,9153654
176971,9153654
176972,9153654
176973,9153654
176974,9153654
176976,9153654
176978,9153654
176979,9153654
176980,9153654
176981,9153654
176982,9153654
176983,9153654
176984,9153654
176985,9153654
176986,9153654
176988,9153654
176989,9153654
176990,9153654
176991,9153654
176992,9153654
176993,9153654
176994,9153654
176995,9153654
176996,9153654
176997,9153654
176998,9153654
374501,9452787
374502,9452787
374503,9452787
374506,9452787
374507,9452787
374508,9452787
374509,9452787
374511,9452787
374512,9452787
374513,9452787
374514,9452787
374515,9452787
374517,9452787
374518,9452787
374519,9452787
374520,9452787
374521,9452787
374522,9452787
374523,9452787
374524,9452787
374525,9452787
374526,9452787
374527,9452787
374529,9452787
374530,9452787
374532,9452787
374533,9452787
374534,9452787
374535,9452787
374536,9452787
374537,9452787
374538,9452787
374540,9452787
374541,9452787
374542,9452787
374543,9452787
374544,9452787
374545,9452787
374546,9452787
374547,9452787
216301,9551947
216303,9551947
216304,9551947
216305,9551947
216307,9551947
216308,9551947
216309,9551947
216310,9551947
216311,9551947
216313,9551947
216314,9551947
216316,9551947
216317,9551947
216318,9551947
216319,9551947
216321,9551947
216322,9551947
216323,9551947
216324,9551947
216325,9551947
216326,9551947
216327,9551947
216328,9551947
216329,9551947
216330,9551947
216331,9551947
216334,9551947
216336,9551947
216337,9551947
216338,9551947
216339,9551947
216341,9551947
216342,9551947
216343,9551947
216344,9551947
216345,9551947
216346,9551947
216347,9551947
216348,9551947
216350,9551947
113101,9622502
113103,9622502
113104,9622502
113105,9622502
113107,9622502
113108,9622502
113109,9622502
113110,9622502
113112,9622502
113113,9622502
113114,9622502
113116,9622502
113117,9622502
113118,9622502
113120,9622502
113121,9622502
113122,9622502
113123,9622502
113124,9622502
113125,9622502
113126,9622502
113128,9622502
113129,9622502
113130,9622502
113131,9622502
113132,9622502
113133,9622502
113134,9622502
113136,9622502
113137,9622502
113138,9622502
113139,9622502
113140,9622502
113141,9622502
113143,9622502
113145,9622502
113146,9622502
113148,9622502
113149,9622502
113150,9622502
