215951,7412020
215955,7412020
215956,7412020
215957,7412020
215960,7412020
215961,7412020
215962,7412020
215963,7412020
215964,7412020
215965,7412020
215966,7412020
215967,7412020
215968,7412020
215969,7412020
215971,7412020
215972,7412020
215973,7412020
215974,7412020
215975,7412020
215977,7412020
215978,7412020
215979,7412020
215981,7412020
215982,7412020
215983,7412020
215984,7412020
215985,7412020
215986,7412020
215988,7412020
215989,7412020
215990,7412020
215991,7412020
215992,7412020
215993,7412020
215994,7412020
215995,7412020
215996,7412020
215997,7412020
215998,7412020
216000,7412020
263501,7415137
263502,7415137
263503,7415137
263504,7415137
263505,7415137
263506,7415137
263508,7415137
263509,7415137
263510,7415137
263511,7415137
263512,7415137
263513,7415137
263514,7415137
263515,7415137
263516,7415137
263517,7415137
263519,7415137
263520,7415137
263521,7415137
263523,7415137
263524,7415137
263526,7415137
263527,7415137
263528,7415137
263529,7415137
263530,7415137
263531,7415137
263532,7415137
263534,7415137
263535,7415137
263536,7415137
263537,7415137
263539,7415137
263541,7415137
263542,7415137
263543,7415137
263544,7415137
263545,7415137
263546,7415137
263550,7415137
144751,8516952
144752,8516952
144754,8516952
144755,8516952
144756,8516952
144757,8516952
144758,8516952
144759,8516952
144760,8516952
144761,8516952
144762,8516952
144763,8516952
144766,8516952
144767,8516952
144768,8516952
144769,8516952
144770,8516952
144771,8516952
144773,8516952
144774,8516952
144775,8516952
144776,8516952
144777,8516952
144778,8516952
144781,8516952
144782,8516952
144784,8516952
144786,8516952
144787,8516952
144788,8516952
144790,8516952
144791,8516952
144792,8516952
144793,8516952
144794,8516952
144795,8516952
144796,8516952
144798,8516952
144799,8516952
144800,8516952
105952,8516964
105953,8516964
105954,8516964
105955,8516964
105956,8516964
105958,8516964
105959,8516964
105960,8516964
105962,8516964
105963,8516964
105965,8516964
105966,8516964
105968,8516964
105969,8516964
105970,8516964
105972,8516964
105973,8516964
105974,8516964
105975,8516964
105977,8516964
105978,8516964
105979,8516964
105981,8516964
105982,8516964
105983,8516964
105984,8516964
105985,8516964
105986,8516964
105987,8516964
105988,8516964
105991,8516964
105992,8516964
105993,8516964
105994,8516964
105995,8516964
105996,8516964
105997,8516964
105998,8516964
105999,8516964
106000,8516964
15451,8516988
15452,8516988
15455,8516988
15456,8516988
15457,8516988
15458,8516988
15459,8516988
15460,8516988
15461,8516988
15462,8516988
15463,8516988
15464,8516988
15467,8516988
15468,8516988
15472,8516988
15473,8516988
15474,8516988
15475,8516988
15476,8516988
15477,8516988
15478,8516988
15479,8516988
15480,8516988
15481,8516988
15482,8516988
15483,8516988
15484,8516988
15485,8516988
15486,8516988
15488,8516988
15489,8516988
15490,8516988
15492,8516988
15493,8516988
15495,8516988
15496,8516988
15497,8516988
15498,8516988
15499,8516988
15500,8516988
147551,9043615
147552,9043615
147553,9043615
147554,9043615
147555,9043615
147556,9043615
147557,9043615
147558,9043615
147559,9043615
147561,9043615
147563,9043615
147564,9043615
147565,9043615
147566,9043615
147568,9043615
147569,9043615
147570,9043615
147571,9043615
147573,9043615
147574,9043615
147575,9043615
147576,9043615
147577,9043615
147578,9043615
147580,9043615
147581,9043615
147582,9043615
147583,9043615
147585,9043615
147586,9043615
147588,9043615
147590,9043615
147591,9043615
147594,9043615
147595,9043615
147596,9043615
147597,9043615
147598,9043615
147599,9043615
147600,9043615
47901,9056985
47902,9056985
47905,9056985
47906,9056985
47909,9056985
47910,9056985
47911,9056985
47912,9056985
47914,9056985
47915,9056985
47916,9056985
47917,9056985
47920,9056985
47921,9056985
47922,9056985
47923,9056985
47924,9056985
47925,9056985
47926,9056985
47927,9056985
47929,9056985
47930,9056985
47933,9056985
47934,9056985
47935,9056985
47936,9056985
47937,9056985
47938,9056985
47939,9056985
47940,9056985
47941,9056985
47942,9056985
47943,9056985
47944,9056985
47945,9056985
47946,9056985
47947,9056985
47948,9056985
47949,9056985
47950,9056985
186301,9178410
186304,9178410
186305,9178410
186306,9178410
186308,9178410
186309,9178410
186311,9178410
186312,9178410
186315,9178410
186316,9178410
186317,9178410
186318,9178410
186320,9178410
186321,9178410
186322,9178410
186323,9178410
186324,9178410
186325,9178410
186326,9178410
186327,9178410
186328,9178410
186329,9178410
186330,9178410
186331,9178410
186332,9178410
186333,9178410
186334,9178410
186335,9178410
186337,9178410
186338,9178410
186339,9178410
186341,9178410
186342,9178410
186343,9178410
186345,9178410
186346,9178410
186347,9178410
186348,9178410
186349,9178410
186350,9178410
227551,9179751
227553,9179751
227554,9179751
227555,9179751
227557,9179751
227558,9179751
227559,9179751
227560,9179751
227561,9179751
227562,9179751
227563,9179751
227565,9179751
227566,9179751
227567,9179751
227568,9179751
227569,9179751
227570,9179751
227572,9179751
227573,9179751
227574,9179751
227575,9179751
227576,9179751
227577,9179751
227578,9179751
227579,9179751
227580,9179751
227581,9179751
227582,9179751
227583,9179751
227584,9179751
227585,9179751
227586,9179751
227587,9179751
227592,9179751
227593,9179751
227594,9179751
227596,9179751
227598,9179751
227599,9179751
227600,9179751
249151,9203203
249153,9203203
249154,9203203
249155,9203203
249156,9203203
249157,9203203
249158,9203203
249162,9203203
249163,9203203
249164,9203203
249165,9203203
249166,9203203
249167,9203203
249168,9203203
249169,9203203
249172,9203203
249173,9203203
249174,9203203
249175,9203203
249177,9203203
249179,9203203
249181,9203203
249182,9203203
249183,9203203
249184,9203203
249185,9203203
249187,9203203
249188,9203203
249189,9203203
249190,9203203
249191,9203203
249192,9203203
249193,9203203
249194,9203203
249195,9203203
249196,9203203
249197,9203203
249198,9203203
249199,9203203
249200,9203203
374752,9418042
374753,9418042
374754,9418042
374755,9418042
374756,9418042
374757,9418042
374758,9418042
374759,9418042
374761,9418042
374762,9418042
374763,9418042
374764,9418042
374765,9418042
374766,9418042
374769,9418042
374770,9418042
374771,9418042
374773,9418042
374774,9418042
374776,9418042
374777,9418042
374778,9418042
374779,9418042
374780,9418042
374781,9418042
374782,9418042
374783,9418042
374784,9418042
374786,9418042
374787,9418042
374788,9418042
374790,9418042
374791,9418042
374792,9418042
374793,9418042
374794,9418042
374795,9418042
374797,9418042
374798,9418042
374800,9418042
