215951,7412020
215952,7412020
215953,7412020
215954,7412020
215956,7412020
215957,7412020
215958,7412020
215959,7412020
215960,7412020
215962,7412020
215963,7412020
215964,7412020
215965,7412020
215966,7412020
215967,7412020
215968,7412020
215969,7412020
215970,7412020
215971,7412020
215972,7412020
215973,7412020
215974,7412020
215975,7412020
215976,7412020
215980,7412020
215981,7412020
215983,7412020
215984,7412020
215985,7412020
215986,7412020
215987,7412020
215988,7412020
215990,7412020
215991,7412020
215992,7412020
215994,7412020
215995,7412020
215996,7412020
215998,7412020
215999,7412020
263502,7415137
263503,7415137
263504,7415137
263505,7415137
263506,7415137
263507,7415137
263508,7415137
263509,7415137
263510,7415137
263511,7415137
263512,7415137
263516,7415137
263517,7415137
263518,7415137
263519,7415137
263520,7415137
263521,7415137
263522,7415137
263524,7415137
263525,7415137
263526,7415137
263527,7415137
263528,7415137
263529,7415137
263530,7415137
263532,7415137
263533,7415137
263534,7415137
263536,7415137
263537,7415137
263538,7415137
263539,7415137
263540,7415137
263541,7415137
263542,7415137
263543,7415137
263547,7415137
263548,7415137
263549,7415137
263550,7415137
144751,8516952
144752,8516952
144753,8516952
144754,8516952
144755,8516952
144758,8516952
144759,8516952
144760,8516952
144761,8516952
144762,8516952
144763,8516952
144764,8516952
144765,8516952
144766,8516952
144768,8516952
144771,8516952
144772,8516952
144773,8516952
144774,8516952
144775,8516952
144776,8516952
144777,8516952
144778,8516952
144779,8516952
144780,8516952
144782,8516952
144783,8516952
144785,8516952
144787,8516952
144788,8516952
144789,8516952
144791,8516952
144792,8516952
144793,8516952
144794,8516952
144795,8516952
144797,8516952
144798,8516952
144799,8516952
144800,8516952
105951,8516964
105953,8516964
105954,8516964
105955,8516964
105956,8516964
105957,8516964
105959,8516964
105960,8516964
105961,8516964
105962,8516964
105963,8516964
105964,8516964
105965,8516964
105966,8516964
105967,8516964
105968,8516964
105969,8516964
105970,8516964
105971,8516964
105972,8516964
105973,8516964
105975,8516964
105976,8516964
105977,8516964
105978,8516964
105980,8516964
105981,8516964
105982,8516964
105985,8516964
105986,8516964
105989,8516964
105990,8516964
105991,8516964
105992,8516964
105994,8516964
105996,8516964
105997,8516964
105998,8516964
105999,8516964
106000,8516964
15451,8516988
15452,8516988
15453,8516988
15454,8516988
15455,8516988
15456,8516988
15458,8516988
15459,8516988
15460,8516988
15462,8516988
15463,8516988
15464,8516988
15465,8516988
15466,8516988
15468,8516988
15469,8516988
15470,8516988
15471,8516988
15472,8516988
15473,8516988
15474,8516988
15475,8516988
15476,8516988
15478,8516988
15479,8516988
15482,8516988
15483,8516988
15484,8516988
15485,8516988
15486,8516988
15487,8516988
15488,8516988
15490,8516988
15491,8516988
15492,8516988
15494,8516988
15495,8516988
15496,8516988
15497,8516988
15500,8516988
147551,9043615
147555,9043615
147556,9043615
147557,9043615
147558,9043615
147560,9043615
147561,9043615
147562,9043615
147563,9043615
147564,9043615
147565,9043615
147567,9043615
147568,9043615
147569,9043615
147570,9043615
147572,9043615
147574,9043615
147575,9043615
147576,9043615
147577,9043615
147578,9043615
147579,9043615
147580,9043615
147582,9043615
147583,9043615
147584,9043615
147585,9043615
147586,9043615
147587,9043615
147589,9043615
147590,9043615
147591,9043615
147592,9043615
147593,9043615
147594,9043615
147595,9043615
147596,9043615
147597,9043615
147598,9043615
147599,9043615
47901,9056985
47902,9056985
47903,9056985
47904,9056985
47905,9056985
47907,9056985
47908,9056985
47910,9056985
47911,9056985
47912,9056985
47913,9056985
47914,9056985
47916,9056985
47917,9056985
47918,9056985
47919,9056985
47921,9056985
47922,9056985
47924,9056985
47925,9056985
47926,9056985
47927,9056985
47928,9056985
47929,9056985
47930,9056985
47931,9056985
47932,9056985
47933,9056985
47935,9056985
47936,9056985
47937,9056985
47938,9056985
47939,9056985
47942,9056985
47943,9056985
47944,9056985
47946,9056985
47947,9056985
47948,9056985
47949,9056985
186301,9178410
186302,9178410
186303,9178410
186304,9178410
186305,9178410
186307,9178410
186308,9178410
186309,9178410
186310,9178410
186311,9178410
186312,9178410
186313,9178410
186314,9178410
186315,9178410
186316,9178410
186317,9178410
186318,9178410
186319,9178410
186320,9178410
186322,9178410
186323,9178410
186324,9178410
186325,9178410
186326,9178410
186327,9178410
186329,9178410
186331,9178410
186333,9178410
186334,9178410
186335,9178410
186336,9178410
186337,9178410
186338,9178410
186339,9178410
186340,9178410
186342,9178410
186343,9178410
186344,9178410
186346,9178410
186348,9178410
227551,9179751
227552,9179751
227553,9179751
227554,9179751
227555,9179751
227556,9179751
227558,9179751
227559,9179751
227561,9179751
227562,9179751
227564,9179751
227565,9179751
227566,9179751
227569,9179751
227570,9179751
227571,9179751
227572,9179751
227573,9179751
227574,9179751
227576,9179751
227577,9179751
227578,9179751
227579,9179751
227580,9179751
227581,9179751
227584,9179751
227585,9179751
227586,9179751
227588,9179751
227589,9179751
227590,9179751
227591,9179751
227592,9179751
227593,9179751
227594,9179751
227595,9179751
227596,9179751
227597,9179751
227599,9179751
227600,9179751
249151,9203203
249152,9203203
249153,9203203
249155,9203203
249157,9203203
249158,9203203
249159,9203203
249160,9203203
249161,9203203
249162,9203203
249163,9203203
249165,9203203
249166,9203203
249167,9203203
249170,9203203
249171,9203203
249173,9203203
249175,9203203
249176,9203203
249177,9203203
249178,9203203
249179,9203203
249180,9203203
249181,9203203
249183,9203203
249184,9203203
249186,9203203
249187,9203203
249188,9203203
249189,9203203
249190,9203203
249192,9203203
249193,9203203
249194,9203203
249195,9203203
249196,9203203
249197,9203203
249198,9203203
249199,9203203
249200,9203203
374751,9418042
374752,9418042
374753,9418042
374754,9418042
374755,9418042
374756,9418042
374758,9418042
374759,9418042
374760,9418042
374761,9418042
374762,9418042
374763,9418042
374766,9418042
374767,9418042
374768,9418042
374769,9418042
374770,9418042
374771,9418042
374772,9418042
374773,9418042
374774,9418042
374775,9418042
374776,9418042
374778,9418042
374779,9418042
374782,9418042
374783,9418042
374785,9418042
374786,9418042
374787,9418042
374789,9418042
374791,9418042
374792,9418042
374793,9418042
374795,9418042
374796,9418042
374797,9418042
374798,9418042
374799,9418042
374800,9418042
