55951,9007087
55952,9007087
55953,9007087
55954,9007087
55955,9007087
55956,9007087
55957,9007087
55958,9007087
55959,9007087
55960,9007087
55961,9007087
55962,9007087
55964,9007087
55965,9007087
55966,9007087
55968,9007087
55972,9007087
55974,9007087
55975,9007087
55977,9007087
55978,9007087
55979,9007087
55981,9007087
55982,9007087
55983,9007087
55984,9007087
55985,9007087
55986,9007087
55987,9007087
55988,9007087
55989,9007087
55990,9007087
55991,9007087
55992,9007087
55993,9007087
55994,9007087
55995,9007087
55996,9007087
55997,9007087
56000,9007087
58501,9015010
58503,9015010
58504,9015010
58505,9015010
58506,9015010
58507,9015010
58508,9015010
58509,9015010
58510,9015010
58511,9015010
58512,9015010
58513,9015010
58514,9015010
58516,9015010
58517,9015010
58520,9015010
58521,9015010
58522,9015010
58525,9015010
58526,9015010
58527,9015010
58528,9015010
58529,9015010
58530,9015010
58531,9015010
58532,9015010
58533,9015010
58535,9015010
58536,9015010
58537,9015010
58539,9015010
58540,9015010
58541,9015010
58542,9015010
58543,9015010
58544,9015010
58545,9015010
58546,9015010
58547,9015010
58550,9015010
165151,9053816
165152,9053816
165153,9053816
165154,9053816
165156,9053816
165157,9053816
165160,9053816
165161,9053816
165162,9053816
165163,9053816
165164,9053816
165165,9053816
165166,9053816
165167,9053816
165169,9053816
165172,9053816
165173,9053816
165175,9053816
165176,9053816
165177,9053816
165178,9053816
165179,9053816
165180,9053816
165181,9053816
165182,9053816
165183,9053816
165184,9053816
165185,9053816
165186,9053816
165188,9053816
165189,9053816
165191,9053816
165192,9053816
165193,9053816
165194,9053816
165195,9053816
165197,9053816
165198,9053816
165199,9053816
165200,9053816
78352,9129380
78353,9129380
78354,9129380
78355,9129380
78356,9129380
78357,9129380
78358,9129380
78360,9129380
78361,9129380
78362,9129380
78363,9129380
78365,9129380
78366,9129380
78367,9129380
78368,9129380
78369,9129380
78370,9129380
78371,9129380
78372,9129380
78373,9129380
78374,9129380
78375,9129380
78376,9129380
78377,9129380
78378,9129380
78379,9129380
78383,9129380
78384,9129380
78385,9129380
78386,9129380
78387,9129380
78391,9129380
78392,9129380
78393,9129380
78394,9129380
78396,9129380
78397,9129380
78398,9129380
78399,9129380
78400,9129380
83301,9129392
83302,9129392
83303,9129392
83304,9129392
83305,9129392
83306,9129392
83307,9129392
83308,9129392
83309,9129392
83310,9129392
83311,9129392
83312,9129392
83313,9129392
83314,9129392
83316,9129392
83318,9129392
83319,9129392
83320,9129392
83321,9129392
83322,9129392
83323,9129392
83324,9129392
83325,9129392
83326,9129392
83327,9129392
83328,9129392
83329,9129392
83330,9129392
83332,9129392
83333,9129392
83334,9129392
83335,9129392
83337,9129392
83338,9129392
83341,9129392
83343,9129392
83346,9129392
83347,9129392
83348,9129392
83349,9129392
140701,9130456
140702,9130456
140703,9130456
140704,9130456
140705,9130456
140706,9130456
140707,9130456
140708,9130456
140709,9130456
140711,9130456
140712,9130456
140713,9130456
140715,9130456
140716,9130456
140717,9130456
140718,9130456
140719,9130456
140720,9130456
140721,9130456
140724,9130456
140725,9130456
140726,9130456
140727,9130456
140728,9130456
140729,9130456
140730,9130456
140731,9130456
140732,9130456
140733,9130456
140734,9130456
140735,9130456
140737,9130456
140738,9130456
140740,9130456
140742,9130456
140743,9130456
140745,9130456
140747,9130456
140748,9130456
140749,9130456
195652,9177959
195653,9177959
195654,9177959
195656,9177959
195657,9177959
195659,9177959
195660,9177959
195661,9177959
195662,9177959
195663,9177959
195664,9177959
195665,9177959
195666,9177959
195667,9177959
195668,9177959
195669,9177959
195670,9177959
195671,9177959
195673,9177959
195674,9177959
195675,9177959
195676,9177959
195677,9177959
195680,9177959
195681,9177959
195683,9177959
195684,9177959
195685,9177959
195686,9177959
195687,9177959
195688,9177959
195689,9177959
195690,9177959
195692,9177959
195693,9177959
195694,9177959
195696,9177959
195697,9177959
195698,9177959
195700,9177959
227201,9202039
227202,9202039
227203,9202039
227204,9202039
227205,9202039
227206,9202039
227209,9202039
227210,9202039
227211,9202039
227214,9202039
227215,9202039
227216,9202039
227218,9202039
227219,9202039
227220,9202039
227221,9202039
227223,9202039
227224,9202039
227226,9202039
227227,9202039
227228,9202039
227229,9202039
227230,9202039
227231,9202039
227232,9202039
227234,9202039
227235,9202039
227236,9202039
227237,9202039
227238,9202039
227239,9202039
227240,9202039
227241,9202039
227243,9202039
227244,9202039
227245,9202039
227247,9202039
227248,9202039
227249,9202039
227250,9202039
103101,9215141
103104,9215141
103105,9215141
103106,9215141
103108,9215141
103109,9215141
103110,9215141
103111,9215141
103112,9215141
103114,9215141
103115,9215141
103116,9215141
103117,9215141
103118,9215141
103119,9215141
103120,9215141
103121,9215141
103123,9215141
103124,9215141
103125,9215141
103126,9215141
103127,9215141
103128,9215141
103129,9215141
103130,9215141
103132,9215141
103133,9215141
103135,9215141
103136,9215141
103137,9215141
103139,9215141
103140,9215141
103141,9215141
103142,9215141
103144,9215141
103145,9215141
103146,9215141
103147,9215141
103148,9215141
103150,9215141
358851,9216303
358853,9216303
358854,9216303
358855,9216303
358856,9216303
358857,9216303
358858,9216303
358860,9216303
358862,9216303
358864,9216303
358866,9216303
358867,9216303
358868,9216303
358869,9216303
358870,9216303
358872,9216303
358873,9216303
358874,9216303
358875,9216303
358876,9216303
358877,9216303
358879,9216303
358882,9216303
358883,9216303
358884,9216303
358885,9216303
358886,9216303
358887,9216303
358888,9216303
358889,9216303
358890,9216303
358891,9216303
358892,9216303
358893,9216303
358894,9216303
358895,9216303
358896,9216303
358897,9216303
358899,9216303
358900,9216303
167901,9275335
167902,9275335
167905,9275335
167906,9275335
167907,9275335
167909,9275335
167910,9275335
167911,9275335
167912,9275335
167913,9275335
167914,9275335
167915,9275335
167916,9275335
167917,9275335
167918,9275335
167922,9275335
167923,9275335
167924,9275335
167925,9275335
167926,9275335
167927,9275335
167928,9275335
167929,9275335
167930,9275335
167931,9275335
167932,9275335
167933,9275335
167934,9275335
167935,9275335
167937,9275335
167940,9275335
167941,9275335
167942,9275335
167944,9275335
167945,9275335
167946,9275335
167947,9275335
167948,9275335
167949,9275335
167950,9275335
376401,9276389
376402,9276389
376404,9276389
376405,9276389
376406,9276389
376408,9276389
376409,9276389
376410,9276389
376411,9276389
376413,9276389
376415,9276389
376416,9276389
376417,9276389
376418,9276389
376419,9276389
376420,9276389
376422,9276389
376423,9276389
376424,9276389
376425,9276389
376427,9276389
376428,9276389
376429,9276389
376430,9276389
376431,9276389
376432,9276389
376433,9276389
376434,9276389
376435,9276389
376437,9276389
376438,9276389
376439,9276389
376441,9276389
376443,9276389
376444,9276389
376445,9276389
376446,9276389
376447,9276389
376449,9276389
376450,9276389
323951,9293430
323953,9293430
323954,9293430
323955,9293430
323956,9293430
323957,9293430
323958,9293430
323959,9293430
323960,9293430
323961,9293430
323963,9293430
323964,9293430
323965,9293430
323966,9293430
323967,9293430
323968,9293430
323969,9293430
323970,9293430
323973,9293430
323974,9293430
323975,9293430
323977,9293430
323978,9293430
323979,9293430
323980,9293430
323981,9293430
323982,9293430
323983,9293430
323984,9293430
323987,9293430
323989,9293430
323990,9293430
323991,9293430
323992,9293430
323994,9293430
323995,9293430
323996,9293430
323998,9293430
323999,9293430
324000,9293430
