55951,9007087
55952,9007087
55953,9007087
55956,9007087
55957,9007087
55958,9007087
55959,9007087
55962,9007087
55963,9007087
55964,9007087
55965,9007087
55966,9007087
55967,9007087
55968,9007087
55969,9007087
55970,9007087
55971,9007087
55973,9007087
55974,9007087
55976,9007087
55977,9007087
55978,9007087
55979,9007087
55980,9007087
55981,9007087
55982,9007087
55983,9007087
55984,9007087
55985,9007087
55986,9007087
55987,9007087
55988,9007087
55989,9007087
55990,9007087
55991,9007087
55993,9007087
55996,9007087
55997,9007087
55998,9007087
55999,9007087
58501,9015010
58502,9015010
58503,9015010
58504,9015010
58505,9015010
58506,9015010
58508,9015010
58509,9015010
58510,9015010
58511,9015010
58513,9015010
58515,9015010
58518,9015010
58519,9015010
58520,9015010
58521,9015010
58522,9015010
58523,9015010
58524,9015010
58526,9015010
58527,9015010
58528,9015010
58529,9015010
58532,9015010
58534,9015010
58536,9015010
58537,9015010
58538,9015010
58539,9015010
58540,9015010
58541,9015010
58542,9015010
58543,9015010
58544,9015010
58545,9015010
58546,9015010
58547,9015010
58548,9015010
58549,9015010
58550,9015010
165151,9053816
165152,9053816
165154,9053816
165155,9053816
165156,9053816
165158,9053816
165159,9053816
165160,9053816
165162,9053816
165163,9053816
165164,9053816
165165,9053816
165166,9053816
165167,9053816
165168,9053816
165169,9053816
165170,9053816
165171,9053816
165173,9053816
165174,9053816
165175,9053816
165178,9053816
165179,9053816
165180,9053816
165181,9053816
165182,9053816
165185,9053816
165187,9053816
165188,9053816
165189,9053816
165190,9053816
165191,9053816
165192,9053816
165193,9053816
165194,9053816
165195,9053816
165196,9053816
165197,9053816
165199,9053816
165200,9053816
78351,9129380
78352,9129380
78353,9129380
78354,9129380
78356,9129380
78359,9129380
78360,9129380
78361,9129380
78363,9129380
78364,9129380
78365,9129380
78366,9129380
78367,9129380
78368,9129380
78371,9129380
78373,9129380
78374,9129380
78375,9129380
78376,9129380
78377,9129380
78378,9129380
78379,9129380
78380,9129380
78381,9129380
78382,9129380
78383,9129380
78385,9129380
78386,9129380
78387,9129380
78388,9129380
78389,9129380
78390,9129380
78392,9129380
78393,9129380
78394,9129380
78395,9129380
78397,9129380
78398,9129380
78399,9129380
78400,9129380
83301,9129392
83302,9129392
83305,9129392
83306,9129392
83307,9129392
83308,9129392
83310,9129392
83312,9129392
83313,9129392
83314,9129392
83315,9129392
83317,9129392
83318,9129392
83319,9129392
83320,9129392
83321,9129392
83323,9129392
83325,9129392
83326,9129392
83327,9129392
83328,9129392
83329,9129392
83330,9129392
83331,9129392
83332,9129392
83334,9129392
83335,9129392
83336,9129392
83338,9129392
83339,9129392
83340,9129392
83341,9129392
83342,9129392
83343,9129392
83344,9129392
83345,9129392
83347,9129392
83348,9129392
83349,9129392
83350,9129392
140701,9130456
140702,9130456
140703,9130456
140704,9130456
140705,9130456
140706,9130456
140707,9130456
140708,9130456
140710,9130456
140711,9130456
140714,9130456
140715,9130456
140716,9130456
140718,9130456
140719,9130456
140720,9130456
140722,9130456
140723,9130456
140724,9130456
140725,9130456
140727,9130456
140728,9130456
140729,9130456
140732,9130456
140733,9130456
140734,9130456
140735,9130456
140736,9130456
140737,9130456
140738,9130456
140739,9130456
140741,9130456
140742,9130456
140744,9130456
140745,9130456
140746,9130456
140747,9130456
140748,9130456
140749,9130456
140750,9130456
195651,9177959
195654,9177959
195655,9177959
195656,9177959
195657,9177959
195658,9177959
195659,9177959
195660,9177959
195661,9177959
195662,9177959
195663,9177959
195664,9177959
195665,9177959
195666,9177959
195667,9177959
195668,9177959
195669,9177959
195672,9177959
195673,9177959
195676,9177959
195677,9177959
195678,9177959
195679,9177959
195680,9177959
195682,9177959
195683,9177959
195684,9177959
195686,9177959
195687,9177959
195690,9177959
195691,9177959
195692,9177959
195693,9177959
195694,9177959
195695,9177959
195696,9177959
195697,9177959
195698,9177959
195699,9177959
195700,9177959
227201,9202039
227202,9202039
227206,9202039
227207,9202039
227208,9202039
227209,9202039
227210,9202039
227211,9202039
227212,9202039
227213,9202039
227215,9202039
227216,9202039
227217,9202039
227218,9202039
227220,9202039
227221,9202039
227222,9202039
227223,9202039
227224,9202039
227225,9202039
227226,9202039
227227,9202039
227228,9202039
227229,9202039
227230,9202039
227231,9202039
227233,9202039
227234,9202039
227237,9202039
227238,9202039
227239,9202039
227240,9202039
227241,9202039
227242,9202039
227243,9202039
227244,9202039
227245,9202039
227246,9202039
227247,9202039
227249,9202039
103102,9215141
103103,9215141
103104,9215141
103105,9215141
103107,9215141
103108,9215141
103110,9215141
103111,9215141
103112,9215141
103113,9215141
103114,9215141
103115,9215141
103116,9215141
103118,9215141
103120,9215141
103121,9215141
103122,9215141
103123,9215141
103124,9215141
103126,9215141
103127,9215141
103129,9215141
103130,9215141
103131,9215141
103132,9215141
103133,9215141
103134,9215141
103135,9215141
103138,9215141
103140,9215141
103141,9215141
103142,9215141
103143,9215141
103144,9215141
103145,9215141
103146,9215141
103147,9215141
103148,9215141
103149,9215141
103150,9215141
358851,9216303
358852,9216303
358853,9216303
358854,9216303
358855,9216303
358856,9216303
358857,9216303
358858,9216303
358859,9216303
358861,9216303
358862,9216303
358863,9216303
358865,9216303
358867,9216303
358869,9216303
358870,9216303
358871,9216303
358873,9216303
358874,9216303
358875,9216303
358878,9216303
358879,9216303
358880,9216303
358881,9216303
358883,9216303
358884,9216303
358886,9216303
358887,9216303
358888,9216303
358889,9216303
358890,9216303
358891,9216303
358892,9216303
358894,9216303
358895,9216303
358896,9216303
358897,9216303
358898,9216303
358899,9216303
358900,9216303
167901,9275335
167902,9275335
167903,9275335
167904,9275335
167905,9275335
167906,9275335
167907,9275335
167908,9275335
167910,9275335
167911,9275335
167912,9275335
167914,9275335
167915,9275335
167916,9275335
167917,9275335
167918,9275335
167919,9275335
167920,9275335
167921,9275335
167923,9275335
167924,9275335
167925,9275335
167926,9275335
167927,9275335
167928,9275335
167930,9275335
167934,9275335
167936,9275335
167937,9275335
167938,9275335
167939,9275335
167940,9275335
167941,9275335
167943,9275335
167945,9275335
167946,9275335
167947,9275335
167948,9275335
167949,9275335
167950,9275335
376402,9276389
376403,9276389
376404,9276389
376405,9276389
376406,9276389
376407,9276389
376408,9276389
376409,9276389
376410,9276389
376411,9276389
376412,9276389
376413,9276389
376414,9276389
376416,9276389
376417,9276389
376418,9276389
376419,9276389
376420,9276389
376421,9276389
376424,9276389
376425,9276389
376426,9276389
376428,9276389
376429,9276389
376430,9276389
376432,9276389
376433,9276389
376434,9276389
376436,9276389
376438,9276389
376439,9276389
376440,9276389
376441,9276389
376442,9276389
376443,9276389
376445,9276389
376447,9276389
376448,9276389
376449,9276389
376450,9276389
323951,9293430
323952,9293430
323954,9293430
323955,9293430
323956,9293430
323957,9293430
323959,9293430
323960,9293430
323961,9293430
323962,9293430
323963,9293430
323965,9293430
323966,9293430
323967,9293430
323969,9293430
323970,9293430
323971,9293430
323972,9293430
323973,9293430
323974,9293430
323976,9293430
323978,9293430
323979,9293430
323980,9293430
323981,9293430
323982,9293430
323984,9293430
323985,9293430
323986,9293430
323987,9293430
323988,9293430
323989,9293430
323990,9293430
323991,9293430
323993,9293430
323994,9293430
323995,9293430
323996,9293430
323997,9293430
323999,9293430
