135753,7043843
135754,7043843
135755,7043843
135757,7043843
135758,7043843
135760,7043843
135761,7043843
135762,7043843
135763,7043843
135764,7043843
135765,7043843
135766,7043843
135768,7043843
135769,7043843
135770,7043843
135771,7043843
135772,7043843
135773,7043843
135774,7043843
135775,7043843
135776,7043843
135778,7043843
135779,7043843
135780,7043843
135781,7043843
135782,7043843
135783,7043843
135785,7043843
135786,7043843
135788,7043843
135789,7043843
135790,7043843
135791,7043843
135792,7043843
135794,7043843
135795,7043843
135796,7043843
135797,7043843
135798,7043843
135799,7043843
354601,7411387
354602,7411387
354603,7411387
354604,7411387
354605,7411387
354608,7411387
354610,7411387
354611,7411387
354612,7411387
354613,7411387
354614,7411387
354615,7411387
354616,7411387
354617,7411387
354618,7411387
354620,7411387
354621,7411387
354622,7411387
354623,7411387
354624,7411387
354625,7411387
354626,7411387
354627,7411387
354628,7411387
354629,7411387
354631,7411387
354632,7411387
354633,7411387
354638,7411387
354639,7411387
354640,7411387
354641,7411387
354642,7411387
354643,7411387
354644,7411387
354646,7411387
354647,7411387
354648,7411387
354649,7411387
354650,7411387
391901,7427764
391902,7427764
391903,7427764
391904,7427764
391905,7427764
391907,7427764
391908,7427764
391910,7427764
391911,7427764
391912,7427764
391913,7427764
391915,7427764
391916,7427764
391917,7427764
391919,7427764
391920,7427764
391921,7427764
391922,7427764
391923,7427764
391924,7427764
391925,7427764
391926,7427764
391928,7427764
391929,7427764
391930,7427764
391931,7427764
391933,7427764
391934,7427764
391935,7427764
391937,7427764
391938,7427764
391940,7427764
391941,7427764
391943,7427764
391944,7427764
391945,7427764
391946,7427764
391947,7427764
391948,7427764
391950,7427764
158602,7430735
158603,7430735
158604,7430735
158605,7430735
158606,7430735
158607,7430735
158608,7430735
158609,7430735
158610,7430735
158611,7430735
158612,7430735
158613,7430735
158614,7430735
158615,7430735
158618,7430735
158619,7430735
158620,7430735
158621,7430735
158622,7430735
158623,7430735
158624,7430735
158627,7430735
158629,7430735
158630,7430735
158631,7430735
158632,7430735
158633,7430735
158636,7430735
158637,7430735
158638,7430735
158639,7430735
158640,7430735
158641,7430735
158642,7430735
158644,7430735
158645,7430735
158646,7430735
158647,7430735
158648,7430735
158649,7430735
69052,7521950
69053,7521950
69054,7521950
69055,7521950
69056,7521950
69057,7521950
69058,7521950
69060,7521950
69061,7521950
69063,7521950
69064,7521950
69066,7521950
69067,7521950
69068,7521950
69069,7521950
69070,7521950
69071,7521950
69072,7521950
69073,7521950
69074,7521950
69076,7521950
69077,7521950
69080,7521950
69081,7521950
69083,7521950
69084,7521950
69085,7521950
69086,7521950
69087,7521950
69088,7521950
69089,7521950
69090,7521950
69091,7521950
69093,7521950
69094,7521950
69095,7521950
69096,7521950
69098,7521950
69099,7521950
69100,7521950
391851,7528568
391852,7528568
391853,7528568
391855,7528568
391856,7528568
391857,7528568
391858,7528568
391859,7528568
391860,7528568
391862,7528568
391863,7528568
391864,7528568
391865,7528568
391866,7528568
391867,7528568
391869,7528568
391870,7528568
391872,7528568
391873,7528568
391875,7528568
391878,7528568
391879,7528568
391880,7528568
391881,7528568
391882,7528568
391883,7528568
391884,7528568
391885,7528568
391886,7528568
391887,7528568
391888,7528568
391889,7528568
391890,7528568
391891,7528568
391892,7528568
391894,7528568
391895,7528568
391896,7528568
391898,7528568
391899,7528568
284101,7528611
284102,7528611
284103,7528611
284104,7528611
284107,7528611
284108,7528611
284109,7528611
284110,7528611
284112,7528611
284113,7528611
284115,7528611
284116,7528611
284117,7528611
284118,7528611
284119,7528611
284120,7528611
284123,7528611
284124,7528611
284125,7528611
284126,7528611
284127,7528611
284128,7528611
284130,7528611
284131,7528611
284132,7528611
284133,7528611
284134,7528611
284135,7528611
284136,7528611
284137,7528611
284138,7528611
284139,7528611
284141,7528611
284142,7528611
284144,7528611
284145,7528611
284146,7528611
284148,7528611
284149,7528611
284150,7528611
135601,7528647
135603,7528647
135604,7528647
135605,7528647
135606,7528647
135607,7528647
135608,7528647
135609,7528647
135610,7528647
135612,7528647
135613,7528647
135616,7528647
135617,7528647
135618,7528647
135620,7528647
135621,7528647
135622,7528647
135623,7528647
135624,7528647
135625,7528647
135626,7528647
135628,7528647
135629,7528647
135630,7528647
135631,7528647
135633,7528647
135634,7528647
135635,7528647
135636,7528647
135637,7528647
135638,7528647
135639,7528647
135640,7528647
135641,7528647
135642,7528647
135643,7528647
135644,7528647
135646,7528647
135647,7528647
135650,7528647
178451,7603502
178452,7603502
178453,7603502
178454,7603502
178455,7603502
178457,7603502
178459,7603502
178461,7603502
178462,7603502
178465,7603502
178466,7603502
178467,7603502
178468,7603502
178469,7603502
178470,7603502
178471,7603502
178472,7603502
178474,7603502
178476,7603502
178477,7603502
178480,7603502
178481,7603502
178482,7603502
178483,7603502
178484,7603502
178485,7603502
178487,7603502
178488,7603502
178489,7603502
178490,7603502
178491,7603502
178492,7603502
178493,7603502
178494,7603502
178495,7603502
178496,7603502
178497,7603502
178498,7603502
178499,7603502
178500,7603502
362401,7624063
362402,7624063
362405,7624063
362406,7624063
362407,7624063
362409,7624063
362410,7624063
362411,7624063
362412,7624063
362413,7624063
362414,7624063
362416,7624063
362417,7624063
362418,7624063
362419,7624063
362420,7624063
362421,7624063
362422,7624063
362423,7624063
362424,7624063
362425,7624063
362426,7624063
362428,7624063
362429,7624063
362430,7624063
362431,7624063
362434,7624063
362435,7624063
362436,7624063
362438,7624063
362439,7624063
362440,7624063
362441,7624063
362443,7624063
362444,7624063
362445,7624063
362446,7624063
362447,7624063
362448,7624063
362449,7624063
183151,7700582
183152,7700582
183153,7700582
183154,7700582
183155,7700582
183156,7700582
183157,7700582
183160,7700582
183161,7700582
183162,7700582
183163,7700582
183166,7700582
183168,7700582
183169,7700582
183170,7700582
183171,7700582
183173,7700582
183174,7700582
183175,7700582
183176,7700582
183177,7700582
183178,7700582
183179,7700582
183181,7700582
183182,7700582
183183,7700582
183184,7700582
183185,7700582
183186,7700582
183187,7700582
183189,7700582
183191,7700582
183192,7700582
183194,7700582
183195,7700582
183196,7700582
183197,7700582
183198,7700582
183199,7700582
183200,7700582
391703,7702877
391704,7702877
391706,7702877
391707,7702877
391709,7702877
391710,7702877
391711,7702877
391712,7702877
391713,7702877
391714,7702877
391715,7702877
391716,7702877
391717,7702877
391719,7702877
391722,7702877
391723,7702877
391724,7702877
391725,7702877
391726,7702877
391727,7702877
391728,7702877
391730,7702877
391731,7702877
391732,7702877
391733,7702877
391734,7702877
391735,7702877
391736,7702877
391738,7702877
391739,7702877
391740,7702877
391741,7702877
391742,7702877
391743,7702877
391744,7702877
391745,7702877
391746,7702877
391748,7702877
391749,7702877
391750,7702877
145201,7704590
145202,7704590
145203,7704590
145205,7704590
145206,7704590
145208,7704590
145210,7704590
145212,7704590
145213,7704590
145214,7704590
145215,7704590
145218,7704590
145220,7704590
145221,7704590
145222,7704590
145223,7704590
145224,7704590
145225,7704590
145226,7704590
145227,7704590
145228,7704590
145229,7704590
145230,7704590
145231,7704590
145232,7704590
145234,7704590
145235,7704590
145236,7704590
145237,7704590
145238,7704590
145239,7704590
145240,7704590
145241,7704590
145242,7704590
145243,7704590
145245,7704590
145246,7704590
145247,7704590
145248,7704590
145249,7704590
205951,7704605
205952,7704605
205953,7704605
205954,7704605
205956,7704605
205957,7704605
205958,7704605
205959,7704605
205960,7704605
205961,7704605
205962,7704605
205963,7704605
205965,7704605
205966,7704605
205970,7704605
205971,7704605
205973,7704605
205974,7704605
205978,7704605
205979,7704605
205980,7704605
205981,7704605
205982,7704605
205983,7704605
205984,7704605
205985,7704605
205986,7704605
205987,7704605
205988,7704605
205989,7704605
205990,7704605
205991,7704605
205992,7704605
205993,7704605
205994,7704605
205995,7704605
205996,7704605
205998,7704605
205999,7704605
206000,7704605
86302,7708778
86303,7708778
86304,7708778
86305,7708778
86306,7708778
86307,7708778
86308,7708778
86309,7708778
86310,7708778
86311,7708778
86312,7708778
86313,7708778
86315,7708778
86316,7708778
86317,7708778
86318,7708778
86319,7708778
86321,7708778
86322,7708778
86323,7708778
86324,7708778
86325,7708778
86326,7708778
86327,7708778
86329,7708778
86330,7708778
86331,7708778
86332,7708778
86333,7708778
86334,7708778
86337,7708778
86338,7708778
86339,7708778
86340,7708778
86342,7708778
86344,7708778
86345,7708778
86347,7708778
86349,7708778
86350,7708778
166101,7716086
166106,7716086
166107,7716086
166108,7716086
166109,7716086
166110,7716086
166113,7716086
166114,7716086
166115,7716086
166116,7716086
166117,7716086
166118,7716086
166119,7716086
166120,7716086
166121,7716086
166122,7716086
166124,7716086
166126,7716086
166128,7716086
166129,7716086
166130,7716086
166131,7716086
166132,7716086
166133,7716086
166134,7716086
166135,7716086
166136,7716086
166137,7716086
166138,7716086
166140,7716086
166141,7716086
166142,7716086
166143,7716086
166144,7716086
166145,7716086
166146,7716086
166147,7716086
166148,7716086
166149,7716086
166150,7716086
155001,7718503
155003,7718503
155004,7718503
155005,7718503
155007,7718503
155008,7718503
155010,7718503
155011,7718503
155013,7718503
155014,7718503
155015,7718503
155016,7718503
155017,7718503
155018,7718503
155019,7718503
155020,7718503
155021,7718503
155024,7718503
155026,7718503
155027,7718503
155028,7718503
155029,7718503
155030,7718503
155031,7718503
155032,7718503
155034,7718503
155035,7718503
155037,7718503
155038,7718503
155039,7718503
155040,7718503
155041,7718503
155042,7718503
155043,7718503
155044,7718503
155045,7718503
155046,7718503
155047,7718503
155048,7718503
155049,7718503
106102,7718539
106103,7718539
106104,7718539
106105,7718539
106106,7718539
106108,7718539
106110,7718539
106111,7718539
106113,7718539
106114,7718539
106115,7718539
106116,7718539
106118,7718539
106120,7718539
106121,7718539
106122,7718539
106123,7718539
106124,7718539
106125,7718539
106127,7718539
106128,7718539
106129,7718539
106130,7718539
106131,7718539
106132,7718539
106133,7718539
106134,7718539
106135,7718539
106136,7718539
106137,7718539
106138,7718539
106140,7718539
106141,7718539
106142,7718539
106144,7718539
106145,7718539
106146,7718539
106147,7718539
106148,7718539
106149,7718539
161751,7718541
161752,7718541
161754,7718541
161755,7718541
161757,7718541
161760,7718541
161761,7718541
161762,7718541
161763,7718541
161764,7718541
161765,7718541
161766,7718541
161767,7718541
161768,7718541
161769,7718541
161770,7718541
161771,7718541
161772,7718541
161773,7718541
161774,7718541
161775,7718541
161776,7718541
161777,7718541
161779,7718541
161780,7718541
161781,7718541
161782,7718541
161783,7718541
161784,7718541
161785,7718541
161787,7718541
161789,7718541
161790,7718541
161791,7718541
161794,7718541
161795,7718541
161796,7718541
161797,7718541
161798,7718541
161799,7718541
391601,7800681
391602,7800681
391604,7800681
391605,7800681
391606,7800681
391607,7800681
391608,7800681
391610,7800681
391613,7800681
391614,7800681
391615,7800681
391616,7800681
391617,7800681
391618,7800681
391619,7800681
391620,7800681
391621,7800681
391622,7800681
391623,7800681
391624,7800681
391625,7800681
391627,7800681
391629,7800681
391630,7800681
391632,7800681
391633,7800681
391634,7800681
391635,7800681
391636,7800681
391637,7800681
391638,7800681
391641,7800681
391642,7800681
391644,7800681
391645,7800681
391646,7800681
391647,7800681
391648,7800681
391649,7800681
391650,7800681
345402,7806025
345403,7806025
345404,7806025
345406,7806025
345407,7806025
345409,7806025
345410,7806025
345411,7806025
345412,7806025
345414,7806025
345415,7806025
345416,7806025
345417,7806025
345418,7806025
345419,7806025
345420,7806025
345421,7806025
345422,7806025
345423,7806025
345424,7806025
345425,7806025
345426,7806025
345427,7806025
345428,7806025
345429,7806025
345431,7806025
345432,7806025
345433,7806025
345434,7806025
345435,7806025
345436,7806025
345437,7806025
345438,7806025
345442,7806025
345443,7806025
345444,7806025
345446,7806025
345448,7806025
345449,7806025
345450,7806025
381851,7822201
381852,7822201
381854,7822201
381855,7822201
381856,7822201
381857,7822201
381858,7822201
381859,7822201
381862,7822201
381864,7822201
381865,7822201
381866,7822201
381867,7822201
381868,7822201
381869,7822201
381870,7822201
381871,7822201
381872,7822201
381874,7822201
381875,7822201
381876,7822201
381877,7822201
381878,7822201
381880,7822201
381881,7822201
381882,7822201
381883,7822201
381885,7822201
381886,7822201
381887,7822201
381888,7822201
381889,7822201
381890,7822201
381891,7822201
381892,7822201
381893,7822201
381895,7822201
381896,7822201
381897,7822201
381898,7822201
345302,7910668
345304,7910668
345305,7910668
345306,7910668
345308,7910668
345309,7910668
345310,7910668
345311,7910668
345312,7910668
345313,7910668
345314,7910668
345315,7910668
345316,7910668
345317,7910668
345318,7910668
345319,7910668
345320,7910668
345321,7910668
345322,7910668
345324,7910668
345325,7910668
345326,7910668
345327,7910668
345328,7910668
345329,7910668
345330,7910668
345332,7910668
345333,7910668
345334,7910668
345335,7910668
345336,7910668
345338,7910668
345339,7910668
345340,7910668
345341,7910668
345344,7910668
345345,7910668
345346,7910668
345348,7910668
345350,7910668
304651,7915541
304652,7915541
304653,7915541
304654,7915541
304655,7915541
304656,7915541
304658,7915541
304659,7915541
304661,7915541
304662,7915541
304664,7915541
304665,7915541
304666,7915541
304668,7915541
304669,7915541
304671,7915541
304672,7915541
304673,7915541
304675,7915541
304676,7915541
304677,7915541
304678,7915541
304679,7915541
304680,7915541
304682,7915541
304683,7915541
304685,7915541
304686,7915541
304687,7915541
304688,7915541
304689,7915541
304690,7915541
304691,7915541
304692,7915541
304693,7915541
304695,7915541
304696,7915541
304697,7915541
304698,7915541
304699,7915541
229851,7922166
229852,7922166
229853,7922166
229854,7922166
229855,7922166
229856,7922166
229857,7922166
229858,7922166
229859,7922166
229860,7922166
229863,7922166
229864,7922166
229865,7922166
229867,7922166
229868,7922166
229869,7922166
229870,7922166
229871,7922166
229872,7922166
229874,7922166
229875,7922166
229876,7922166
229877,7922166
229878,7922166
229879,7922166
229880,7922166
229885,7922166
229886,7922166
229887,7922166
229888,7922166
229890,7922166
229891,7922166
229892,7922166
229893,7922166
229894,7922166
229895,7922166
229897,7922166
229898,7922166
229899,7922166
229900,7922166
215751,8002640
215752,8002640
215753,8002640
215754,8002640
215755,8002640
215756,8002640
215757,8002640
215758,8002640
215759,8002640
215762,8002640
215764,8002640
215765,8002640
215766,8002640
215767,8002640
215768,8002640
215769,8002640
215771,8002640
215773,8002640
215775,8002640
215776,8002640
215777,8002640
215778,8002640
215779,8002640
215781,8002640
215782,8002640
215783,8002640
215784,8002640
215785,8002640
215786,8002640
215788,8002640
215789,8002640
215790,8002640
215791,8002640
215792,8002640
215794,8002640
215795,8002640
215796,8002640
215798,8002640
215799,8002640
215800,8002640
234901,8009076
234902,8009076
234903,8009076
234904,8009076
234905,8009076
234906,8009076
234907,8009076
234908,8009076
234909,8009076
234910,8009076
234911,8009076
234912,8009076
234914,8009076
234916,8009076
234917,8009076
234918,8009076
234919,8009076
234921,8009076
234923,8009076
234924,8009076
234925,8009076
234926,8009076
234927,8009076
234928,8009076
234929,8009076
234932,8009076
234933,8009076
234934,8009076
234935,8009076
234937,8009076
234938,8009076
234939,8009076
234940,8009076
234941,8009076
234943,8009076
234944,8009076
234945,8009076
234948,8009076
234949,8009076
234950,8009076
344951,8030283
344952,8030283
344953,8030283
344954,8030283
344955,8030283
344956,8030283
344957,8030283
344958,8030283
344959,8030283
344960,8030283
344961,8030283
344962,8030283
344963,8030283
344964,8030283
344965,8030283
344966,8030283
344968,8030283
344969,8030283
344970,8030283
344972,8030283
344973,8030283
344974,8030283
344976,8030283
344977,8030283
344978,8030283
344979,8030283
344980,8030283
344981,8030283
344982,8030283
344983,8030283
344984,8030283
344985,8030283
344986,8030283
344989,8030283
344991,8030283
344994,8030283
344995,8030283
344996,8030283
344997,8030283
344998,8030283
161551,8100595
161552,8100595
161555,8100595
161556,8100595
161557,8100595
161558,8100595
161559,8100595
161560,8100595
161561,8100595
161563,8100595
161564,8100595
161565,8100595
161566,8100595
161567,8100595
161568,8100595
161569,8100595
161572,8100595
161573,8100595
161574,8100595
161576,8100595
161577,8100595
161578,8100595
161580,8100595
161582,8100595
161583,8100595
161584,8100595
161585,8100595
161587,8100595
161588,8100595
161589,8100595
161590,8100595
161592,8100595
161593,8100595
161594,8100595
161595,8100595
161596,8100595
161597,8100595
161598,8100595
161599,8100595
161600,8100595
257153,8204951
257154,8204951
257155,8204951
257158,8204951
257159,8204951
257160,8204951
257161,8204951
257162,8204951
257163,8204951
257164,8204951
257165,8204951
257166,8204951
257167,8204951
257168,8204951
257169,8204951
257171,8204951
257172,8204951
257173,8204951
257174,8204951
257175,8204951
257176,8204951
257178,8204951
257179,8204951
257180,8204951
257181,8204951
257183,8204951
257184,8204951
257185,8204951
257187,8204951
257188,8204951
257189,8204951
257190,8204951
257191,8204951
257192,8204951
257193,8204951
257194,8204951
257196,8204951
257197,8204951
257199,8204951
257200,8204951
328601,8302301
328602,8302301
328603,8302301
328604,8302301
328605,8302301
328606,8302301
328609,8302301
328610,8302301
328611,8302301
328612,8302301
328613,8302301
328615,8302301
328616,8302301
328619,8302301
328620,8302301
328621,8302301
328622,8302301
328624,8302301
328625,8302301
328626,8302301
328627,8302301
328628,8302301
328630,8302301
328631,8302301
328632,8302301
328633,8302301
328634,8302301
328636,8302301
328637,8302301
328638,8302301
328639,8302301
328641,8302301
328642,8302301
328643,8302301
328644,8302301
328645,8302301
328646,8302301
328648,8302301
328649,8302301
328650,8302301
319252,8302791
319253,8302791
319254,8302791
319255,8302791
319256,8302791
319257,8302791
319258,8302791
319259,8302791
319261,8302791
319262,8302791
319263,8302791
319264,8302791
319265,8302791
319266,8302791
319267,8302791
319268,8302791
319269,8302791
319270,8302791
319271,8302791
319273,8302791
319274,8302791
319277,8302791
319278,8302791
319279,8302791
319280,8302791
319281,8302791
319282,8302791
319283,8302791
319284,8302791
319285,8302791
319287,8302791
319288,8302791
319289,8302791
319291,8302791
319292,8302791
319293,8302791
319294,8302791
319296,8302791
319298,8302791
319300,8302791
178002,8408466
178003,8408466
178004,8408466
178005,8408466
178006,8408466
178007,8408466
178008,8408466
178009,8408466
178010,8408466
178012,8408466
178013,8408466
178014,8408466
178015,8408466
178016,8408466
178017,8408466
178019,8408466
178020,8408466
178021,8408466
178022,8408466
178023,8408466
178027,8408466
178029,8408466
178030,8408466
178031,8408466
178032,8408466
178033,8408466
178035,8408466
178036,8408466
178037,8408466
178038,8408466
178039,8408466
178040,8408466
178041,8408466
178042,8408466
178043,8408466
178044,8408466
178045,8408466
178048,8408466
178049,8408466
178050,8408466
148101,8500680
148103,8500680
148105,8500680
148106,8500680
148107,8500680
148108,8500680
148109,8500680
148110,8500680
148112,8500680
148113,8500680
148114,8500680
148115,8500680
148116,8500680
148117,8500680
148118,8500680
148119,8500680
148121,8500680
148122,8500680
148124,8500680
148125,8500680
148126,8500680
148127,8500680
148129,8500680
148131,8500680
148132,8500680
148133,8500680
148134,8500680
148136,8500680
148138,8500680
148139,8500680
148140,8500680
148141,8500680
148142,8500680
148143,8500680
148144,8500680
148145,8500680
148146,8500680
148148,8500680
148149,8500680
148150,8500680
370602,8508369
370603,8508369
370606,8508369
370607,8508369
370608,8508369
370609,8508369
370610,8508369
370611,8508369
370612,8508369
370613,8508369
370616,8508369
370617,8508369
370618,8508369
370619,8508369
370621,8508369
370622,8508369
370623,8508369
370624,8508369
370625,8508369
370627,8508369
370628,8508369
370629,8508369
370630,8508369
370631,8508369
370634,8508369
370635,8508369
370637,8508369
370638,8508369
370639,8508369
370640,8508369
370641,8508369
370642,8508369
370643,8508369
370644,8508369
370645,8508369
370646,8508369
370647,8508369
370648,8508369
370649,8508369
370650,8508369
161301,8600507
161303,8600507
161304,8600507
161305,8600507
161306,8600507
161308,8600507
161310,8600507
161314,8600507
161315,8600507
161316,8600507
161317,8600507
161318,8600507
161319,8600507
161320,8600507
161321,8600507
161322,8600507
161323,8600507
161324,8600507
161325,8600507
161326,8600507
161328,8600507
161329,8600507
161330,8600507
161331,8600507
161332,8600507
161333,8600507
161334,8600507
161335,8600507
161336,8600507
161337,8600507
161338,8600507
161339,8600507
161341,8600507
161342,8600507
161343,8600507
161345,8600507
161347,8600507
161348,8600507
161349,8600507
161350,8600507
229052,8712075
229053,8712075
229054,8712075
229055,8712075
229056,8712075
229057,8712075
229058,8712075
229060,8712075
229061,8712075
229062,8712075
229065,8712075
229066,8712075
229067,8712075
229068,8712075
229070,8712075
229071,8712075
229072,8712075
229073,8712075
229074,8712075
229075,8712075
229078,8712075
229079,8712075
229080,8712075
229082,8712075
229083,8712075
229084,8712075
229085,8712075
229086,8712075
229087,8712075
229088,8712075
229089,8712075
229090,8712075
229091,8712075
229092,8712075
229093,8712075
229094,8712075
229095,8712075
229096,8712075
229097,8712075
229098,8712075
11401,8716100
11404,8716100
11405,8716100
11406,8716100
11408,8716100
11409,8716100
11412,8716100
11413,8716100
11414,8716100
11416,8716100
11417,8716100
11418,8716100
11419,8716100
11420,8716100
11421,8716100
11422,8716100
11423,8716100
11424,8716100
11425,8716100
11426,8716100
11427,8716100
11428,8716100
11430,8716100
11431,8716100
11432,8716100
11433,8716100
11435,8716100
11437,8716100
11438,8716100
11439,8716100
11440,8716100
11441,8716100
11442,8716100
11443,8716100
11444,8716100
11445,8716100
11446,8716100
11447,8716100
11449,8716100
11450,8716100
399553,8716318
399554,8716318
399555,8716318
399557,8716318
399558,8716318
399559,8716318
399560,8716318
399561,8716318
399562,8716318
399566,8716318
399567,8716318
399568,8716318
399569,8716318
399570,8716318
399571,8716318
399572,8716318
399573,8716318
399574,8716318
399575,8716318
399577,8716318
399578,8716318
399579,8716318
399580,8716318
399581,8716318
399582,8716318
399583,8716318
399584,8716318
399586,8716318
399587,8716318
399588,8716318
399589,8716318
399590,8716318
399591,8716318
399592,8716318
399593,8716318
399594,8716318
399595,8716318
399596,8716318
399597,8716318
399598,8716318
262401,8801917
262402,8801917
262403,8801917
262404,8801917
262405,8801917
262408,8801917
262409,8801917
262410,8801917
262412,8801917
262413,8801917
262414,8801917
262415,8801917
262416,8801917
262417,8801917
262418,8801917
262420,8801917
262422,8801917
262423,8801917
262424,8801917
262425,8801917
262426,8801917
262427,8801917
262428,8801917
262429,8801917
262430,8801917
262431,8801917
262433,8801917
262435,8801917
262436,8801917
262438,8801917
262439,8801917
262440,8801917
262441,8801917
262442,8801917
262443,8801917
262444,8801917
262445,8801917
262447,8801917
262449,8801917
262450,8801917
150301,8808678
150302,8808678
150303,8808678
150304,8808678
150305,8808678
150306,8808678
150307,8808678
150308,8808678
150309,8808678
150311,8808678
150312,8808678
150313,8808678
150314,8808678
150316,8808678
150317,8808678
150320,8808678
150322,8808678
150323,8808678
150326,8808678
150327,8808678
150328,8808678
150329,8808678
150330,8808678
150331,8808678
150332,8808678
150333,8808678
150335,8808678
150336,8808678
150338,8808678
150339,8808678
150340,8808678
150341,8808678
150342,8808678
150343,8808678
150345,8808678
150346,8808678
150347,8808678
150348,8808678
150349,8808678
150350,8808678
30001,8813154
30003,8813154
30005,8813154
30006,8813154
30007,8813154
30008,8813154
30009,8813154
30010,8813154
30011,8813154
30012,8813154
30013,8813154
30015,8813154
30017,8813154
30018,8813154
30019,8813154
30020,8813154
30021,8813154
30023,8813154
30024,8813154
30025,8813154
30026,8813154
30028,8813154
30029,8813154
30030,8813154
30031,8813154
30032,8813154
30033,8813154
30034,8813154
30036,8813154
30038,8813154
30039,8813154
30040,8813154
30041,8813154
30042,8813154
30043,8813154
30044,8813154
30045,8813154
30046,8813154
30047,8813154
30049,8813154
125851,8818764
125852,8818764
125853,8818764
125854,8818764
125855,8818764
125857,8818764
125858,8818764
125859,8818764
125861,8818764
125862,8818764
125864,8818764
125866,8818764
125867,8818764
125868,8818764
125869,8818764
125870,8818764
125871,8818764
125872,8818764
125874,8818764
125875,8818764
125876,8818764
125877,8818764
125878,8818764
125879,8818764
125880,8818764
125882,8818764
125883,8818764
125884,8818764
125885,8818764
125886,8818764
125887,8818764
125888,8818764
125889,8818764
125890,8818764
125891,8818764
125892,8818764
125893,8818764
125894,8818764
125897,8818764
125898,8818764
11651,8820858
11652,8820858
11653,8820858
11655,8820858
11657,8820858
11658,8820858
11659,8820858
11660,8820858
11661,8820858
11662,8820858
11663,8820858
11664,8820858
11665,8820858
11667,8820858
11668,8820858
11670,8820858
11672,8820858
11673,8820858
11674,8820858
11675,8820858
11676,8820858
11677,8820858
11678,8820858
11679,8820858
11680,8820858
11681,8820858
11682,8820858
11683,8820858
11684,8820858
11685,8820858
11688,8820858
11689,8820858
11691,8820858
11692,8820858
11695,8820858
11696,8820858
11697,8820858
11698,8820858
11699,8820858
11700,8820858
352751,8902292
352752,8902292
352753,8902292
352754,8902292
352757,8902292
352758,8902292
352759,8902292
352760,8902292
352761,8902292
352763,8902292
352765,8902292
352766,8902292
352767,8902292
352768,8902292
352769,8902292
352770,8902292
352771,8902292
352772,8902292
352774,8902292
352775,8902292
352776,8902292
352777,8902292
352779,8902292
352780,8902292
352781,8902292
352782,8902292
352783,8902292
352784,8902292
352785,8902292
352786,8902292
352789,8902292
352791,8902292
352792,8902292
352793,8902292
352794,8902292
352796,8902292
352797,8902292
352798,8902292
352799,8902292
352800,8902292
360951,8902319
360952,8902319
360954,8902319
360956,8902319
360958,8902319
360959,8902319
360960,8902319
360961,8902319
360962,8902319
360965,8902319
360966,8902319
360967,8902319
360968,8902319
360969,8902319
360970,8902319
360971,8902319
360972,8902319
360973,8902319
360974,8902319
360975,8902319
360976,8902319
360977,8902319
360978,8902319
360979,8902319
360980,8902319
360981,8902319
360982,8902319
360983,8902319
360985,8902319
360986,8902319
360987,8902319
360989,8902319
360990,8902319
360991,8902319
360993,8902319
360994,8902319
360996,8902319
360998,8902319
360999,8902319
361000,8902319
72501,8911736
72503,8911736
72504,8911736
72505,8911736
72506,8911736
72507,8911736
72508,8911736
72511,8911736
72512,8911736
72513,8911736
72515,8911736
72516,8911736
72517,8911736
72519,8911736
72520,8911736
72523,8911736
72524,8911736
72525,8911736
72526,8911736
72527,8911736
72528,8911736
72530,8911736
72531,8911736
72532,8911736
72533,8911736
72534,8911736
72535,8911736
72537,8911736
72538,8911736
72539,8911736
72540,8911736
72541,8911736
72542,8911736
72543,8911736
72544,8911736
72545,8911736
72546,8911736
72548,8911736
72549,8911736
72550,8911736
161101,8917895
161103,8917895
161104,8917895
161105,8917895
161107,8917895
161108,8917895
161110,8917895
161111,8917895
161112,8917895
161113,8917895
161115,8917895
161116,8917895
161117,8917895
161118,8917895
161119,8917895
161120,8917895
161121,8917895
161122,8917895
161123,8917895
161124,8917895
161128,8917895
161129,8917895
161131,8917895
161132,8917895
161133,8917895
161134,8917895
161135,8917895
161136,8917895
161139,8917895
161140,8917895
161141,8917895
161142,8917895
161143,8917895
161144,8917895
161145,8917895
161146,8917895
161147,8917895
161148,8917895
161149,8917895
161150,8917895
52701,8922010
52702,8922010
52703,8922010
52705,8922010
52706,8922010
52708,8922010
52710,8922010
52711,8922010
52712,8922010
52713,8922010
52714,8922010
52715,8922010
52716,8922010
52717,8922010
52718,8922010
52719,8922010
52720,8922010
52721,8922010
52722,8922010
52724,8922010
52725,8922010
52727,8922010
52728,8922010
52729,8922010
52730,8922010
52732,8922010
52733,8922010
52734,8922010
52736,8922010
52737,8922010
52740,8922010
52741,8922010
52742,8922010
52743,8922010
52744,8922010
52745,8922010
52746,8922010
52747,8922010
52748,8922010
52749,8922010
110852,9002647
110853,9002647
110855,9002647
110856,9002647
110858,9002647
110859,9002647
110860,9002647
110861,9002647
110862,9002647
110864,9002647
110865,9002647
110866,9002647
110868,9002647
110869,9002647
110870,9002647
110871,9002647
110872,9002647
110873,9002647
110874,9002647
110875,9002647
110876,9002647
110877,9002647
110878,9002647
110879,9002647
110880,9002647
110881,9002647
110883,9002647
110884,9002647
110885,9002647
110886,9002647
110888,9002647
110889,9002647
110890,9002647
110891,9002647
110892,9002647
110894,9002647
110895,9002647
110896,9002647
110897,9002647
110900,9002647
141251,9002659
141252,9002659
141253,9002659
141254,9002659
141255,9002659
141256,9002659
141257,9002659
141258,9002659
141260,9002659
141261,9002659
141262,9002659
141264,9002659
141265,9002659
141266,9002659
141267,9002659
141269,9002659
141270,9002659
141271,9002659
141272,9002659
141273,9002659
141274,9002659
141275,9002659
141276,9002659
141278,9002659
141279,9002659
141282,9002659
141284,9002659
141285,9002659
141286,9002659
141287,9002659
141288,9002659
141289,9002659
141291,9002659
141293,9002659
141294,9002659
141295,9002659
141296,9002659
141297,9002659
141299,9002659
141300,9002659
228651,9006112
228652,9006112
228653,9006112
228654,9006112
228655,9006112
228656,9006112
228659,9006112
228661,9006112
228662,9006112
228663,9006112
228664,9006112
228665,9006112
228666,9006112
228667,9006112
228668,9006112
228669,9006112
228671,9006112
228672,9006112
228673,9006112
228674,9006112
228676,9006112
228677,9006112
228678,9006112
228679,9006112
228681,9006112
228682,9006112
228684,9006112
228686,9006112
228687,9006112
228690,9006112
228691,9006112
228692,9006112
228693,9006112
228694,9006112
228695,9006112
228696,9006112
228697,9006112
228698,9006112
228699,9006112
228700,9006112
205201,9007764
205203,9007764
205204,9007764
205206,9007764
205207,9007764
205208,9007764
205209,9007764
205210,9007764
205212,9007764
205213,9007764
205215,9007764
205216,9007764
205217,9007764
205218,9007764
205222,9007764
205223,9007764
205224,9007764
205225,9007764
205226,9007764
205227,9007764
205228,9007764
205229,9007764
205230,9007764
205231,9007764
205233,9007764
205234,9007764
205235,9007764
205236,9007764
205238,9007764
205239,9007764
205240,9007764
205241,9007764
205242,9007764
205244,9007764
205245,9007764
205246,9007764
205247,9007764
205248,9007764
205249,9007764
205250,9007764
36602,9007867
36603,9007867
36604,9007867
36606,9007867
36607,9007867
36608,9007867
36609,9007867
36610,9007867
36612,9007867
36613,9007867
36614,9007867
36616,9007867
36618,9007867
36619,9007867
36620,9007867
36624,9007867
36625,9007867
36626,9007867
36627,9007867
36628,9007867
36630,9007867
36631,9007867
36632,9007867
36633,9007867
36634,9007867
36635,9007867
36636,9007867
36638,9007867
36639,9007867
36640,9007867
36641,9007867
36642,9007867
36643,9007867
36644,9007867
36645,9007867
36646,9007867
36647,9007867
36648,9007867
36649,9007867
36650,9007867
380151,9009633
380152,9009633
380153,9009633
380154,9009633
380155,9009633
380156,9009633
380158,9009633
380160,9009633
380161,9009633
380162,9009633
380163,9009633
380164,9009633
380165,9009633
380166,9009633
380167,9009633
380168,9009633
380169,9009633
380170,9009633
380172,9009633
380173,9009633
380174,9009633
380175,9009633
380176,9009633
380177,9009633
380179,9009633
380180,9009633
380182,9009633
380184,9009633
380185,9009633
380186,9009633
380187,9009633
380188,9009633
380190,9009633
380191,9009633
380192,9009633
380193,9009633
380194,9009633
380195,9009633
380199,9009633
380200,9009633
223751,9104263
223753,9104263
223755,9104263
223756,9104263
223757,9104263
223758,9104263
223759,9104263
223760,9104263
223761,9104263
223762,9104263
223763,9104263
223764,9104263
223765,9104263
223766,9104263
223767,9104263
223769,9104263
223770,9104263
223771,9104263
223772,9104263
223774,9104263
223775,9104263
223777,9104263
223778,9104263
223779,9104263
223781,9104263
223782,9104263
223783,9104263
223787,9104263
223788,9104263
223789,9104263
223790,9104263
223791,9104263
223792,9104263
223793,9104263
223794,9104263
223795,9104263
223796,9104263
223797,9104263
223799,9104263
223800,9104263
255551,9112040
255552,9112040
255554,9112040
255555,9112040
255557,9112040
255558,9112040
255559,9112040
255560,9112040
255561,9112040
255562,9112040
255563,9112040
255565,9112040
255567,9112040
255568,9112040
255569,9112040
255570,9112040
255571,9112040
255572,9112040
255573,9112040
255574,9112040
255575,9112040
255576,9112040
255577,9112040
255578,9112040
255579,9112040
255580,9112040
255581,9112040
255582,9112040
255584,9112040
255585,9112040
255586,9112040
255588,9112040
255590,9112040
255591,9112040
255593,9112040
255594,9112040
255596,9112040
255597,9112040
255598,9112040
255599,9112040
302401,9117985
302403,9117985
302404,9117985
302406,9117985
302407,9117985
302409,9117985
302410,9117985
302412,9117985
302413,9117985
302415,9117985
302416,9117985
302417,9117985
302418,9117985
302419,9117985
302420,9117985
302421,9117985
302422,9117985
302423,9117985
302424,9117985
302426,9117985
302427,9117985
302428,9117985
302430,9117985
302431,9117985
302432,9117985
302433,9117985
302434,9117985
302435,9117985
302436,9117985
302437,9117985
302438,9117985
302439,9117985
302440,9117985
302441,9117985
302442,9117985
302443,9117985
302444,9117985
302446,9117985
302447,9117985
302449,9117985
76201,9121625
76203,9121625
76205,9121625
76206,9121625
76207,9121625
76209,9121625
76210,9121625
76212,9121625
76213,9121625
76215,9121625
76216,9121625
76218,9121625
76219,9121625
76220,9121625
76223,9121625
76224,9121625
76225,9121625
76226,9121625
76227,9121625
76228,9121625
76229,9121625
76230,9121625
76232,9121625
76233,9121625
76234,9121625
76235,9121625
76236,9121625
76237,9121625
76238,9121625
76239,9121625
76240,9121625
76241,9121625
76242,9121625
76243,9121625
76245,9121625
76246,9121625
76247,9121625
76248,9121625
76249,9121625
76250,9121625
89651,9121637
89652,9121637
89653,9121637
89654,9121637
89655,9121637
89656,9121637
89657,9121637
89658,9121637
89659,9121637
89661,9121637
89662,9121637
89663,9121637
89664,9121637
89665,9121637
89666,9121637
89668,9121637
89669,9121637
89670,9121637
89671,9121637
89672,9121637
89674,9121637
89675,9121637
89676,9121637
89677,9121637
89678,9121637
89681,9121637
89682,9121637
89683,9121637
89684,9121637
89686,9121637
89687,9121637
89688,9121637
89692,9121637
89693,9121637
89695,9121637
89696,9121637
89697,9121637
89698,9121637
89699,9121637
89700,9121637
117401,9125372
117403,9125372
117404,9125372
117405,9125372
117409,9125372
117410,9125372
117411,9125372
117412,9125372
117413,9125372
117414,9125372
117415,9125372
117416,9125372
117417,9125372
117418,9125372
117419,9125372
117420,9125372
117422,9125372
117423,9125372
117424,9125372
117427,9125372
117428,9125372
117429,9125372
117432,9125372
117433,9125372
117434,9125372
117435,9125372
117436,9125372
117437,9125372
117438,9125372
117439,9125372
117440,9125372
117441,9125372
117442,9125372
117443,9125372
117444,9125372
117445,9125372
117447,9125372
117448,9125372
117449,9125372
117450,9125372
164851,9125384
164852,9125384
164853,9125384
164854,9125384
164855,9125384
164856,9125384
164857,9125384
164858,9125384
164859,9125384
164860,9125384
164861,9125384
164862,9125384
164863,9125384
164865,9125384
164866,9125384
164868,9125384
164869,9125384
164870,9125384
164872,9125384
164873,9125384
164875,9125384
164876,9125384
164878,9125384
164879,9125384
164880,9125384
164881,9125384
164883,9125384
164884,9125384
164886,9125384
164887,9125384
164888,9125384
164889,9125384
164891,9125384
164893,9125384
164894,9125384
164895,9125384
164897,9125384
164898,9125384
164899,9125384
164900,9125384
191551,9129598
191552,9129598
191553,9129598
191555,9129598
191556,9129598
191557,9129598
191558,9129598
191559,9129598
191560,9129598
191562,9129598
191563,9129598
191564,9129598
191566,9129598
191567,9129598
191569,9129598
191570,9129598
191571,9129598
191572,9129598
191573,9129598
191574,9129598
191575,9129598
191577,9129598
191578,9129598
191579,9129598
191580,9129598
191581,9129598
191582,9129598
191583,9129598
191585,9129598
191586,9129598
191587,9129598
191588,9129598
191589,9129598
191590,9129598
191591,9129598
191592,9129598
191594,9129598
191595,9129598
191599,9129598
191600,9129598
32701,9130937
32702,9130937
32704,9130937
32705,9130937
32706,9130937
32707,9130937
32708,9130937
32709,9130937
32710,9130937
32711,9130937
32712,9130937
32713,9130937
32715,9130937
32716,9130937
32717,9130937
32718,9130937
32719,9130937
32720,9130937
32721,9130937
32723,9130937
32725,9130937
32727,9130937
32728,9130937
32730,9130937
32731,9130937
32732,9130937
32734,9130937
32735,9130937
32736,9130937
32737,9130937
32739,9130937
32740,9130937
32742,9130937
32743,9130937
32744,9130937
32746,9130937
32747,9130937
32748,9130937
32749,9130937
32750,9130937
238751,9131515
238752,9131515
238753,9131515
238754,9131515
238755,9131515
238756,9131515
238757,9131515
238759,9131515
238760,9131515
238761,9131515
238762,9131515
238763,9131515
238764,9131515
238765,9131515
238766,9131515
238767,9131515
238768,9131515
238769,9131515
238770,9131515
238773,9131515
238774,9131515
238775,9131515
238776,9131515
238778,9131515
238779,9131515
238781,9131515
238783,9131515
238785,9131515
238786,9131515
238787,9131515
238788,9131515
238789,9131515
238790,9131515
238791,9131515
238792,9131515
238795,9131515
238796,9131515
238797,9131515
238798,9131515
238799,9131515
21351,9131993
21352,9131993
21354,9131993
21355,9131993
21357,9131993
21358,9131993
21360,9131993
21362,9131993
21363,9131993
21364,9131993
21365,9131993
21366,9131993
21368,9131993
21369,9131993
21370,9131993
21371,9131993
21372,9131993
21373,9131993
21374,9131993
21375,9131993
21376,9131993
21377,9131993
21378,9131993
21379,9131993
21380,9131993
21381,9131993
21384,9131993
21385,9131993
21386,9131993
21387,9131993
21388,9131993
21389,9131993
21391,9131993
21393,9131993
21395,9131993
21396,9131993
21397,9131993
21398,9131993
21399,9131993
21400,9131993
65451,9138783
65452,9138783
65453,9138783
65457,9138783
65458,9138783
65459,9138783
65460,9138783
65461,9138783
65462,9138783
65464,9138783
65466,9138783
65467,9138783
65468,9138783
65469,9138783
65470,9138783
65471,9138783
65472,9138783
65473,9138783
65474,9138783
65475,9138783
65476,9138783
65477,9138783
65478,9138783
65479,9138783
65480,9138783
65483,9138783
65484,9138783
65485,9138783
65486,9138783
65487,9138783
65490,9138783
65491,9138783
65493,9138783
65494,9138783
65495,9138783
65496,9138783
65497,9138783
65498,9138783
65499,9138783
65500,9138783
98401,9138795
98402,9138795
98403,9138795
98404,9138795
98405,9138795
98406,9138795
98411,9138795
98412,9138795
98413,9138795
98414,9138795
98415,9138795
98417,9138795
98419,9138795
98420,9138795
98421,9138795
98423,9138795
98424,9138795
98425,9138795
98426,9138795
98427,9138795
98428,9138795
98430,9138795
98431,9138795
98432,9138795
98433,9138795
98434,9138795
98435,9138795
98437,9138795
98438,9138795
98439,9138795
98440,9138795
98441,9138795
98442,9138795
98443,9138795
98445,9138795
98446,9138795
98447,9138795
98448,9138795
98449,9138795
98450,9138795
55801,9138800
55804,9138800
55805,9138800
55806,9138800
55807,9138800
55808,9138800
55809,9138800
55810,9138800
55811,9138800
55813,9138800
55814,9138800
55815,9138800
55816,9138800
55817,9138800
55818,9138800
55819,9138800
55820,9138800
55821,9138800
55823,9138800
55824,9138800
55825,9138800
55827,9138800
55829,9138800
55830,9138800
55831,9138800
55833,9138800
55834,9138800
55835,9138800
55836,9138800
55838,9138800
55839,9138800
55840,9138800
55841,9138800
55842,9138800
55843,9138800
55844,9138800
55846,9138800
55847,9138800
55848,9138800
55850,9138800
17951,9153032
17952,9153032
17954,9153032
17955,9153032
17956,9153032
17957,9153032
17958,9153032
17959,9153032
17960,9153032
17961,9153032
17963,9153032
17964,9153032
17965,9153032
17966,9153032
17967,9153032
17969,9153032
17971,9153032
17972,9153032
17974,9153032
17975,9153032
17976,9153032
17977,9153032
17978,9153032
17979,9153032
17981,9153032
17982,9153032
17983,9153032
17985,9153032
17986,9153032
17987,9153032
17988,9153032
17990,9153032
17992,9153032
17993,9153032
17995,9153032
17996,9153032
17997,9153032
17998,9153032
17999,9153032
18000,9153032
342101,9159933
342102,9159933
342103,9159933
342104,9159933
342105,9159933
342106,9159933
342107,9159933
342108,9159933
342109,9159933
342110,9159933
342111,9159933
342112,9159933
342113,9159933
342114,9159933
342115,9159933
342117,9159933
342118,9159933
342120,9159933
342121,9159933
342122,9159933
342123,9159933
342124,9159933
342125,9159933
342127,9159933
342128,9159933
342130,9159933
342132,9159933
342133,9159933
342135,9159933
342137,9159933
342138,9159933
342139,9159933
342141,9159933
342142,9159933
342144,9159933
342145,9159933
342146,9159933
342147,9159933
342148,9159933
342150,9159933
143702,9166637
143703,9166637
143704,9166637
143705,9166637
143706,9166637
143707,9166637
143708,9166637
143709,9166637
143710,9166637
143712,9166637
143713,9166637
143716,9166637
143717,9166637
143718,9166637
143719,9166637
143720,9166637
143721,9166637
143722,9166637
143723,9166637
143724,9166637
143725,9166637
143728,9166637
143729,9166637
143730,9166637
143731,9166637
143732,9166637
143733,9166637
143735,9166637
143736,9166637
143739,9166637
143740,9166637
143741,9166637
143742,9166637
143744,9166637
143745,9166637
143746,9166637
143747,9166637
143748,9166637
143749,9166637
143750,9166637
17152,9181077
17153,9181077
17154,9181077
17155,9181077
17156,9181077
17157,9181077
17159,9181077
17160,9181077
17161,9181077
17162,9181077
17163,9181077
17164,9181077
17165,9181077
17166,9181077
17168,9181077
17171,9181077
17172,9181077
17173,9181077
17174,9181077
17176,9181077
17177,9181077
17178,9181077
17179,9181077
17180,9181077
17181,9181077
17182,9181077
17183,9181077
17184,9181077
17186,9181077
17187,9181077
17188,9181077
17190,9181077
17191,9181077
17192,9181077
17193,9181077
17195,9181077
17196,9181077
17197,9181077
17199,9181077
17200,9181077
61901,9183790
61902,9183790
61903,9183790
61905,9183790
61906,9183790
61907,9183790
61908,9183790
61910,9183790
61911,9183790
61912,9183790
61915,9183790
61917,9183790
61918,9183790
61919,9183790
61920,9183790
61921,9183790
61922,9183790
61923,9183790
61924,9183790
61925,9183790
61926,9183790
61928,9183790
61929,9183790
61930,9183790
61932,9183790
61933,9183790
61936,9183790
61938,9183790
61939,9183790
61940,9183790
61941,9183790
61942,9183790
61943,9183790
61944,9183790
61945,9183790
61946,9183790
61947,9183790
61948,9183790
61949,9183790
61950,9183790
176701,9184029
176702,9184029
176703,9184029
176704,9184029
176705,9184029
176706,9184029
176708,9184029
176709,9184029
176710,9184029
176713,9184029
176716,9184029
176717,9184029
176720,9184029
176721,9184029
176722,9184029
176723,9184029
176724,9184029
176725,9184029
176726,9184029
176727,9184029
176728,9184029
176729,9184029
176730,9184029
176732,9184029
176734,9184029
176735,9184029
176736,9184029
176737,9184029
176738,9184029
176739,9184029
176740,9184029
176741,9184029
176742,9184029
176743,9184029
176744,9184029
176745,9184029
176746,9184029
176748,9184029
176749,9184029
176750,9184029
55452,9186182
55453,9186182
55454,9186182
55456,9186182
55457,9186182
55458,9186182
55460,9186182
55461,9186182
55462,9186182
55464,9186182
55466,9186182
55467,9186182
55468,9186182
55469,9186182
55470,9186182
55471,9186182
55473,9186182
55474,9186182
55475,9186182
55476,9186182
55477,9186182
55478,9186182
55479,9186182
55480,9186182
55481,9186182
55482,9186182
55483,9186182
55484,9186182
55485,9186182
55486,9186182
55487,9186182
55489,9186182
55491,9186182
55492,9186182
55493,9186182
55494,9186182
55496,9186182
55497,9186182
55498,9186182
55500,9186182
140451,9186417
140452,9186417
140454,9186417
140455,9186417
140457,9186417
140458,9186417
140460,9186417
140461,9186417
140462,9186417
140463,9186417
140464,9186417
140465,9186417
140467,9186417
140468,9186417
140469,9186417
140470,9186417
140471,9186417
140472,9186417
140473,9186417
140474,9186417
140476,9186417
140477,9186417
140478,9186417
140480,9186417
140481,9186417
140483,9186417
140484,9186417
140485,9186417
140487,9186417
140488,9186417
140490,9186417
140491,9186417
140492,9186417
140493,9186417
140494,9186417
140495,9186417
140496,9186417
140497,9186417
140498,9186417
140499,9186417
4951,9186637
4952,9186637
4953,9186637
4954,9186637
4957,9186637
4959,9186637
4960,9186637
4961,9186637
4962,9186637
4963,9186637
4964,9186637
4965,9186637
4966,9186637
4967,9186637
4968,9186637
4969,9186637
4970,9186637
4971,9186637
4974,9186637
4975,9186637
4976,9186637
4979,9186637
4980,9186637
4982,9186637
4984,9186637
4985,9186637
4987,9186637
4988,9186637
4989,9186637
4990,9186637
4991,9186637
4992,9186637
4993,9186637
4994,9186637
4995,9186637
4996,9186637
4997,9186637
4998,9186637
4999,9186637
5000,9186637
186101,9192959
186102,9192959
186103,9192959
186104,9192959
186105,9192959
186106,9192959
186107,9192959
186109,9192959
186110,9192959
186111,9192959
186112,9192959
186113,9192959
186114,9192959
186116,9192959
186117,9192959
186118,9192959
186120,9192959
186121,9192959
186122,9192959
186123,9192959
186124,9192959
186125,9192959
186126,9192959
186127,9192959
186128,9192959
186129,9192959
186130,9192959
186131,9192959
186132,9192959
186133,9192959
186138,9192959
186139,9192959
186140,9192959
186141,9192959
186142,9192959
186143,9192959
186146,9192959
186147,9192959
186148,9192959
186149,9192959
75852,9197533
75853,9197533
75855,9197533
75856,9197533
75857,9197533
75858,9197533
75859,9197533
75861,9197533
75862,9197533
75863,9197533
75864,9197533
75865,9197533
75866,9197533
75867,9197533
75869,9197533
75870,9197533
75873,9197533
75874,9197533
75875,9197533
75877,9197533
75879,9197533
75880,9197533
75881,9197533
75882,9197533
75883,9197533
75884,9197533
75885,9197533
75886,9197533
75888,9197533
75889,9197533
75890,9197533
75891,9197533
75892,9197533
75893,9197533
75894,9197533
75895,9197533
75896,9197533
75897,9197533
75899,9197533
75900,9197533
301501,9198226
301502,9198226
301504,9198226
301505,9198226
301506,9198226
301507,9198226
301508,9198226
301510,9198226
301511,9198226
301512,9198226
301513,9198226
301514,9198226
301516,9198226
301518,9198226
301519,9198226
301520,9198226
301521,9198226
301522,9198226
301523,9198226
301524,9198226
301525,9198226
301526,9198226
301527,9198226
301528,9198226
301529,9198226
301530,9198226
301531,9198226
301533,9198226
301534,9198226
301536,9198226
301538,9198226
301539,9198226
301540,9198226
301542,9198226
301543,9198226
301544,9198226
301545,9198226
301548,9198226
301549,9198226
301550,9198226
267151,9204362
267152,9204362
267153,9204362
267154,9204362
267155,9204362
267156,9204362
267157,9204362
267159,9204362
267160,9204362
267161,9204362
267162,9204362
267163,9204362
267166,9204362
267167,9204362
267168,9204362
267169,9204362
267170,9204362
267171,9204362
267172,9204362
267173,9204362
267174,9204362
267176,9204362
267177,9204362
267178,9204362
267180,9204362
267182,9204362
267183,9204362
267185,9204362
267186,9204362
267187,9204362
267188,9204362
267189,9204362
267190,9204362
267191,9204362
267192,9204362
267194,9204362
267195,9204362
267196,9204362
267197,9204362
267200,9204362
66951,9207883
66952,9207883
66953,9207883
66954,9207883
66955,9207883
66956,9207883
66957,9207883
66958,9207883
66961,9207883
66962,9207883
66963,9207883
66964,9207883
66965,9207883
66966,9207883
66967,9207883
66968,9207883
66971,9207883
66973,9207883
66975,9207883
66976,9207883
66978,9207883
66979,9207883
66980,9207883
66981,9207883
66982,9207883
66983,9207883
66985,9207883
66986,9207883
66987,9207883
66988,9207883
66989,9207883
66990,9207883
66991,9207883
66992,9207883
66993,9207883
66996,9207883
66997,9207883
66998,9207883
66999,9207883
67000,9207883
227151,9208007
227152,9208007
227153,9208007
227154,9208007
227155,9208007
227156,9208007
227157,9208007
227158,9208007
227160,9208007
227161,9208007
227164,9208007
227166,9208007
227167,9208007
227168,9208007
227169,9208007
227170,9208007
227171,9208007
227172,9208007
227174,9208007
227176,9208007
227177,9208007
227178,9208007
227179,9208007
227180,9208007
227181,9208007
227182,9208007
227184,9208007
227185,9208007
227186,9208007
227187,9208007
227188,9208007
227190,9208007
227191,9208007
227193,9208007
227194,9208007
227195,9208007
227196,9208007
227197,9208007
227198,9208007
227200,9208007
204151,9209453
204152,9209453
204153,9209453
204154,9209453
204155,9209453
204156,9209453
204159,9209453
204160,9209453
204161,9209453
204162,9209453
204163,9209453
204164,9209453
204165,9209453
204166,9209453
204167,9209453
204169,9209453
204171,9209453
204172,9209453
204173,9209453
204174,9209453
204175,9209453
204176,9209453
204179,9209453
204180,9209453
204181,9209453
204183,9209453
204184,9209453
204185,9209453
204186,9209453
204188,9209453
204189,9209453
204190,9209453
204191,9209453
204192,9209453
204193,9209453
204194,9209453
204195,9209453
204196,9209453
204197,9209453
204199,9209453
45051,9214666
45052,9214666
45053,9214666
45054,9214666
45055,9214666
45056,9214666
45057,9214666
45058,9214666
45059,9214666
45060,9214666
45061,9214666
45062,9214666
45063,9214666
45065,9214666
45068,9214666
45070,9214666
45071,9214666
45073,9214666
45074,9214666
45075,9214666
45077,9214666
45078,9214666
45079,9214666
45080,9214666
45081,9214666
45082,9214666
45083,9214666
45084,9214666
45085,9214666
45086,9214666
45088,9214666
45089,9214666
45090,9214666
45092,9214666
45093,9214666
45094,9214666
45095,9214666
45096,9214666
45097,9214666
45099,9214666
85101,9216626
85102,9216626
85104,9216626
85106,9216626
85107,9216626
85108,9216626
85109,9216626
85110,9216626
85111,9216626
85112,9216626
85113,9216626
85115,9216626
85117,9216626
85118,9216626
85119,9216626
85120,9216626
85121,9216626
85122,9216626
85123,9216626
85124,9216626
85125,9216626
85128,9216626
85129,9216626
85132,9216626
85133,9216626
85134,9216626
85135,9216626
85136,9216626
85138,9216626
85139,9216626
85140,9216626
85141,9216626
85142,9216626
85143,9216626
85144,9216626
85145,9216626
85146,9216626
85148,9216626
85149,9216626
85150,9216626
91401,9216638
91402,9216638
91403,9216638
91405,9216638
91406,9216638
91407,9216638
91408,9216638
91409,9216638
91410,9216638
91411,9216638
91412,9216638
91415,9216638
91416,9216638
91417,9216638
91418,9216638
91419,9216638
91420,9216638
91421,9216638
91423,9216638
91424,9216638
91425,9216638
91426,9216638
91428,9216638
91429,9216638
91430,9216638
91431,9216638
91432,9216638
91433,9216638
91434,9216638
91435,9216638
91436,9216638
91437,9216638
91438,9216638
91440,9216638
91441,9216638
91442,9216638
91446,9216638
91447,9216638
91448,9216638
91450,9216638
325401,9220639
325402,9220639
325405,9220639
325406,9220639
325407,9220639
325409,9220639
325410,9220639
325411,9220639
325412,9220639
325413,9220639
325414,9220639
325415,9220639
325416,9220639
325417,9220639
325419,9220639
325420,9220639
325421,9220639
325422,9220639
325423,9220639
325425,9220639
325426,9220639
325427,9220639
325429,9220639
325430,9220639
325431,9220639
325432,9220639
325433,9220639
325434,9220639
325435,9220639
325436,9220639
325437,9220639
325438,9220639
325439,9220639
325443,9220639
325444,9220639
325445,9220639
325447,9220639
325448,9220639
325449,9220639
325450,9220639
387651,9220641
387652,9220641
387653,9220641
387654,9220641
387656,9220641
387658,9220641
387659,9220641
387660,9220641
387661,9220641
387663,9220641
387664,9220641
387665,9220641
387667,9220641
387668,9220641
387669,9220641
387670,9220641
387671,9220641
387672,9220641
387673,9220641
387674,9220641
387676,9220641
387678,9220641
387679,9220641
387680,9220641
387681,9220641
387682,9220641
387683,9220641
387684,9220641
387685,9220641
387686,9220641
387688,9220641
387691,9220641
387692,9220641
387693,9220641
387695,9220641
387696,9220641
387697,9220641
387698,9220641
387699,9220641
387700,9220641
102901,9227259
102902,9227259
102904,9227259
102905,9227259
102906,9227259
102907,9227259
102908,9227259
102909,9227259
102910,9227259
102911,9227259
102913,9227259
102914,9227259
102915,9227259
102916,9227259
102917,9227259
102919,9227259
102921,9227259
102922,9227259
102923,9227259
102924,9227259
102925,9227259
102927,9227259
102928,9227259
102929,9227259
102930,9227259
102931,9227259
102932,9227259
102933,9227259
102934,9227259
102935,9227259
102936,9227259
102937,9227259
102939,9227259
102940,9227259
102941,9227259
102944,9227259
102946,9227259
102947,9227259
102949,9227259
102950,9227259
9602,9232527
9604,9232527
9605,9232527
9606,9232527
9607,9232527
9608,9232527
9609,9232527
9611,9232527
9612,9232527
9613,9232527
9614,9232527
9615,9232527
9616,9232527
9618,9232527
9619,9232527
9620,9232527
9621,9232527
9622,9232527
9624,9232527
9625,9232527
9626,9232527
9627,9232527
9629,9232527
9631,9232527
9632,9232527
9633,9232527
9634,9232527
9635,9232527
9637,9232527
9639,9232527
9640,9232527
9641,9232527
9642,9232527
9643,9232527
9644,9232527
9645,9232527
9646,9232527
9647,9232527
9649,9232527
9650,9232527
149401,9234070
149402,9234070
149404,9234070
149405,9234070
149406,9234070
149407,9234070
149408,9234070
149409,9234070
149410,9234070
149412,9234070
149413,9234070
149415,9234070
149417,9234070
149418,9234070
149419,9234070
149420,9234070
149421,9234070
149422,9234070
149423,9234070
149424,9234070
149425,9234070
149426,9234070
149427,9234070
149428,9234070
149430,9234070
149431,9234070
149432,9234070
149433,9234070
149434,9234070
149435,9234070
149436,9234070
149439,9234070
149442,9234070
149443,9234070
149444,9234070
149446,9234070
149447,9234070
149448,9234070
149449,9234070
149450,9234070
43051,9246580
43052,9246580
43053,9246580
43054,9246580
43056,9246580
43057,9246580
43058,9246580
43059,9246580
43060,9246580
43062,9246580
43063,9246580
43064,9246580
43065,9246580
43066,9246580
43067,9246580
43068,9246580
43069,9246580
43070,9246580
43072,9246580
43073,9246580
43074,9246580
43075,9246580
43076,9246580
43077,9246580
43078,9246580
43080,9246580
43083,9246580
43084,9246580
43086,9246580
43087,9246580
43088,9246580
43089,9246580
43090,9246580
43092,9246580
43094,9246580
43095,9246580
43096,9246580
43097,9246580
43098,9246580
43099,9246580
20351,9246592
20352,9246592
20353,9246592
20354,9246592
20356,9246592
20357,9246592
20360,9246592
20361,9246592
20362,9246592
20363,9246592
20365,9246592
20366,9246592
20367,9246592
20368,9246592
20369,9246592
20370,9246592
20371,9246592
20372,9246592
20373,9246592
20374,9246592
20377,9246592
20378,9246592
20379,9246592
20380,9246592
20381,9246592
20383,9246592
20384,9246592
20385,9246592
20386,9246592
20387,9246592
20388,9246592
20390,9246592
20391,9246592
20392,9246592
20393,9246592
20394,9246592
20396,9246592
20397,9246592
20398,9246592
20399,9246592
49801,9253208
49803,9253208
49804,9253208
49805,9253208
49806,9253208
49807,9253208
49808,9253208
49810,9253208
49811,9253208
49812,9253208
49813,9253208
49814,9253208
49815,9253208
49816,9253208
49818,9253208
49819,9253208
49821,9253208
49822,9253208
49823,9253208
49824,9253208
49825,9253208
49826,9253208
49828,9253208
49829,9253208
49830,9253208
49832,9253208
49833,9253208
49834,9253208
49835,9253208
49836,9253208
49838,9253208
49840,9253208
49841,9253208
49843,9253208
49845,9253208
49846,9253208
49847,9253208
49848,9253208
49849,9253208
49850,9253208
349851,9262089
349852,9262089
349853,9262089
349854,9262089
349856,9262089
349857,9262089
349858,9262089
349859,9262089
349862,9262089
349864,9262089
349865,9262089
349866,9262089
349867,9262089
349869,9262089
349870,9262089
349871,9262089
349872,9262089
349873,9262089
349875,9262089
349876,9262089
349878,9262089
349879,9262089
349880,9262089
349881,9262089
349883,9262089
349884,9262089
349885,9262089
349886,9262089
349887,9262089
349888,9262089
349890,9262089
349892,9262089
349893,9262089
349894,9262089
349895,9262089
349896,9262089
349897,9262089
349898,9262089
349899,9262089
349900,9262089
33352,9267716
33354,9267716
33356,9267716
33359,9267716
33360,9267716
33362,9267716
33363,9267716
33364,9267716
33365,9267716
33366,9267716
33367,9267716
33368,9267716
33369,9267716
33370,9267716
33372,9267716
33373,9267716
33374,9267716
33375,9267716
33376,9267716
33378,9267716
33379,9267716
33380,9267716
33381,9267716
33382,9267716
33383,9267716
33384,9267716
33385,9267716
33386,9267716
33388,9267716
33389,9267716
33390,9267716
33391,9267716
33392,9267716
33393,9267716
33394,9267716
33396,9267716
33397,9267716
33398,9267716
33399,9267716
33400,9267716
273251,9268710
273252,9268710
273253,9268710
273254,9268710
273255,9268710
273256,9268710
273257,9268710
273258,9268710
273259,9268710
273260,9268710
273261,9268710
273263,9268710
273264,9268710
273265,9268710
273266,9268710
273267,9268710
273268,9268710
273269,9268710
273270,9268710
273271,9268710
273272,9268710
273274,9268710
273275,9268710
273276,9268710
273277,9268710
273278,9268710
273279,9268710
273280,9268710
273281,9268710
273282,9268710
273286,9268710
273287,9268710
273288,9268710
273291,9268710
273293,9268710
273295,9268710
273297,9268710
273298,9268710
273299,9268710
273300,9268710
159852,9270842
159853,9270842
159854,9270842
159856,9270842
159857,9270842
159859,9270842
159860,9270842
159861,9270842
159862,9270842
159864,9270842
159865,9270842
159866,9270842
159869,9270842
159870,9270842
159871,9270842
159872,9270842
159873,9270842
159875,9270842
159876,9270842
159877,9270842
159878,9270842
159879,9270842
159881,9270842
159882,9270842
159883,9270842
159884,9270842
159885,9270842
159886,9270842
159887,9270842
159890,9270842
159891,9270842
159892,9270842
159893,9270842
159894,9270842
159895,9270842
159896,9270842
159897,9270842
159898,9270842
159899,9270842
159900,9270842
171901,9306718
171902,9306718
171903,9306718
171904,9306718
171905,9306718
171906,9306718
171907,9306718
171908,9306718
171910,9306718
171911,9306718
171913,9306718
171914,9306718
171915,9306718
171916,9306718
171918,9306718
171920,9306718
171921,9306718
171922,9306718
171923,9306718
171924,9306718
171925,9306718
171926,9306718
171928,9306718
171929,9306718
171931,9306718
171932,9306718
171933,9306718
171934,9306718
171935,9306718
171938,9306718
171939,9306718
171941,9306718
171942,9306718
171943,9306718
171944,9306718
171945,9306718
171946,9306718
171947,9306718
171949,9306718
171950,9306718
31851,9307358
31852,9307358
31854,9307358
31855,9307358
31856,9307358
31857,9307358
31859,9307358
31860,9307358
31861,9307358
31862,9307358
31863,9307358
31865,9307358
31866,9307358
31867,9307358
31868,9307358
31869,9307358
31870,9307358
31871,9307358
31872,9307358
31873,9307358
31874,9307358
31875,9307358
31876,9307358
31880,9307358
31882,9307358
31883,9307358
31884,9307358
31885,9307358
31886,9307358
31887,9307358
31889,9307358
31891,9307358
31892,9307358
31893,9307358
31894,9307358
31895,9307358
31897,9307358
31898,9307358
31899,9307358
31900,9307358
15101,9307360
15102,9307360
15104,9307360
15106,9307360
15107,9307360
15108,9307360
15109,9307360
15110,9307360
15112,9307360
15113,9307360
15114,9307360
15115,9307360
15116,9307360
15118,9307360
15120,9307360
15121,9307360
15124,9307360
15125,9307360
15126,9307360
15127,9307360
15128,9307360
15129,9307360
15130,9307360
15131,9307360
15132,9307360
15133,9307360
15134,9307360
15136,9307360
15137,9307360
15138,9307360
15140,9307360
15141,9307360
15142,9307360
15143,9307360
15144,9307360
15146,9307360
15147,9307360
15148,9307360
15149,9307360
15150,9307360
32301,9307372
32302,9307372
32303,9307372
32305,9307372
32306,9307372
32307,9307372
32308,9307372
32310,9307372
32312,9307372
32313,9307372
32314,9307372
32315,9307372
32316,9307372
32317,9307372
32318,9307372
32319,9307372
32320,9307372
32321,9307372
32322,9307372
32323,9307372
32325,9307372
32326,9307372
32327,9307372
32328,9307372
32330,9307372
32332,9307372
32333,9307372
32334,9307372
32335,9307372
32336,9307372
32338,9307372
32339,9307372
32340,9307372
32341,9307372
32342,9307372
32343,9307372
32344,9307372
32346,9307372
32349,9307372
32350,9307372
226551,9320568
226552,9320568
226555,9320568
226556,9320568
226557,9320568
226558,9320568
226560,9320568
226562,9320568
226563,9320568
226564,9320568
226565,9320568
226566,9320568
226567,9320568
226568,9320568
226569,9320568
226570,9320568
226572,9320568
226573,9320568
226574,9320568
226575,9320568
226576,9320568
226578,9320568
226579,9320568
226580,9320568
226581,9320568
226582,9320568
226584,9320568
226585,9320568
226586,9320568
226589,9320568
226590,9320568
226591,9320568
226592,9320568
226593,9320568
226594,9320568
226595,9320568
226596,9320568
226598,9320568
226599,9320568
226600,9320568
67701,9343156
67703,9343156
67705,9343156
67706,9343156
67707,9343156
67708,9343156
67710,9343156
67711,9343156
67712,9343156
67713,9343156
67714,9343156
67715,9343156
67716,9343156
67717,9343156
67718,9343156
67719,9343156
67720,9343156
67721,9343156
67723,9343156
67724,9343156
67727,9343156
67728,9343156
67729,9343156
67731,9343156
67733,9343156
67734,9343156
67735,9343156
67736,9343156
67737,9343156
67738,9343156
67739,9343156
67740,9343156
67742,9343156
67743,9343156
67744,9343156
67745,9343156
67746,9343156
67747,9343156
67748,9343156
67750,9343156
59001,9343273
59002,9343273
59003,9343273
59004,9343273
59005,9343273
59006,9343273
59007,9343273
59008,9343273
59009,9343273
59011,9343273
59014,9343273
59015,9343273
59017,9343273
59018,9343273
59019,9343273
59020,9343273
59021,9343273
59022,9343273
59023,9343273
59024,9343273
59026,9343273
59027,9343273
59028,9343273
59030,9343273
59031,9343273
59032,9343273
59034,9343273
59035,9343273
59037,9343273
59039,9343273
59040,9343273
59041,9343273
59043,9343273
59044,9343273
59045,9343273
59046,9343273
59047,9343273
59048,9343273
59049,9343273
59050,9343273
41851,9345398
41852,9345398
41853,9345398
41854,9345398
41855,9345398
41856,9345398
41857,9345398
41858,9345398
41859,9345398
41860,9345398
41861,9345398
41863,9345398
41864,9345398
41865,9345398
41866,9345398
41867,9345398
41868,9345398
41869,9345398
41870,9345398
41871,9345398
41872,9345398
41873,9345398
41876,9345398
41878,9345398
41881,9345398
41882,9345398
41883,9345398
41884,9345398
41885,9345398
41886,9345398
41887,9345398
41888,9345398
41889,9345398
41891,9345398
41892,9345398
41895,9345398
41896,9345398
41897,9345398
41898,9345398
41900,9345398
26801,9348936
26802,9348936
26804,9348936
26805,9348936
26806,9348936
26807,9348936
26808,9348936
26809,9348936
26810,9348936
26811,9348936
26813,9348936
26814,9348936
26816,9348936
26818,9348936
26819,9348936
26822,9348936
26823,9348936
26824,9348936
26825,9348936
26826,9348936
26827,9348936
26828,9348936
26830,9348936
26832,9348936
26833,9348936
26834,9348936
26835,9348936
26837,9348936
26838,9348936
26839,9348936
26841,9348936
26842,9348936
26843,9348936
26844,9348936
26845,9348936
26846,9348936
26847,9348936
26848,9348936
26849,9348936
26850,9348936
21102,9348948
21103,9348948
21104,9348948
21105,9348948
21107,9348948
21108,9348948
21110,9348948
21111,9348948
21112,9348948
21113,9348948
21114,9348948
21115,9348948
21116,9348948
21117,9348948
21118,9348948
21119,9348948
21120,9348948
21121,9348948
21122,9348948
21123,9348948
21124,9348948
21125,9348948
21126,9348948
21127,9348948
21128,9348948
21129,9348948
21130,9348948
21131,9348948
21132,9348948
21134,9348948
21135,9348948
21136,9348948
21137,9348948
21139,9348948
21140,9348948
21142,9348948
21143,9348948
21144,9348948
21147,9348948
21149,9348948
292452,9376701
292453,9376701
292454,9376701
292455,9376701
292459,9376701
292460,9376701
292461,9376701
292462,9376701
292464,9376701
292465,9376701
292466,9376701
292467,9376701
292468,9376701
292469,9376701
292471,9376701
292472,9376701
292473,9376701
292474,9376701
292475,9376701
292476,9376701
292477,9376701
292478,9376701
292479,9376701
292480,9376701
292481,9376701
292482,9376701
292483,9376701
292484,9376701
292485,9376701
292486,9376701
292487,9376701
292488,9376701
292489,9376701
292491,9376701
292494,9376701
292495,9376701
292497,9376701
292498,9376701
292499,9376701
292500,9376701
292401,9376713
292402,9376713
292403,9376713
292404,9376713
292405,9376713
292406,9376713
292407,9376713
292408,9376713
292409,9376713
292410,9376713
292412,9376713
292413,9376713
292414,9376713
292415,9376713
292416,9376713
292417,9376713
292418,9376713
292419,9376713
292420,9376713
292422,9376713
292424,9376713
292426,9376713
292428,9376713
292429,9376713
292430,9376713
292431,9376713
292432,9376713
292433,9376713
292434,9376713
292435,9376713
292436,9376713
292438,9376713
292439,9376713
292440,9376713
292441,9376713
292442,9376713
292443,9376713
292447,9376713
292448,9376713
292449,9376713
338401,9376725
338402,9376725
338403,9376725
338404,9376725
338405,9376725
338406,9376725
338407,9376725
338408,9376725
338409,9376725
338410,9376725
338411,9376725
338415,9376725
338416,9376725
338417,9376725
338418,9376725
338419,9376725
338420,9376725
338422,9376725
338423,9376725
338424,9376725
338425,9376725
338426,9376725
338427,9376725
338429,9376725
338430,9376725
338431,9376725
338432,9376725
338433,9376725
338434,9376725
338435,9376725
338436,9376725
338437,9376725
338438,9376725
338439,9376725
338440,9376725
338441,9376725
338442,9376725
338443,9376725
338444,9376725
338449,9376725
231101,9377482
231102,9377482
231103,9377482
231105,9377482
231106,9377482
231107,9377482
231108,9377482
231109,9377482
231111,9377482
231112,9377482
231114,9377482
231115,9377482
231116,9377482
231117,9377482
231118,9377482
231119,9377482
231121,9377482
231122,9377482
231123,9377482
231124,9377482
231125,9377482
231126,9377482
231128,9377482
231129,9377482
231130,9377482
231131,9377482
231132,9377482
231133,9377482
231134,9377482
231136,9377482
231138,9377482
231139,9377482
231140,9377482
231142,9377482
231143,9377482
231144,9377482
231145,9377482
231147,9377482
231148,9377482
231149,9377482
278351,9383560
278352,9383560
278353,9383560
278354,9383560
278355,9383560
278356,9383560
278358,9383560
278359,9383560
278360,9383560
278361,9383560
278362,9383560
278363,9383560
278364,9383560
278365,9383560
278367,9383560
278368,9383560
278369,9383560
278370,9383560
278372,9383560
278373,9383560
278375,9383560
278377,9383560
278378,9383560
278379,9383560
278380,9383560
278382,9383560
278384,9383560
278385,9383560
278386,9383560
278387,9383560
278388,9383560
278389,9383560
278391,9383560
278392,9383560
278394,9383560
278396,9383560
278397,9383560
278398,9383560
278399,9383560
278400,9383560
202651,9399325
202652,9399325
202653,9399325
202654,9399325
202655,9399325
202656,9399325
202657,9399325
202658,9399325
202659,9399325
202661,9399325
202662,9399325
202664,9399325
202665,9399325
202668,9399325
202669,9399325
202671,9399325
202672,9399325
202673,9399325
202674,9399325
202675,9399325
202677,9399325
202678,9399325
202679,9399325
202680,9399325
202682,9399325
202683,9399325
202684,9399325
202685,9399325
202686,9399325
202687,9399325
202688,9399325
202689,9399325
202690,9399325
202692,9399325
202693,9399325
202695,9399325
202696,9399325
202697,9399325
202698,9399325
202699,9399325
364551,9414981
364553,9414981
364554,9414981
364555,9414981
364556,9414981
364557,9414981
364558,9414981
364559,9414981
364562,9414981
364563,9414981
364564,9414981
364566,9414981
364567,9414981
364568,9414981
364569,9414981
364570,9414981
364571,9414981
364572,9414981
364574,9414981
364575,9414981
364577,9414981
364581,9414981
364582,9414981
364583,9414981
364584,9414981
364585,9414981
364586,9414981
364587,9414981
364588,9414981
364589,9414981
364590,9414981
364591,9414981
364592,9414981
364593,9414981
364594,9414981
364595,9414981
364596,9414981
364597,9414981
364599,9414981
364600,9414981
278151,9424869
278152,9424869
278153,9424869
278155,9424869
278156,9424869
278157,9424869
278158,9424869
278159,9424869
278160,9424869
278161,9424869
278164,9424869
278165,9424869
278166,9424869
278167,9424869
278168,9424869
278169,9424869
278170,9424869
278171,9424869
278174,9424869
278175,9424869
278177,9424869
278178,9424869
278179,9424869
278180,9424869
278181,9424869
278182,9424869
278183,9424869
278184,9424869
278185,9424869
278187,9424869
278190,9424869
278191,9424869
278193,9424869
278194,9424869
278195,9424869
278196,9424869
278197,9424869
278198,9424869
278199,9424869
278200,9424869
278101,9424871
278102,9424871
278103,9424871
278104,9424871
278105,9424871
278106,9424871
278107,9424871
278109,9424871
278110,9424871
278111,9424871
278112,9424871
278113,9424871
278117,9424871
278118,9424871
278119,9424871
278120,9424871
278121,9424871
278122,9424871
278124,9424871
278125,9424871
278126,9424871
278127,9424871
278128,9424871
278129,9424871
278130,9424871
278132,9424871
278134,9424871
278135,9424871
278136,9424871
278137,9424871
278139,9424871
278140,9424871
278141,9424871
278142,9424871
278144,9424871
278146,9424871
278147,9424871
278148,9424871
278149,9424871
278150,9424871
384201,9443566
384203,9443566
384205,9443566
384207,9443566
384210,9443566
384211,9443566
384212,9443566
384213,9443566
384214,9443566
384215,9443566
384216,9443566
384218,9443566
384219,9443566
384220,9443566
384221,9443566
384223,9443566
384224,9443566
384225,9443566
384227,9443566
384228,9443566
384229,9443566
384232,9443566
384233,9443566
384234,9443566
384235,9443566
384236,9443566
384237,9443566
384238,9443566
384239,9443566
384240,9443566
384241,9443566
384242,9443566
384243,9443566
384244,9443566
384245,9443566
384246,9443566
384247,9443566
384248,9443566
384249,9443566
384250,9443566
183901,9457165
183902,9457165
183903,9457165
183905,9457165
183906,9457165
183907,9457165
183910,9457165
183911,9457165
183912,9457165
183913,9457165
183914,9457165
183917,9457165
183918,9457165
183919,9457165
183920,9457165
183921,9457165
183922,9457165
183923,9457165
183924,9457165
183925,9457165
183926,9457165
183927,9457165
183928,9457165
183931,9457165
183933,9457165
183935,9457165
183936,9457165
183937,9457165
183938,9457165
183939,9457165
183940,9457165
183941,9457165
183942,9457165
183943,9457165
183944,9457165
183945,9457165
183946,9457165
183947,9457165
183949,9457165
183950,9457165
241352,9457177
241353,9457177
241355,9457177
241356,9457177
241357,9457177
241358,9457177
241360,9457177
241361,9457177
241362,9457177
241363,9457177
241364,9457177
241365,9457177
241367,9457177
241368,9457177
241369,9457177
241370,9457177
241371,9457177
241372,9457177
241373,9457177
241374,9457177
241375,9457177
241377,9457177
241378,9457177
241379,9457177
241380,9457177
241381,9457177
241383,9457177
241384,9457177
241386,9457177
241388,9457177
241389,9457177
241390,9457177
241391,9457177
241393,9457177
241394,9457177
241395,9457177
241397,9457177
241398,9457177
241399,9457177
241400,9457177
355852,9458951
355853,9458951
355854,9458951
355855,9458951
355857,9458951
355859,9458951
355860,9458951
355861,9458951
355862,9458951
355863,9458951
355864,9458951
355865,9458951
355866,9458951
355868,9458951
355869,9458951
355870,9458951
355871,9458951
355872,9458951
355874,9458951
355875,9458951
355876,9458951
355877,9458951
355878,9458951
355881,9458951
355882,9458951
355883,9458951
355884,9458951
355885,9458951
355886,9458951
355887,9458951
355888,9458951
355889,9458951
355890,9458951
355893,9458951
355894,9458951
355895,9458951
355897,9458951
355898,9458951
355899,9458951
355900,9458951
235802,9465370
235803,9465370
235804,9465370
235805,9465370
235806,9465370
235808,9465370
235809,9465370
235811,9465370
235812,9465370
235813,9465370
235814,9465370
235815,9465370
235816,9465370
235817,9465370
235819,9465370
235820,9465370
235821,9465370
235822,9465370
235823,9465370
235824,9465370
235826,9465370
235828,9465370
235829,9465370
235830,9465370
235831,9465370
235832,9465370
235833,9465370
235835,9465370
235836,9465370
235837,9465370
235840,9465370
235842,9465370
235843,9465370
235844,9465370
235845,9465370
235846,9465370
235847,9465370
235848,9465370
235849,9465370
235850,9465370
363851,9465552
363853,9465552
363854,9465552
363855,9465552
363858,9465552
363859,9465552
363860,9465552
363861,9465552
363863,9465552
363864,9465552
363865,9465552
363866,9465552
363868,9465552
363869,9465552
363870,9465552
363871,9465552
363872,9465552
363873,9465552
363876,9465552
363877,9465552
363878,9465552
363879,9465552
363880,9465552
363881,9465552
363882,9465552
363883,9465552
363884,9465552
363886,9465552
363887,9465552
363888,9465552
363889,9465552
363890,9465552
363891,9465552
363892,9465552
363894,9465552
363895,9465552
363896,9465552
363898,9465552
363899,9465552
363900,9465552
270852,9468891
270853,9468891
270854,9468891
270855,9468891
270856,9468891
270857,9468891
270858,9468891
270860,9468891
270861,9468891
270863,9468891
270864,9468891
270865,9468891
270866,9468891
270867,9468891
270868,9468891
270869,9468891
270871,9468891
270873,9468891
270874,9468891
270877,9468891
270878,9468891
270879,9468891
270880,9468891
270881,9468891
270882,9468891
270883,9468891
270884,9468891
270885,9468891
270886,9468891
270887,9468891
270888,9468891
270890,9468891
270891,9468891
270892,9468891
270893,9468891
270894,9468891
270895,9468891
270896,9468891
270897,9468891
270900,9468891
383902,9468906
383903,9468906
383904,9468906
383906,9468906
383907,9468906
383908,9468906
383909,9468906
383912,9468906
383913,9468906
383914,9468906
383915,9468906
383916,9468906
383917,9468906
383918,9468906
383919,9468906
383920,9468906
383921,9468906
383922,9468906
383923,9468906
383925,9468906
383927,9468906
383928,9468906
383930,9468906
383931,9468906
383932,9468906
383933,9468906
383934,9468906
383935,9468906
383936,9468906
383937,9468906
383938,9468906
383939,9468906
383940,9468906
383941,9468906
383942,9468906
383943,9468906
383944,9468906
383945,9468906
383947,9468906
383950,9468906
284951,9468918
284952,9468918
284953,9468918
284955,9468918
284957,9468918
284958,9468918
284959,9468918
284961,9468918
284962,9468918
284963,9468918
284964,9468918
284965,9468918
284966,9468918
284967,9468918
284968,9468918
284969,9468918
284971,9468918
284972,9468918
284973,9468918
284974,9468918
284975,9468918
284976,9468918
284977,9468918
284980,9468918
284981,9468918
284983,9468918
284984,9468918
284985,9468918
284986,9468918
284987,9468918
284988,9468918
284989,9468918
284990,9468918
284992,9468918
284994,9468918
284995,9468918
284996,9468918
284997,9468918
284998,9468918
285000,9468918
86552,9473456
86553,9473456
86554,9473456
86555,9473456
86556,9473456
86557,9473456
86558,9473456
86559,9473456
86560,9473456
86563,9473456
86564,9473456
86565,9473456
86569,9473456
86570,9473456
86571,9473456
86572,9473456
86574,9473456
86575,9473456
86576,9473456
86577,9473456
86579,9473456
86580,9473456
86581,9473456
86582,9473456
86583,9473456
86584,9473456
86585,9473456
86587,9473456
86588,9473456
86589,9473456
86590,9473456
86591,9473456
86592,9473456
86593,9473456
86594,9473456
86595,9473456
86596,9473456
86598,9473456
86599,9473456
86600,9473456
197451,9473468
197452,9473468
197454,9473468
197455,9473468
197456,9473468
197457,9473468
197458,9473468
197459,9473468
197460,9473468
197461,9473468
197462,9473468
197464,9473468
197465,9473468
197466,9473468
197467,9473468
197468,9473468
197469,9473468
197470,9473468
197471,9473468
197472,9473468
197474,9473468
197475,9473468
197477,9473468
197479,9473468
197481,9473468
197482,9473468
197484,9473468
197485,9473468
197486,9473468
197487,9473468
197488,9473468
197490,9473468
197491,9473468
197493,9473468
197494,9473468
197496,9473468
197497,9473468
197498,9473468
197499,9473468
197500,9473468
321451,9510747
321453,9510747
321454,9510747
321455,9510747
321456,9510747
321457,9510747
321458,9510747
321459,9510747
321460,9510747
321462,9510747
321463,9510747
321464,9510747
321465,9510747
321466,9510747
321467,9510747
321468,9510747
321471,9510747
321472,9510747
321473,9510747
321474,9510747
321475,9510747
321476,9510747
321478,9510747
321482,9510747
321483,9510747
321484,9510747
321485,9510747
321486,9510747
321487,9510747
321488,9510747
321489,9510747
321491,9510747
321492,9510747
321493,9510747
321495,9510747
321496,9510747
321497,9510747
321498,9510747
321499,9510747
321500,9510747
264051,9539080
264052,9539080
264054,9539080
264055,9539080
264057,9539080
264058,9539080
264059,9539080
264060,9539080
264061,9539080
264063,9539080
264064,9539080
264065,9539080
264066,9539080
264067,9539080
264068,9539080
264069,9539080
264070,9539080
264071,9539080
264072,9539080
264074,9539080
264075,9539080
264076,9539080
264077,9539080
264078,9539080
264080,9539080
264081,9539080
264082,9539080
264084,9539080
264085,9539080
264086,9539080
264087,9539080
264088,9539080
264091,9539080
264092,9539080
264093,9539080
264094,9539080
264096,9539080
264097,9539080
264098,9539080
264100,9539080
