354901,5124265
354903,5124265
354904,5124265
354906,5124265
354907,5124265
354909,5124265
354910,5124265
354911,5124265
354912,5124265
354913,5124265
354914,5124265
354915,5124265
354916,5124265
354917,5124265
354918,5124265
354919,5124265
354921,5124265
354923,5124265
354924,5124265
354925,5124265
354926,5124265
354927,5124265
354930,5124265
354931,5124265
354933,5124265
354934,5124265
354935,5124265
354936,5124265
354938,5124265
354939,5124265
354940,5124265
354941,5124265
354943,5124265
354944,5124265
354945,5124265
354946,5124265
354947,5124265
354948,5124265
354949,5124265
354950,5124265
329151,7729019
329152,7729019
329153,7729019
329154,7729019
329155,7729019
329156,7729019
329157,7729019
329158,7729019
329159,7729019
329160,7729019
329161,7729019
329162,7729019
329163,7729019
329164,7729019
329166,7729019
329167,7729019
329168,7729019
329170,7729019
329171,7729019
329173,7729019
329174,7729019
329175,7729019
329178,7729019
329179,7729019
329183,7729019
329184,7729019
329185,7729019
329186,7729019
329187,7729019
329188,7729019
329191,7729019
329192,7729019
329193,7729019
329194,7729019
329195,7729019
329196,7729019
329197,7729019
329198,7729019
329199,7729019
329200,7729019
135251,8517542
135254,8517542
135255,8517542
135257,8517542
135258,8517542
135259,8517542
135260,8517542
135262,8517542
135263,8517542
135265,8517542
135266,8517542
135267,8517542
135268,8517542
135269,8517542
135270,8517542
135271,8517542
135273,8517542
135274,8517542
135275,8517542
135276,8517542
135277,8517542
135278,8517542
135280,8517542
135281,8517542
135282,8517542
135284,8517542
135286,8517542
135287,8517542
135288,8517542
135289,8517542
135291,8517542
135292,8517542
135293,8517542
135294,8517542
135295,8517542
135296,8517542
135297,8517542
135298,8517542
135299,8517542
135300,8517542
131701,8806682
131702,8806682
131703,8806682
131704,8806682
131705,8806682
131706,8806682
131707,8806682
131708,8806682
131709,8806682
131710,8806682
131712,8806682
131713,8806682
131715,8806682
131717,8806682
131718,8806682
131720,8806682
131721,8806682
131722,8806682
131723,8806682
131724,8806682
131725,8806682
131726,8806682
131727,8806682
131732,8806682
131733,8806682
131734,8806682
131735,8806682
131736,8806682
131739,8806682
131740,8806682
131741,8806682
131742,8806682
131743,8806682
131744,8806682
131745,8806682
131746,8806682
131747,8806682
131748,8806682
131749,8806682
131750,8806682
262251,8814861
262252,8814861
262253,8814861
262254,8814861
262255,8814861
262257,8814861
262258,8814861
262260,8814861
262261,8814861
262262,8814861
262265,8814861
262266,8814861
262268,8814861
262269,8814861
262270,8814861
262271,8814861
262272,8814861
262273,8814861
262274,8814861
262275,8814861
262276,8814861
262277,8814861
262278,8814861
262280,8814861
262281,8814861
262282,8814861
262284,8814861
262285,8814861
262286,8814861
262287,8814861
262289,8814861
262290,8814861
262291,8814861
262293,8814861
262294,8814861
262295,8814861
262296,8814861
262297,8814861
262298,8814861
262299,8814861
234051,8821759
234052,8821759
234055,8821759
234056,8821759
234057,8821759
234058,8821759
234059,8821759
234060,8821759
234061,8821759
234062,8821759
234063,8821759
234064,8821759
234065,8821759
234066,8821759
234067,8821759
234068,8821759
234069,8821759
234070,8821759
234071,8821759
234072,8821759
234074,8821759
234076,8821759
234077,8821759
234080,8821759
234081,8821759
234082,8821759
234083,8821759
234084,8821759
234087,8821759
234088,8821759
234090,8821759
234091,8821759
234092,8821759
234093,8821759
234094,8821759
234096,8821759
234097,8821759
234098,8821759
234099,8821759
234100,8821759
311151,8865640
311153,8865640
311154,8865640
311156,8865640
311157,8865640
311158,8865640
311159,8865640
311161,8865640
311163,8865640
311164,8865640
311165,8865640
311166,8865640
311168,8865640
311169,8865640
311171,8865640
311172,8865640
311173,8865640
311174,8865640
311176,8865640
311177,8865640
311178,8865640
311179,8865640
311180,8865640
311181,8865640
311182,8865640
311183,8865640
311184,8865640
311185,8865640
311186,8865640
311187,8865640
311190,8865640
311191,8865640
311192,8865640
311193,8865640
311195,8865640
311196,8865640
311197,8865640
311198,8865640
311199,8865640
311200,8865640
239351,9038969
239352,9038969
239353,9038969
239354,9038969
239356,9038969
239357,9038969
239358,9038969
239359,9038969
239360,9038969
239361,9038969
239362,9038969
239363,9038969
239364,9038969
239366,9038969
239367,9038969
239369,9038969
239370,9038969
239372,9038969
239374,9038969
239375,9038969
239376,9038969
239377,9038969
239378,9038969
239379,9038969
239380,9038969
239381,9038969
239383,9038969
239384,9038969
239385,9038969
239386,9038969
239388,9038969
239389,9038969
239390,9038969
239391,9038969
239392,9038969
239394,9038969
239395,9038969
239396,9038969
239398,9038969
239399,9038969
191603,9125736
191604,9125736
191605,9125736
191606,9125736
191607,9125736
191608,9125736
191609,9125736
191611,9125736
191612,9125736
191613,9125736
191614,9125736
191615,9125736
191617,9125736
191618,9125736
191619,9125736
191621,9125736
191623,9125736
191624,9125736
191625,9125736
191626,9125736
191627,9125736
191628,9125736
191630,9125736
191631,9125736
191632,9125736
191633,9125736
191635,9125736
191636,9125736
191637,9125736
191638,9125736
191639,9125736
191641,9125736
191642,9125736
191643,9125736
191644,9125736
191645,9125736
191646,9125736
191648,9125736
191649,9125736
191650,9125736
295351,9127693
295352,9127693
295353,9127693
295355,9127693
295356,9127693
295358,9127693
295359,9127693
295360,9127693
295361,9127693
295362,9127693
295363,9127693
295364,9127693
295365,9127693
295366,9127693
295367,9127693
295369,9127693
295370,9127693
295371,9127693
295372,9127693
295373,9127693
295374,9127693
295375,9127693
295376,9127693
295377,9127693
295378,9127693
295379,9127693
295383,9127693
295384,9127693
295385,9127693
295386,9127693
295387,9127693
295388,9127693
295390,9127693
295392,9127693
295393,9127693
295394,9127693
295396,9127693
295397,9127693
295398,9127693
295400,9127693
31401,9148453
31402,9148453
31403,9148453
31404,9148453
31405,9148453
31406,9148453
31407,9148453
31408,9148453
31409,9148453
31410,9148453
31411,9148453
31413,9148453
31414,9148453
31416,9148453
31417,9148453
31418,9148453
31421,9148453
31423,9148453
31424,9148453
31426,9148453
31427,9148453
31428,9148453
31429,9148453
31430,9148453
31431,9148453
31432,9148453
31433,9148453
31434,9148453
31435,9148453
31436,9148453
31437,9148453
31440,9148453
31442,9148453
31443,9148453
31444,9148453
31445,9148453
31446,9148453
31447,9148453
31449,9148453
31450,9148453
255001,9167186
255003,9167186
255004,9167186
255007,9167186
255008,9167186
255009,9167186
255010,9167186
255011,9167186
255012,9167186
255013,9167186
255014,9167186
255017,9167186
255020,9167186
255021,9167186
255022,9167186
255023,9167186
255025,9167186
255026,9167186
255027,9167186
255028,9167186
255029,9167186
255031,9167186
255032,9167186
255033,9167186
255034,9167186
255035,9167186
255036,9167186
255037,9167186
255038,9167186
255039,9167186
255040,9167186
255041,9167186
255042,9167186
255043,9167186
255044,9167186
255045,9167186
255046,9167186
255047,9167186
255048,9167186
255050,9167186
233101,9172167
233102,9172167
233103,9172167
233105,9172167
233106,9172167
233107,9172167
233108,9172167
233110,9172167
233111,9172167
233112,9172167
233113,9172167
233114,9172167
233116,9172167
233119,9172167
233120,9172167
233121,9172167
233123,9172167
233124,9172167
233125,9172167
233126,9172167
233127,9172167
233129,9172167
233130,9172167
233131,9172167
233132,9172167
233133,9172167
233134,9172167
233135,9172167
233137,9172167
233138,9172167
233139,9172167
233140,9172167
233141,9172167
233143,9172167
233144,9172167
233146,9172167
233147,9172167
233148,9172167
233149,9172167
233150,9172167
79651,9183817
79652,9183817
79653,9183817
79654,9183817
79656,9183817
79657,9183817
79658,9183817
79660,9183817
79661,9183817
79662,9183817
79663,9183817
79664,9183817
79665,9183817
79667,9183817
79668,9183817
79669,9183817
79670,9183817
79671,9183817
79673,9183817
79674,9183817
79675,9183817
79676,9183817
79677,9183817
79679,9183817
79680,9183817
79682,9183817
79683,9183817
79685,9183817
79686,9183817
79687,9183817
79688,9183817
79689,9183817
79690,9183817
79691,9183817
79692,9183817
79694,9183817
79697,9183817
79698,9183817
79699,9183817
79700,9183817
50001,9183829
50002,9183829
50004,9183829
50005,9183829
50006,9183829
50008,9183829
50009,9183829
50011,9183829
50012,9183829
50013,9183829
50014,9183829
50015,9183829
50016,9183829
50017,9183829
50018,9183829
50021,9183829
50022,9183829
50024,9183829
50026,9183829
50027,9183829
50028,9183829
50029,9183829
50030,9183829
50031,9183829
50033,9183829
50035,9183829
50036,9183829
50038,9183829
50039,9183829
50040,9183829
50041,9183829
50042,9183829
50043,9183829
50044,9183829
50045,9183829
50046,9183829
50047,9183829
50048,9183829
50049,9183829
50050,9183829
351151,9185279
351154,9185279
351155,9185279
351156,9185279
351157,9185279
351158,9185279
351159,9185279
351161,9185279
351162,9185279
351163,9185279
351164,9185279
351165,9185279
351166,9185279
351168,9185279
351169,9185279
351170,9185279
351171,9185279
351173,9185279
351175,9185279
351176,9185279
351177,9185279
351178,9185279
351180,9185279
351181,9185279
351182,9185279
351183,9185279
351184,9185279
351185,9185279
351186,9185279
351187,9185279
351188,9185279
351189,9185279
351190,9185279
351192,9185279
351193,9185279
351194,9185279
351195,9185279
351196,9185279
351198,9185279
351200,9185279
388253,9189134
388254,9189134
388255,9189134
388256,9189134
388257,9189134
388258,9189134
388259,9189134
388260,9189134
388262,9189134
388263,9189134
388264,9189134
388266,9189134
388267,9189134
388268,9189134
388269,9189134
388271,9189134
388272,9189134
388273,9189134
388274,9189134
388275,9189134
388276,9189134
388277,9189134
388279,9189134
388280,9189134
388281,9189134
388283,9189134
388284,9189134
388286,9189134
388287,9189134
388288,9189134
388289,9189134
388291,9189134
388292,9189134
388293,9189134
388294,9189134
388296,9189134
388297,9189134
388298,9189134
388299,9189134
388300,9189134
333451,9213325
333452,9213325
333453,9213325
333454,9213325
333455,9213325
333457,9213325
333459,9213325
333460,9213325
333461,9213325
333462,9213325
333463,9213325
333466,9213325
333467,9213325
333468,9213325
333469,9213325
333472,9213325
333473,9213325
333474,9213325
333475,9213325
333477,9213325
333478,9213325
333479,9213325
333480,9213325
333481,9213325
333482,9213325
333483,9213325
333484,9213325
333485,9213325
333486,9213325
333487,9213325
333489,9213325
333490,9213325
333491,9213325
333492,9213325
333493,9213325
333494,9213325
333496,9213325
333497,9213325
333498,9213325
333500,9213325
377451,9224568
377453,9224568
377454,9224568
377455,9224568
377456,9224568
377457,9224568
377458,9224568
377459,9224568
377460,9224568
377461,9224568
377462,9224568
377464,9224568
377466,9224568
377467,9224568
377468,9224568
377469,9224568
377470,9224568
377471,9224568
377472,9224568
377474,9224568
377475,9224568
377476,9224568
377477,9224568
377478,9224568
377481,9224568
377482,9224568
377483,9224568
377487,9224568
377488,9224568
377489,9224568
377491,9224568
377492,9224568
377493,9224568
377494,9224568
377495,9224568
377496,9224568
377497,9224568
377498,9224568
377499,9224568
377500,9224568
249001,9224570
249002,9224570
249003,9224570
249004,9224570
249005,9224570
249006,9224570
249007,9224570
249008,9224570
249009,9224570
249010,9224570
249012,9224570
249013,9224570
249014,9224570
249016,9224570
249017,9224570
249019,9224570
249020,9224570
249021,9224570
249023,9224570
249024,9224570
249025,9224570
249026,9224570
249027,9224570
249028,9224570
249030,9224570
249031,9224570
249032,9224570
249033,9224570
249034,9224570
249035,9224570
249036,9224570
249037,9224570
249039,9224570
249040,9224570
249041,9224570
249042,9224570
249043,9224570
249044,9224570
249047,9224570
249048,9224570
112301,9226566
112302,9226566
112303,9226566
112305,9226566
112306,9226566
112307,9226566
112308,9226566
112309,9226566
112310,9226566
112311,9226566
112313,9226566
112316,9226566
112317,9226566
112318,9226566
112319,9226566
112320,9226566
112321,9226566
112323,9226566
112324,9226566
112325,9226566
112326,9226566
112328,9226566
112329,9226566
112330,9226566
112331,9226566
112332,9226566
112334,9226566
112335,9226566
112336,9226566
112337,9226566
112340,9226566
112341,9226566
112342,9226566
112344,9226566
112345,9226566
112346,9226566
112347,9226566
112348,9226566
112349,9226566
112350,9226566
350501,9229295
350503,9229295
350504,9229295
350505,9229295
350506,9229295
350507,9229295
350510,9229295
350511,9229295
350512,9229295
350513,9229295
350514,9229295
350515,9229295
350517,9229295
350518,9229295
350519,9229295
350520,9229295
350521,9229295
350522,9229295
350523,9229295
350524,9229295
350525,9229295
350526,9229295
350527,9229295
350528,9229295
350529,9229295
350530,9229295
350531,9229295
350532,9229295
350533,9229295
350534,9229295
350535,9229295
350536,9229295
350537,9229295
350538,9229295
350543,9229295
350544,9229295
350545,9229295
350546,9229295
350549,9229295
350550,9229295
172301,9237228
172302,9237228
172303,9237228
172305,9237228
172306,9237228
172307,9237228
172308,9237228
172309,9237228
172311,9237228
172312,9237228
172313,9237228
172314,9237228
172315,9237228
172316,9237228
172317,9237228
172318,9237228
172319,9237228
172320,9237228
172322,9237228
172323,9237228
172324,9237228
172325,9237228
172327,9237228
172328,9237228
172330,9237228
172331,9237228
172333,9237228
172334,9237228
172336,9237228
172337,9237228
172338,9237228
172339,9237228
172342,9237228
172343,9237228
172344,9237228
172345,9237228
172347,9237228
172348,9237228
172349,9237228
172350,9237228
387251,9237711
387253,9237711
387254,9237711
387255,9237711
387257,9237711
387258,9237711
387259,9237711
387260,9237711
387261,9237711
387262,9237711
387263,9237711
387264,9237711
387265,9237711
387266,9237711
387267,9237711
387268,9237711
387269,9237711
387270,9237711
387271,9237711
387272,9237711
387273,9237711
387276,9237711
387277,9237711
387281,9237711
387282,9237711
387283,9237711
387286,9237711
387288,9237711
387289,9237711
387290,9237711
387291,9237711
387292,9237711
387293,9237711
387294,9237711
387295,9237711
387296,9237711
387297,9237711
387298,9237711
387299,9237711
387300,9237711
324801,9241815
324802,9241815
324803,9241815
324805,9241815
324807,9241815
324808,9241815
324809,9241815
324810,9241815
324811,9241815
324812,9241815
324813,9241815
324814,9241815
324815,9241815
324817,9241815
324818,9241815
324819,9241815
324820,9241815
324822,9241815
324823,9241815
324825,9241815
324826,9241815
324827,9241815
324828,9241815
324829,9241815
324830,9241815
324831,9241815
324832,9241815
324833,9241815
324834,9241815
324835,9241815
324836,9241815
324837,9241815
324838,9241815
324839,9241815
324841,9241815
324843,9241815
324844,9241815
324846,9241815
324848,9241815
324849,9241815
266601,9242156
266602,9242156
266603,9242156
266604,9242156
266605,9242156
266606,9242156
266607,9242156
266608,9242156
266611,9242156
266612,9242156
266613,9242156
266615,9242156
266616,9242156
266617,9242156
266618,9242156
266619,9242156
266620,9242156
266621,9242156
266622,9242156
266623,9242156
266625,9242156
266626,9242156
266627,9242156
266628,9242156
266629,9242156
266630,9242156
266632,9242156
266633,9242156
266634,9242156
266636,9242156
266637,9242156
266638,9242156
266639,9242156
266640,9242156
266642,9242156
266643,9242156
266644,9242156
266645,9242156
266646,9242156
266650,9242156
333101,9242326
333103,9242326
333105,9242326
333106,9242326
333107,9242326
333109,9242326
333111,9242326
333112,9242326
333113,9242326
333114,9242326
333115,9242326
333116,9242326
333117,9242326
333118,9242326
333121,9242326
333122,9242326
333124,9242326
333125,9242326
333126,9242326
333127,9242326
333128,9242326
333129,9242326
333130,9242326
333131,9242326
333132,9242326
333134,9242326
333135,9242326
333136,9242326
333138,9242326
333139,9242326
333140,9242326
333141,9242326
333142,9242326
333143,9242326
333144,9242326
333145,9242326
333146,9242326
333148,9242326
333149,9242326
333150,9242326
366901,9242338
366902,9242338
366903,9242338
366904,9242338
366905,9242338
366906,9242338
366908,9242338
366909,9242338
366911,9242338
366912,9242338
366913,9242338
366914,9242338
366915,9242338
366916,9242338
366919,9242338
366920,9242338
366921,9242338
366924,9242338
366925,9242338
366926,9242338
366927,9242338
366928,9242338
366929,9242338
366930,9242338
366931,9242338
366932,9242338
366933,9242338
366935,9242338
366936,9242338
366937,9242338
366938,9242338
366939,9242338
366940,9242338
366941,9242338
366943,9242338
366944,9242338
366945,9242338
366947,9242338
366948,9242338
366950,9242338
396651,9252187
396652,9252187
396654,9252187
396655,9252187
396656,9252187
396657,9252187
396658,9252187
396659,9252187
396661,9252187
396663,9252187
396664,9252187
396666,9252187
396667,9252187
396668,9252187
396669,9252187
396671,9252187
396672,9252187
396673,9252187
396674,9252187
396675,9252187
396676,9252187
396677,9252187
396678,9252187
396679,9252187
396680,9252187
396681,9252187
396684,9252187
396685,9252187
396686,9252187
396687,9252187
396688,9252187
396689,9252187
396690,9252187
396691,9252187
396692,9252187
396694,9252187
396697,9252187
396698,9252187
396699,9252187
396700,9252187
259952,9257125
259954,9257125
259955,9257125
259956,9257125
259957,9257125
259958,9257125
259959,9257125
259960,9257125
259961,9257125
259963,9257125
259964,9257125
259966,9257125
259967,9257125
259968,9257125
259969,9257125
259970,9257125
259971,9257125
259972,9257125
259973,9257125
259974,9257125
259975,9257125
259976,9257125
259977,9257125
259979,9257125
259980,9257125
259982,9257125
259983,9257125
259984,9257125
259985,9257125
259986,9257125
259987,9257125
259989,9257125
259990,9257125
259992,9257125
259993,9257125
259995,9257125
259996,9257125
259997,9257125
259998,9257125
259999,9257125
324451,9258026
324452,9258026
324455,9258026
324456,9258026
324457,9258026
324458,9258026
324460,9258026
324461,9258026
324462,9258026
324463,9258026
324464,9258026
324466,9258026
324467,9258026
324469,9258026
324470,9258026
324471,9258026
324472,9258026
324473,9258026
324474,9258026
324476,9258026
324477,9258026
324478,9258026
324479,9258026
324481,9258026
324483,9258026
324484,9258026
324485,9258026
324486,9258026
324487,9258026
324488,9258026
324490,9258026
324491,9258026
324492,9258026
324494,9258026
324495,9258026
324496,9258026
324497,9258026
324498,9258026
324499,9258026
324500,9258026
280301,9259927
280303,9259927
280304,9259927
280305,9259927
280306,9259927
280308,9259927
280311,9259927
280312,9259927
280313,9259927
280314,9259927
280315,9259927
280316,9259927
280317,9259927
280318,9259927
280319,9259927
280320,9259927
280321,9259927
280322,9259927
280325,9259927
280326,9259927
280327,9259927
280328,9259927
280329,9259927
280330,9259927
280332,9259927
280333,9259927
280334,9259927
280335,9259927
280336,9259927
280337,9259927
280338,9259927
280339,9259927
280340,9259927
280341,9259927
280342,9259927
280345,9259927
280346,9259927
280347,9259927
280348,9259927
280350,9259927
113802,9271406
113804,9271406
113806,9271406
113807,9271406
113808,9271406
113809,9271406
113810,9271406
113811,9271406
113812,9271406
113813,9271406
113814,9271406
113815,9271406
113816,9271406
113818,9271406
113819,9271406
113820,9271406
113821,9271406
113823,9271406
113824,9271406
113825,9271406
113827,9271406
113828,9271406
113829,9271406
113830,9271406
113832,9271406
113835,9271406
113836,9271406
113837,9271406
113838,9271406
113839,9271406
113840,9271406
113841,9271406
113842,9271406
113843,9271406
113844,9271406
113845,9271406
113846,9271406
113847,9271406
113848,9271406
113849,9271406
357751,9276561
357753,9276561
357754,9276561
357755,9276561
357756,9276561
357757,9276561
357758,9276561
357760,9276561
357762,9276561
357763,9276561
357764,9276561
357765,9276561
357766,9276561
357767,9276561
357768,9276561
357769,9276561
357770,9276561
357771,9276561
357772,9276561
357773,9276561
357774,9276561
357775,9276561
357776,9276561
357777,9276561
357779,9276561
357780,9276561
357781,9276561
357782,9276561
357784,9276561
357785,9276561
357786,9276561
357788,9276561
357791,9276561
357792,9276561
357793,9276561
357796,9276561
357797,9276561
357798,9276561
357799,9276561
357800,9276561
324201,9276585
324202,9276585
324203,9276585
324204,9276585
324205,9276585
324206,9276585
324207,9276585
324209,9276585
324210,9276585
324211,9276585
324212,9276585
324213,9276585
324214,9276585
324215,9276585
324216,9276585
324217,9276585
324218,9276585
324219,9276585
324221,9276585
324224,9276585
324225,9276585
324226,9276585
324228,9276585
324229,9276585
324230,9276585
324233,9276585
324235,9276585
324236,9276585
324237,9276585
324238,9276585
324239,9276585
324240,9276585
324241,9276585
324243,9276585
324244,9276585
324246,9276585
324247,9276585
324248,9276585
324249,9276585
324250,9276585
315551,9276597
315552,9276597
315553,9276597
315554,9276597
315555,9276597
315557,9276597
315558,9276597
315559,9276597
315560,9276597
315561,9276597
315562,9276597
315565,9276597
315566,9276597
315567,9276597
315568,9276597
315569,9276597
315570,9276597
315571,9276597
315572,9276597
315573,9276597
315574,9276597
315576,9276597
315578,9276597
315580,9276597
315581,9276597
315583,9276597
315584,9276597
315585,9276597
315587,9276597
315588,9276597
315589,9276597
315590,9276597
315591,9276597
315592,9276597
315594,9276597
315595,9276597
315597,9276597
315598,9276597
315599,9276597
315600,9276597
315502,9279707
315503,9279707
315504,9279707
315505,9279707
315506,9279707
315507,9279707
315509,9279707
315510,9279707
315511,9279707
315512,9279707
315513,9279707
315514,9279707
315515,9279707
315516,9279707
315519,9279707
315520,9279707
315521,9279707
315522,9279707
315523,9279707
315524,9279707
315525,9279707
315526,9279707
315527,9279707
315530,9279707
315531,9279707
315532,9279707
315534,9279707
315535,9279707
315536,9279707
315537,9279707
315538,9279707
315539,9279707
315540,9279707
315541,9279707
315542,9279707
315543,9279707
315547,9279707
315548,9279707
315549,9279707
315550,9279707
71351,9280110
71352,9280110
71353,9280110
71354,9280110
71355,9280110
71358,9280110
71359,9280110
71360,9280110
71361,9280110
71362,9280110
71363,9280110
71364,9280110
71365,9280110
71369,9280110
71370,9280110
71371,9280110
71372,9280110
71373,9280110
71374,9280110
71375,9280110
71376,9280110
71377,9280110
71379,9280110
71380,9280110
71381,9280110
71382,9280110
71384,9280110
71385,9280110
71386,9280110
71387,9280110
71388,9280110
71389,9280110
71391,9280110
71392,9280110
71394,9280110
71395,9280110
71396,9280110
71397,9280110
71399,9280110
71400,9280110
340154,9282792
340156,9282792
340157,9282792
340158,9282792
340159,9282792
340160,9282792
340161,9282792
340162,9282792
340163,9282792
340164,9282792
340166,9282792
340167,9282792
340168,9282792
340169,9282792
340171,9282792
340172,9282792
340173,9282792
340174,9282792
340175,9282792
340176,9282792
340178,9282792
340179,9282792
340180,9282792
340181,9282792
340182,9282792
340184,9282792
340185,9282792
340186,9282792
340187,9282792
340188,9282792
340189,9282792
340190,9282792
340191,9282792
340192,9282792
340193,9282792
340194,9282792
340195,9282792
340196,9282792
340197,9282792
340198,9282792
203551,9285720
203553,9285720
203554,9285720
203555,9285720
203556,9285720
203558,9285720
203559,9285720
203560,9285720
203561,9285720
203562,9285720
203565,9285720
203566,9285720
203567,9285720
203569,9285720
203570,9285720
203571,9285720
203572,9285720
203574,9285720
203575,9285720
203576,9285720
203577,9285720
203578,9285720
203579,9285720
203580,9285720
203583,9285720
203584,9285720
203585,9285720
203586,9285720
203587,9285720
203588,9285720
203590,9285720
203591,9285720
203593,9285720
203594,9285720
203595,9285720
203596,9285720
203597,9285720
203598,9285720
203599,9285720
203600,9285720
386451,9286504
386452,9286504
386453,9286504
386454,9286504
386455,9286504
386457,9286504
386458,9286504
386460,9286504
386462,9286504
386463,9286504
386464,9286504
386465,9286504
386466,9286504
386467,9286504
386468,9286504
386469,9286504
386470,9286504
386471,9286504
386473,9286504
386474,9286504
386475,9286504
386476,9286504
386477,9286504
386478,9286504
386479,9286504
386481,9286504
386482,9286504
386483,9286504
386484,9286504
386485,9286504
386486,9286504
386487,9286504
386490,9286504
386492,9286504
386493,9286504
386494,9286504
386496,9286504
386497,9286504
386498,9286504
386500,9286504
396101,9290323
396102,9290323
396103,9290323
396105,9290323
396106,9290323
396107,9290323
396108,9290323
396109,9290323
396110,9290323
396111,9290323
396112,9290323
396113,9290323
396114,9290323
396117,9290323
396118,9290323
396119,9290323
396120,9290323
396121,9290323
396122,9290323
396124,9290323
396125,9290323
396126,9290323
396127,9290323
396128,9290323
396129,9290323
396130,9290323
396131,9290323
396132,9290323
396133,9290323
396134,9290323
396135,9290323
396137,9290323
396140,9290323
396142,9290323
396145,9290323
396146,9290323
396147,9290323
396148,9290323
396149,9290323
396150,9290323
143001,9292840
143002,9292840
143003,9292840
143004,9292840
143006,9292840
143007,9292840
143008,9292840
143009,9292840
143011,9292840
143012,9292840
143013,9292840
143014,9292840
143015,9292840
143016,9292840
143017,9292840
143018,9292840
143019,9292840
143020,9292840
143021,9292840
143022,9292840
143023,9292840
143024,9292840
143025,9292840
143026,9292840
143028,9292840
143029,9292840
143030,9292840
143031,9292840
143032,9292840
143034,9292840
143035,9292840
143036,9292840
143038,9292840
143039,9292840
143040,9292840
143042,9292840
143046,9292840
143047,9292840
143049,9292840
143050,9292840
163153,9297321
163155,9297321
163156,9297321
163157,9297321
163158,9297321
163159,9297321
163160,9297321
163161,9297321
163162,9297321
163163,9297321
163164,9297321
163166,9297321
163167,9297321
163169,9297321
163170,9297321
163171,9297321
163173,9297321
163174,9297321
163175,9297321
163176,9297321
163177,9297321
163178,9297321
163180,9297321
163181,9297321
163182,9297321
163183,9297321
163184,9297321
163185,9297321
163186,9297321
163187,9297321
163188,9297321
163189,9297321
163190,9297321
163193,9297321
163194,9297321
163195,9297321
163196,9297321
163198,9297321
163199,9297321
163200,9297321
395752,9299599
395753,9299599
395754,9299599
395756,9299599
395757,9299599
395758,9299599
395759,9299599
395760,9299599
395761,9299599
395763,9299599
395764,9299599
395765,9299599
395766,9299599
395767,9299599
395769,9299599
395770,9299599
395771,9299599
395772,9299599
395773,9299599
395774,9299599
395775,9299599
395776,9299599
395778,9299599
395779,9299599
395780,9299599
395781,9299599
395782,9299599
395784,9299599
395785,9299599
395786,9299599
395787,9299599
395788,9299599
395791,9299599
395792,9299599
395793,9299599
395794,9299599
395795,9299599
395796,9299599
395797,9299599
395798,9299599
323651,9299898
323652,9299898
323653,9299898
323654,9299898
323655,9299898
323657,9299898
323658,9299898
323659,9299898
323660,9299898
323661,9299898
323662,9299898
323664,9299898
323665,9299898
323666,9299898
323669,9299898
323671,9299898
323672,9299898
323673,9299898
323674,9299898
323675,9299898
323676,9299898
323677,9299898
323678,9299898
323679,9299898
323680,9299898
323682,9299898
323683,9299898
323684,9299898
323685,9299898
323686,9299898
323688,9299898
323689,9299898
323690,9299898
323691,9299898
323693,9299898
323694,9299898
323696,9299898
323698,9299898
323699,9299898
323700,9299898
171951,9299903
171952,9299903
171953,9299903
171954,9299903
171957,9299903
171958,9299903
171960,9299903
171963,9299903
171965,9299903
171966,9299903
171967,9299903
171968,9299903
171969,9299903
171970,9299903
171971,9299903
171972,9299903
171973,9299903
171974,9299903
171976,9299903
171977,9299903
171979,9299903
171980,9299903
171981,9299903
171982,9299903
171983,9299903
171985,9299903
171986,9299903
171987,9299903
171988,9299903
171989,9299903
171990,9299903
171991,9299903
171992,9299903
171993,9299903
171994,9299903
171995,9299903
171997,9299903
171998,9299903
171999,9299903
172000,9299903
395651,9305348
395652,9305348
395653,9305348
395654,9305348
395655,9305348
395656,9305348
395657,9305348
395658,9305348
395660,9305348
395661,9305348
395662,9305348
395663,9305348
395664,9305348
395665,9305348
395666,9305348
395667,9305348
395669,9305348
395670,9305348
395671,9305348
395673,9305348
395674,9305348
395675,9305348
395677,9305348
395678,9305348
395679,9305348
395681,9305348
395682,9305348
395683,9305348
395685,9305348
395686,9305348
395688,9305348
395689,9305348
395690,9305348
395691,9305348
395692,9305348
395694,9305348
395695,9305348
395696,9305348
395698,9305348
395700,9305348
300101,9309435
300102,9309435
300103,9309435
300105,9309435
300106,9309435
300107,9309435
300108,9309435
300109,9309435
300110,9309435
300111,9309435
300113,9309435
300115,9309435
300116,9309435
300117,9309435
300118,9309435
300119,9309435
300120,9309435
300122,9309435
300123,9309435
300124,9309435
300126,9309435
300127,9309435
300128,9309435
300129,9309435
300130,9309435
300131,9309435
300132,9309435
300133,9309435
300134,9309435
300135,9309435
300136,9309435
300139,9309435
300141,9309435
300142,9309435
300143,9309435
300145,9309435
300147,9309435
300148,9309435
300149,9309435
300150,9309435
203253,9311268
203254,9311268
203255,9311268
203257,9311268
203258,9311268
203259,9311268
203260,9311268
203261,9311268
203262,9311268
203263,9311268
203264,9311268
203265,9311268
203266,9311268
203267,9311268
203269,9311268
203270,9311268
203271,9311268
203272,9311268
203274,9311268
203275,9311268
203276,9311268
203277,9311268
203278,9311268
203280,9311268
203281,9311268
203283,9311268
203285,9311268
203286,9311268
203287,9311268
203288,9311268
203290,9311268
203292,9311268
203293,9311268
203294,9311268
203295,9311268
203296,9311268
203297,9311268
203298,9311268
203299,9311268
203300,9311268
124102,9313096
124103,9313096
124104,9313096
124105,9313096
124106,9313096
124107,9313096
124108,9313096
124110,9313096
124111,9313096
124114,9313096
124115,9313096
124117,9313096
124119,9313096
124120,9313096
124121,9313096
124122,9313096
124123,9313096
124124,9313096
124125,9313096
124126,9313096
124127,9313096
124128,9313096
124130,9313096
124131,9313096
124132,9313096
124133,9313096
124134,9313096
124135,9313096
124136,9313096
124137,9313096
124138,9313096
124139,9313096
124140,9313096
124142,9313096
124143,9313096
124144,9313096
124145,9313096
124146,9313096
124148,9313096
124149,9313096
69501,9313125
69503,9313125
69504,9313125
69505,9313125
69506,9313125
69508,9313125
69509,9313125
69510,9313125
69511,9313125
69512,9313125
69513,9313125
69514,9313125
69515,9313125
69516,9313125
69517,9313125
69518,9313125
69519,9313125
69521,9313125
69522,9313125
69523,9313125
69528,9313125
69529,9313125
69530,9313125
69531,9313125
69532,9313125
69533,9313125
69534,9313125
69535,9313125
69536,9313125
69537,9313125
69538,9313125
69540,9313125
69542,9313125
69544,9313125
69545,9313125
69546,9313125
69547,9313125
69548,9313125
69549,9313125
69550,9313125
395151,9315745
395153,9315745
395154,9315745
395155,9315745
395156,9315745
395157,9315745
395158,9315745
395161,9315745
395162,9315745
395163,9315745
395164,9315745
395166,9315745
395168,9315745
395169,9315745
395170,9315745
395171,9315745
395172,9315745
395173,9315745
395174,9315745
395176,9315745
395177,9315745
395179,9315745
395182,9315745
395183,9315745
395184,9315745
395185,9315745
395186,9315745
395187,9315745
395189,9315745
395190,9315745
395191,9315745
395192,9315745
395193,9315745
395194,9315745
395195,9315745
395196,9315745
395197,9315745
395198,9315745
395199,9315745
395200,9315745
385851,9315757
385852,9315757
385854,9315757
385855,9315757
385856,9315757
385857,9315757
385858,9315757
385859,9315757
385860,9315757
385861,9315757
385862,9315757
385863,9315757
385864,9315757
385865,9315757
385866,9315757
385869,9315757
385870,9315757
385871,9315757
385872,9315757
385873,9315757
385875,9315757
385877,9315757
385878,9315757
385879,9315757
385880,9315757
385881,9315757
385882,9315757
385883,9315757
385884,9315757
385885,9315757
385887,9315757
385888,9315757
385889,9315757
385890,9315757
385892,9315757
385894,9315757
385895,9315757
385897,9315757
385898,9315757
385900,9315757
339101,9317078
339102,9317078
339103,9317078
339105,9317078
339106,9317078
339108,9317078
339109,9317078
339111,9317078
339112,9317078
339113,9317078
339114,9317078
339115,9317078
339116,9317078
339117,9317078
339120,9317078
339121,9317078
339122,9317078
339123,9317078
339125,9317078
339126,9317078
339127,9317078
339128,9317078
339129,9317078
339131,9317078
339132,9317078
339133,9317078
339134,9317078
339135,9317078
339136,9317078
339137,9317078
339138,9317078
339139,9317078
339141,9317078
339142,9317078
339144,9317078
339145,9317078
339146,9317078
339147,9317078
339149,9317078
339150,9317078
47301,9322138
47302,9322138
47303,9322138
47304,9322138
47305,9322138
47306,9322138
47307,9322138
47308,9322138
47309,9322138
47312,9322138
47313,9322138
47314,9322138
47315,9322138
47316,9322138
47317,9322138
47318,9322138
47319,9322138
47320,9322138
47322,9322138
47324,9322138
47325,9322138
47326,9322138
47327,9322138
47328,9322138
47329,9322138
47331,9322138
47333,9322138
47335,9322138
47337,9322138
47338,9322138
47339,9322138
47340,9322138
47341,9322138
47343,9322138
47344,9322138
47345,9322138
47346,9322138
47347,9322138
47348,9322138
47350,9322138
184651,9324459
184652,9324459
184653,9324459
184654,9324459
184655,9324459
184657,9324459
184658,9324459
184659,9324459
184660,9324459
184661,9324459
184662,9324459
184664,9324459
184666,9324459
184668,9324459
184670,9324459
184671,9324459
184672,9324459
184673,9324459
184674,9324459
184675,9324459
184676,9324459
184677,9324459
184680,9324459
184681,9324459
184682,9324459
184684,9324459
184685,9324459
184686,9324459
184687,9324459
184688,9324459
184690,9324459
184691,9324459
184692,9324459
184693,9324459
184694,9324459
184695,9324459
184696,9324459
184697,9324459
184698,9324459
184700,9324459
194501,9325609
194503,9325609
194504,9325609
194506,9325609
194507,9325609
194508,9325609
194509,9325609
194510,9325609
194511,9325609
194513,9325609
194515,9325609
194516,9325609
194517,9325609
194518,9325609
194519,9325609
194520,9325609
194521,9325609
194522,9325609
194523,9325609
194524,9325609
194525,9325609
194527,9325609
194528,9325609
194529,9325609
194530,9325609
194533,9325609
194534,9325609
194535,9325609
194536,9325609
194537,9325609
194538,9325609
194539,9325609
194541,9325609
194542,9325609
194543,9325609
194544,9325609
194545,9325609
194546,9325609
194548,9325609
194549,9325609
375701,9332420
375702,9332420
375704,9332420
375705,9332420
375706,9332420
375710,9332420
375712,9332420
375713,9332420
375715,9332420
375716,9332420
375717,9332420
375718,9332420
375719,9332420
375720,9332420
375722,9332420
375723,9332420
375724,9332420
375725,9332420
375726,9332420
375727,9332420
375728,9332420
375729,9332420
375730,9332420
375731,9332420
375733,9332420
375734,9332420
375736,9332420
375737,9332420
375738,9332420
375739,9332420
375740,9332420
375741,9332420
375742,9332420
375744,9332420
375745,9332420
375746,9332420
375747,9332420
375748,9332420
375749,9332420
375750,9332420
101951,9344435
101952,9344435
101953,9344435
101954,9344435
101956,9344435
101958,9344435
101959,9344435
101960,9344435
101961,9344435
101962,9344435
101963,9344435
101964,9344435
101965,9344435
101966,9344435
101967,9344435
101968,9344435
101970,9344435
101971,9344435
101973,9344435
101974,9344435
101975,9344435
101977,9344435
101978,9344435
101979,9344435
101981,9344435
101982,9344435
101983,9344435
101984,9344435
101986,9344435
101987,9344435
101988,9344435
101989,9344435
101990,9344435
101992,9344435
101993,9344435
101994,9344435
101996,9344435
101998,9344435
101999,9344435
102000,9344435
48452,9345219
48453,9345219
48454,9345219
48455,9345219
48456,9345219
48457,9345219
48458,9345219
48459,9345219
48460,9345219
48461,9345219
48463,9345219
48464,9345219
48465,9345219
48468,9345219
48469,9345219
48470,9345219
48471,9345219
48472,9345219
48473,9345219
48474,9345219
48475,9345219
48476,9345219
48477,9345219
48479,9345219
48480,9345219
48481,9345219
48483,9345219
48485,9345219
48486,9345219
48487,9345219
48488,9345219
48489,9345219
48490,9345219
48492,9345219
48493,9345219
48494,9345219
48496,9345219
48498,9345219
48499,9345219
48500,9345219
47252,9348302
47253,9348302
47255,9348302
47256,9348302
47257,9348302
47258,9348302
47259,9348302
47260,9348302
47261,9348302
47262,9348302
47263,9348302
47264,9348302
47265,9348302
47267,9348302
47268,9348302
47269,9348302
47270,9348302
47273,9348302
47274,9348302
47275,9348302
47276,9348302
47277,9348302
47278,9348302
47279,9348302
47281,9348302
47282,9348302
47283,9348302
47284,9348302
47285,9348302
47286,9348302
47287,9348302
47288,9348302
47289,9348302
47291,9348302
47292,9348302
47293,9348302
47295,9348302
47296,9348302
47297,9348302
47300,9348302
175351,9350642
175352,9350642
175353,9350642
175354,9350642
175355,9350642
175356,9350642
175357,9350642
175358,9350642
175360,9350642
175361,9350642
175362,9350642
175363,9350642
175364,9350642
175365,9350642
175366,9350642
175367,9350642
175368,9350642
175369,9350642
175370,9350642
175373,9350642
175374,9350642
175375,9350642
175376,9350642
175377,9350642
175378,9350642
175379,9350642
175380,9350642
175381,9350642
175382,9350642
175383,9350642
175384,9350642
175385,9350642
175387,9350642
175393,9350642
175394,9350642
175395,9350642
175396,9350642
175397,9350642
175398,9350642
175399,9350642
375551,9351426
375552,9351426
375553,9351426
375554,9351426
375555,9351426
375556,9351426
375561,9351426
375562,9351426
375563,9351426
375564,9351426
375565,9351426
375566,9351426
375567,9351426
375569,9351426
375571,9351426
375572,9351426
375573,9351426
375574,9351426
375575,9351426
375578,9351426
375580,9351426
375581,9351426
375583,9351426
375584,9351426
375585,9351426
375586,9351426
375587,9351426
375588,9351426
375589,9351426
375590,9351426
375591,9351426
375592,9351426
375593,9351426
375594,9351426
375595,9351426
375596,9351426
375597,9351426
375598,9351426
375599,9351426
375600,9351426
314501,9363780
314502,9363780
314503,9363780
314505,9363780
314508,9363780
314510,9363780
314513,9363780
314515,9363780
314516,9363780
314517,9363780
314518,9363780
314519,9363780
314520,9363780
314521,9363780
314523,9363780
314524,9363780
314525,9363780
314526,9363780
314527,9363780
314528,9363780
314529,9363780
314530,9363780
314532,9363780
314533,9363780
314534,9363780
314535,9363780
314536,9363780
314538,9363780
314539,9363780
314540,9363780
314541,9363780
314542,9363780
314543,9363780
314544,9363780
314545,9363780
314546,9363780
314547,9363780
314548,9363780
314549,9363780
314550,9363780
314451,9365283
314452,9365283
314454,9365283
314455,9365283
314456,9365283
314457,9365283
314458,9365283
314459,9365283
314460,9365283
314461,9365283
314462,9365283
314463,9365283
314465,9365283
314466,9365283
314467,9365283
314468,9365283
314469,9365283
314471,9365283
314472,9365283
314473,9365283
314474,9365283
314475,9365283
314478,9365283
314479,9365283
314480,9365283
314481,9365283
314483,9365283
314485,9365283
314486,9365283
314487,9365283
314488,9365283
314490,9365283
314491,9365283
314493,9365283
314494,9365283
314495,9365283
314496,9365283
314498,9365283
314499,9365283
314500,9365283
179152,9367669
179153,9367669
179154,9367669
179156,9367669
179157,9367669
179158,9367669
179160,9367669
179161,9367669
179162,9367669
179164,9367669
179165,9367669
179166,9367669
179167,9367669
179168,9367669
179170,9367669
179172,9367669
179173,9367669
179174,9367669
179175,9367669
179176,9367669
179177,9367669
179178,9367669
179179,9367669
179180,9367669
179181,9367669
179182,9367669
179184,9367669
179185,9367669
179186,9367669
179187,9367669
179188,9367669
179191,9367669
179192,9367669
179193,9367669
179194,9367669
179195,9367669
179196,9367669
179197,9367669
179199,9367669
179200,9367669
331051,9367724
331053,9367724
331054,9367724
331055,9367724
331056,9367724
331057,9367724
331058,9367724
331059,9367724
331063,9367724
331064,9367724
331065,9367724
331066,9367724
331067,9367724
331068,9367724
331069,9367724
331070,9367724
331071,9367724
331072,9367724
331073,9367724
331074,9367724
331076,9367724
331077,9367724
331078,9367724
331079,9367724
331080,9367724
331081,9367724
331082,9367724
331083,9367724
331084,9367724
331085,9367724
331090,9367724
331091,9367724
331092,9367724
331093,9367724
331094,9367724
331095,9367724
331096,9367724
331097,9367724
331099,9367724
331100,9367724
231151,9376658
231152,9376658
231153,9376658
231154,9376658
231155,9376658
231157,9376658
231158,9376658
231159,9376658
231160,9376658
231161,9376658
231162,9376658
231163,9376658
231164,9376658
231166,9376658
231167,9376658
231169,9376658
231171,9376658
231173,9376658
231175,9376658
231176,9376658
231177,9376658
231178,9376658
231179,9376658
231180,9376658
231181,9376658
231182,9376658
231183,9376658
231184,9376658
231185,9376658
231186,9376658
231187,9376658
231189,9376658
231192,9376658
231193,9376658
231194,9376658
231195,9376658
231196,9376658
231197,9376658
231199,9376658
231200,9376658
175101,9381500
175102,9381500
175104,9381500
175105,9381500
175107,9381500
175108,9381500
175110,9381500
175112,9381500
175114,9381500
175115,9381500
175116,9381500
175117,9381500
175118,9381500
175119,9381500
175120,9381500
175122,9381500
175123,9381500
175124,9381500
175127,9381500
175128,9381500
175129,9381500
175131,9381500
175132,9381500
175133,9381500
175134,9381500
175135,9381500
175136,9381500
175137,9381500
175138,9381500
175139,9381500
175140,9381500
175141,9381500
175142,9381500
175144,9381500
175145,9381500
175146,9381500
175147,9381500
175148,9381500
175149,9381500
175150,9381500
198201,9414278
198202,9414278
198203,9414278
198204,9414278
198206,9414278
198207,9414278
198209,9414278
198210,9414278
198212,9414278
198213,9414278
198215,9414278
198216,9414278
198218,9414278
198219,9414278
198220,9414278
198221,9414278
198222,9414278
198223,9414278
198224,9414278
198225,9414278
198226,9414278
198227,9414278
198228,9414278
198229,9414278
198230,9414278
198231,9414278
198232,9414278
198235,9414278
198237,9414278
198238,9414278
198240,9414278
198241,9414278
198242,9414278
198243,9414278
198244,9414278
198246,9414278
198247,9414278
198248,9414278
198249,9414278
198250,9414278
53102,9422677
53103,9422677
53104,9422677
53105,9422677
53106,9422677
53107,9422677
53111,9422677
53112,9422677
53113,9422677
53114,9422677
53116,9422677
53117,9422677
53118,9422677
53120,9422677
53121,9422677
53122,9422677
53123,9422677
53124,9422677
53126,9422677
53127,9422677
53128,9422677
53129,9422677
53130,9422677
53131,9422677
53132,9422677
53133,9422677
53134,9422677
53135,9422677
53136,9422677
53137,9422677
53138,9422677
53140,9422677
53141,9422677
53142,9422677
53143,9422677
53144,9422677
53146,9422677
53147,9422677
53149,9422677
53150,9422677
136001,9427275
136002,9427275
136003,9427275
136004,9427275
136005,9427275
136006,9427275
136008,9427275
136009,9427275
136011,9427275
136012,9427275
136013,9427275
136014,9427275
136015,9427275
136016,9427275
136017,9427275
136018,9427275
136019,9427275
136020,9427275
136021,9427275
136023,9427275
136024,9427275
136025,9427275
136026,9427275
136027,9427275
136030,9427275
136032,9427275
136033,9427275
136035,9427275
136036,9427275
136039,9427275
136040,9427275
136041,9427275
136042,9427275
136043,9427275
136045,9427275
136046,9427275
136047,9427275
136048,9427275
136049,9427275
136050,9427275
346952,9431276
346953,9431276
346955,9431276
346956,9431276
346957,9431276
346958,9431276
346959,9431276
346960,9431276
346961,9431276
346962,9431276
346963,9431276
346964,9431276
346965,9431276
346966,9431276
346968,9431276
346969,9431276
346970,9431276
346971,9431276
346972,9431276
346974,9431276
346975,9431276
346977,9431276
346979,9431276
346980,9431276
346981,9431276
346982,9431276
346983,9431276
346984,9431276
346985,9431276
346986,9431276
346987,9431276
346988,9431276
346989,9431276
346990,9431276
346992,9431276
346994,9431276
346997,9431276
346998,9431276
346999,9431276
347000,9431276
106351,9433303
106352,9433303
106353,9433303
106354,9433303
106355,9433303
106356,9433303
106357,9433303
106358,9433303
106359,9433303
106360,9433303
106361,9433303
106362,9433303
106363,9433303
106364,9433303
106365,9433303
106366,9433303
106369,9433303
106370,9433303
106371,9433303
106372,9433303
106374,9433303
106375,9433303
106379,9433303
106381,9433303
106382,9433303
106383,9433303
106384,9433303
106385,9433303
106386,9433303
106387,9433303
106388,9433303
106389,9433303
106391,9433303
106393,9433303
106394,9433303
106395,9433303
106396,9433303
106397,9433303
106398,9433303
106399,9433303
271101,9435703
271102,9435703
271103,9435703
271104,9435703
271105,9435703
271106,9435703
271107,9435703
271108,9435703
271109,9435703
271111,9435703
271112,9435703
271113,9435703
271114,9435703
271115,9435703
271116,9435703
271117,9435703
271118,9435703
271119,9435703
271121,9435703
271123,9435703
271124,9435703
271125,9435703
271127,9435703
271129,9435703
271130,9435703
271131,9435703
271133,9435703
271134,9435703
271135,9435703
271138,9435703
271140,9435703
271141,9435703
271142,9435703
271143,9435703
271144,9435703
271145,9435703
271146,9435703
271148,9435703
271149,9435703
271150,9435703
197801,9436410
197802,9436410
197803,9436410
197804,9436410
197806,9436410
197808,9436410
197809,9436410
197810,9436410
197811,9436410
197812,9436410
197814,9436410
197816,9436410
197818,9436410
197819,9436410
197820,9436410
197822,9436410
197823,9436410
197824,9436410
197825,9436410
197826,9436410
197827,9436410
197828,9436410
197829,9436410
197830,9436410
197831,9436410
197832,9436410
197833,9436410
197834,9436410
197835,9436410
197837,9436410
197838,9436410
197840,9436410
197841,9436410
197842,9436410
197843,9436410
197844,9436410
197845,9436410
197848,9436410
197849,9436410
197850,9436410
206901,9466609
206902,9466609
206903,9466609
206905,9466609
206906,9466609
206907,9466609
206908,9466609
206909,9466609
206910,9466609
206911,9466609
206912,9466609
206914,9466609
206915,9466609
206916,9466609
206917,9466609
206918,9466609
206919,9466609
206920,9466609
206921,9466609
206922,9466609
206923,9466609
206924,9466609
206925,9466609
206927,9466609
206932,9466609
206933,9466609
206934,9466609
206935,9466609
206936,9466609
206937,9466609
206939,9466609
206940,9466609
206942,9466609
206943,9466609
206945,9466609
206946,9466609
206947,9466609
206948,9466609
206949,9466609
206950,9466609
270751,9473092
270752,9473092
270753,9473092
270754,9473092
270756,9473092
270757,9473092
270758,9473092
270759,9473092
270760,9473092
270761,9473092
270762,9473092
270763,9473092
270764,9473092
270765,9473092
270766,9473092
270767,9473092
270769,9473092
270771,9473092
270772,9473092
270773,9473092
270774,9473092
270775,9473092
270776,9473092
270777,9473092
270779,9473092
270780,9473092
270783,9473092
270785,9473092
270786,9473092
270787,9473092
270790,9473092
270792,9473092
270793,9473092
270794,9473092
270795,9473092
270796,9473092
270797,9473092
270798,9473092
270799,9473092
270800,9473092
145601,9488322
145602,9488322
145604,9488322
145605,9488322
145606,9488322
145608,9488322
145609,9488322
145610,9488322
145612,9488322
145613,9488322
145614,9488322
145615,9488322
145616,9488322
145617,9488322
145618,9488322
145620,9488322
145621,9488322
145622,9488322
145623,9488322
145625,9488322
145627,9488322
145628,9488322
145629,9488322
145630,9488322
145631,9488322
145632,9488322
145635,9488322
145637,9488322
145638,9488322
145639,9488322
145640,9488322
145641,9488322
145642,9488322
145643,9488322
145644,9488322
145645,9488322
145647,9488322
145648,9488322
145649,9488322
145650,9488322
129301,9496692
129302,9496692
129303,9496692
129304,9496692
129307,9496692
129309,9496692
129310,9496692
129311,9496692
129312,9496692
129313,9496692
129314,9496692
129315,9496692
129316,9496692
129317,9496692
129318,9496692
129320,9496692
129323,9496692
129324,9496692
129325,9496692
129326,9496692
129327,9496692
129328,9496692
129329,9496692
129330,9496692
129332,9496692
129333,9496692
129334,9496692
129335,9496692
129336,9496692
129337,9496692
129338,9496692
129339,9496692
129341,9496692
129342,9496692
129344,9496692
129346,9496692
129347,9496692
129348,9496692
129349,9496692
129350,9496692
202201,9503926
202202,9503926
202203,9503926
202204,9503926
202205,9503926
202206,9503926
202208,9503926
202210,9503926
202211,9503926
202214,9503926
202215,9503926
202216,9503926
202217,9503926
202218,9503926
202220,9503926
202221,9503926
202222,9503926
202223,9503926
202224,9503926
202225,9503926
202226,9503926
202227,9503926
202228,9503926
202229,9503926
202230,9503926
202231,9503926
202232,9503926
202233,9503926
202234,9503926
202235,9503926
202236,9503926
202239,9503926
202243,9503926
202244,9503926
202245,9503926
202246,9503926
202247,9503926
202248,9503926
202249,9503926
202250,9503926
383301,9539676
383302,9539676
383303,9539676
383304,9539676
383306,9539676
383307,9539676
383308,9539676
383309,9539676
383310,9539676
383311,9539676
383313,9539676
383314,9539676
383315,9539676
383316,9539676
383317,9539676
383318,9539676
383320,9539676
383322,9539676
383323,9539676
383324,9539676
383325,9539676
383326,9539676
383327,9539676
383328,9539676
383329,9539676
383331,9539676
383332,9539676
383335,9539676
383336,9539676
383337,9539676
383338,9539676
383339,9539676
383341,9539676
383343,9539676
383344,9539676
383345,9539676
383347,9539676
383348,9539676
383349,9539676
383350,9539676
392901,9572745
392903,9572745
392904,9572745
392905,9572745
392906,9572745
392909,9572745
392911,9572745
392912,9572745
392913,9572745
392914,9572745
392915,9572745
392916,9572745
392918,9572745
392920,9572745
392921,9572745
392922,9572745
392923,9572745
392924,9572745
392925,9572745
392926,9572745
392927,9572745
392929,9572745
392930,9572745
392932,9572745
392933,9572745
392934,9572745
392937,9572745
392938,9572745
392939,9572745
392940,9572745
392941,9572745
392942,9572745
392943,9572745
392944,9572745
392945,9572745
392946,9572745
392947,9572745
392948,9572745
392949,9572745
392950,9572745
