216151,5044893
216152,5044893
216153,5044893
216154,5044893
216156,5044893
216158,5044893
216159,5044893
216160,5044893
216161,5044893
216162,5044893
216163,5044893
216164,5044893
216165,5044893
216166,5044893
216167,5044893
216168,5044893
216169,5044893
216170,5044893
216171,5044893
216174,5044893
216176,5044893
216178,5044893
216179,5044893
216180,5044893
216181,5044893
216182,5044893
216184,5044893
216185,5044893
216187,5044893
216188,5044893
216189,5044893
216190,5044893
216192,5044893
216193,5044893
216194,5044893
216195,5044893
216196,5044893
216197,5044893
216198,5044893
216200,5044893
276851,5103924
276852,5103924
276853,5103924
276854,5103924
276855,5103924
276856,5103924
276857,5103924
276858,5103924
276859,5103924
276860,5103924
276861,5103924
276863,5103924
276865,5103924
276866,5103924
276867,5103924
276868,5103924
276869,5103924
276870,5103924
276871,5103924
276873,5103924
276874,5103924
276876,5103924
276877,5103924
276878,5103924
276879,5103924
276881,5103924
276884,5103924
276885,5103924
276887,5103924
276888,5103924
276889,5103924
276890,5103924
276891,5103924
276893,5103924
276894,5103924
276895,5103924
276896,5103924
276898,5103924
276899,5103924
276900,5103924
36751,5119143
36752,5119143
36753,5119143
36754,5119143
36755,5119143
36756,5119143
36758,5119143
36759,5119143
36760,5119143
36762,5119143
36763,5119143
36765,5119143
36767,5119143
36768,5119143
36769,5119143
36770,5119143
36772,5119143
36773,5119143
36774,5119143
36775,5119143
36776,5119143
36779,5119143
36780,5119143
36782,5119143
36783,5119143
36784,5119143
36785,5119143
36786,5119143
36787,5119143
36789,5119143
36790,5119143
36792,5119143
36793,5119143
36794,5119143
36795,5119143
36796,5119143
36797,5119143
36798,5119143
36799,5119143
36800,5119143
15251,5142657
15252,5142657
15253,5142657
15254,5142657
15256,5142657
15257,5142657
15258,5142657
15260,5142657
15262,5142657
15263,5142657
15264,5142657
15265,5142657
15266,5142657
15267,5142657
15268,5142657
15269,5142657
15270,5142657
15272,5142657
15273,5142657
15275,5142657
15276,5142657
15277,5142657
15278,5142657
15279,5142657
15280,5142657
15281,5142657
15282,5142657
15285,5142657
15287,5142657
15288,5142657
15289,5142657
15290,5142657
15291,5142657
15292,5142657
15293,5142657
15296,5142657
15297,5142657
15298,5142657
15299,5142657
15300,5142657
252051,5240904
252053,5240904
252054,5240904
252055,5240904
252056,5240904
252057,5240904
252060,5240904
252061,5240904
252063,5240904
252064,5240904
252066,5240904
252067,5240904
252068,5240904
252069,5240904
252072,5240904
252073,5240904
252074,5240904
252075,5240904
252076,5240904
252077,5240904
252078,5240904
252079,5240904
252080,5240904
252081,5240904
252082,5240904
252083,5240904
252084,5240904
252087,5240904
252088,5240904
252089,5240904
252090,5240904
252091,5240904
252092,5240904
252093,5240904
252094,5240904
252095,5240904
252097,5240904
252098,5240904
252099,5240904
252100,5240904
52101,5260679
52102,5260679
52103,5260679
52104,5260679
52105,5260679
52106,5260679
52107,5260679
52109,5260679
52110,5260679
52111,5260679
52112,5260679
52113,5260679
52114,5260679
52116,5260679
52117,5260679
52119,5260679
52121,5260679
52123,5260679
52124,5260679
52125,5260679
52126,5260679
52127,5260679
52129,5260679
52130,5260679
52131,5260679
52132,5260679
52133,5260679
52134,5260679
52136,5260679
52137,5260679
52140,5260679
52141,5260679
52142,5260679
52144,5260679
52145,5260679
52146,5260679
52147,5260679
52148,5260679
52149,5260679
52150,5260679
9352,5282483
9353,5282483
9354,5282483
9356,5282483
9357,5282483
9358,5282483
9359,5282483
9360,5282483
9361,5282483
9362,5282483
9364,5282483
9365,5282483
9366,5282483
9367,5282483
9368,5282483
9369,5282483
9370,5282483
9371,5282483
9372,5282483
9373,5282483
9375,5282483
9376,5282483
9378,5282483
9379,5282483
9381,5282483
9382,5282483
9384,5282483
9385,5282483
9386,5282483
9387,5282483
9388,5282483
9390,5282483
9392,5282483
9393,5282483
9394,5282483
9395,5282483
9396,5282483
9397,5282483
9399,5282483
9400,5282483
5852,5282627
5853,5282627
5854,5282627
5856,5282627
5858,5282627
5861,5282627
5862,5282627
5863,5282627
5864,5282627
5865,5282627
5867,5282627
5868,5282627
5869,5282627
5871,5282627
5872,5282627
5874,5282627
5875,5282627
5877,5282627
5878,5282627
5879,5282627
5880,5282627
5881,5282627
5882,5282627
5883,5282627
5884,5282627
5885,5282627
5886,5282627
5888,5282627
5889,5282627
5890,5282627
5891,5282627
5892,5282627
5893,5282627
5894,5282627
5895,5282627
5896,5282627
5897,5282627
5898,5282627
5899,5282627
5900,5282627
373101,5298652
373102,5298652
373103,5298652
373106,5298652
373107,5298652
373108,5298652
373109,5298652
373110,5298652
373111,5298652
373112,5298652
373115,5298652
373116,5298652
373117,5298652
373118,5298652
373120,5298652
373121,5298652
373122,5298652
373123,5298652
373124,5298652
373126,5298652
373127,5298652
373128,5298652
373131,5298652
373132,5298652
373133,5298652
373134,5298652
373135,5298652
373138,5298652
373139,5298652
373140,5298652
373141,5298652
373142,5298652
373143,5298652
373144,5298652
373145,5298652
373146,5298652
373147,5298652
373148,5298652
373149,5298652
373150,5298652
252001,5344592
252002,5344592
252003,5344592
252004,5344592
252005,5344592
252006,5344592
252007,5344592
252008,5344592
252009,5344592
252010,5344592
252011,5344592
252012,5344592
252013,5344592
252014,5344592
252017,5344592
252019,5344592
252020,5344592
252021,5344592
252022,5344592
252023,5344592
252024,5344592
252025,5344592
252026,5344592
252029,5344592
252030,5344592
252031,5344592
252033,5344592
252035,5344592
252038,5344592
252039,5344592
252040,5344592
252041,5344592
252042,5344592
252044,5344592
252045,5344592
252046,5344592
252047,5344592
252048,5344592
252049,5344592
252050,5344592
12002,5386954
12003,5386954
12005,5386954
12006,5386954
12008,5386954
12009,5386954
12011,5386954
12012,5386954
12013,5386954
12014,5386954
12015,5386954
12016,5386954
12017,5386954
12018,5386954
12019,5386954
12020,5386954
12021,5386954
12022,5386954
12024,5386954
12025,5386954
12027,5386954
12028,5386954
12030,5386954
12031,5386954
12032,5386954
12033,5386954
12035,5386954
12036,5386954
12037,5386954
12038,5386954
12039,5386954
12040,5386954
12041,5386954
12042,5386954
12043,5386954
12044,5386954
12045,5386954
12047,5386954
12048,5386954
12050,5386954
201852,6409351
201853,6409351
201854,6409351
201856,6409351
201857,6409351
201858,6409351
201862,6409351
201863,6409351
201865,6409351
201866,6409351
201867,6409351
201868,6409351
201870,6409351
201871,6409351
201872,6409351
201873,6409351
201874,6409351
201875,6409351
201876,6409351
201877,6409351
201878,6409351
201879,6409351
201880,6409351
201881,6409351
201882,6409351
201883,6409351
201884,6409351
201885,6409351
201886,6409351
201887,6409351
201888,6409351
201889,6409351
201890,6409351
201891,6409351
201894,6409351
201895,6409351
201896,6409351
201897,6409351
201899,6409351
201900,6409351
4351,6416043
4352,6416043
4353,6416043
4354,6416043
4355,6416043
4356,6416043
4357,6416043
4358,6416043
4359,6416043
4360,6416043
4361,6416043
4362,6416043
4363,6416043
4366,6416043
4369,6416043
4371,6416043
4372,6416043
4373,6416043
4374,6416043
4376,6416043
4377,6416043
4378,6416043
4379,6416043
4380,6416043
4381,6416043
4382,6416043
4383,6416043
4384,6416043
4385,6416043
4386,6416043
4387,6416043
4389,6416043
4391,6416043
4392,6416043
4393,6416043
4395,6416043
4396,6416043
4398,6416043
4399,6416043
4400,6416043
701,6417097
703,6417097
704,6417097
705,6417097
706,6417097
707,6417097
709,6417097
710,6417097
712,6417097
713,6417097
714,6417097
715,6417097
716,6417097
717,6417097
718,6417097
721,6417097
722,6417097
723,6417097
724,6417097
726,6417097
727,6417097
728,6417097
729,6417097
730,6417097
731,6417097
733,6417097
735,6417097
736,6417097
737,6417097
738,6417097
739,6417097
740,6417097
741,6417097
742,6417097
743,6417097
744,6417097
745,6417097
746,6417097
749,6417097
750,6417097
132652,6513994
132653,6513994
132654,6513994
132655,6513994
132656,6513994
132657,6513994
132659,6513994
132661,6513994
132662,6513994
132663,6513994
132664,6513994
132665,6513994
132666,6513994
132668,6513994
132669,6513994
132670,6513994
132671,6513994
132672,6513994
132676,6513994
132677,6513994
132678,6513994
132679,6513994
132680,6513994
132681,6513994
132682,6513994
132683,6513994
132684,6513994
132685,6513994
132687,6513994
132688,6513994
132689,6513994
132690,6513994
132691,6513994
132692,6513994
132693,6513994
132695,6513994
132696,6513994
132698,6513994
132699,6513994
132700,6513994
7351,6602898
7352,6602898
7354,6602898
7355,6602898
7356,6602898
7357,6602898
7358,6602898
7359,6602898
7362,6602898
7363,6602898
7364,6602898
7365,6602898
7366,6602898
7367,6602898
7368,6602898
7370,6602898
7371,6602898
7372,6602898
7373,6602898
7374,6602898
7375,6602898
7376,6602898
7377,6602898
7380,6602898
7381,6602898
7382,6602898
7383,6602898
7385,6602898
7386,6602898
7387,6602898
7389,6602898
7390,6602898
7391,6602898
7392,6602898
7394,6602898
7395,6602898
7396,6602898
7398,6602898
7399,6602898
7400,6602898
129101,6604834
129102,6604834
129103,6604834
129104,6604834
129105,6604834
129106,6604834
129107,6604834
129108,6604834
129109,6604834
129110,6604834
129112,6604834
129113,6604834
129115,6604834
129116,6604834
129118,6604834
129120,6604834
129121,6604834
129122,6604834
129123,6604834
129125,6604834
129126,6604834
129127,6604834
129128,6604834
129129,6604834
129130,6604834
129131,6604834
129132,6604834
129134,6604834
129136,6604834
129137,6604834
129138,6604834
129139,6604834
129140,6604834
129141,6604834
129142,6604834
129144,6604834
129145,6604834
129147,6604834
129148,6604834
129149,6604834
336501,6611863
336502,6611863
336503,6611863
336504,6611863
336505,6611863
336506,6611863
336507,6611863
336508,6611863
336509,6611863
336510,6611863
336511,6611863
336512,6611863
336513,6611863
336514,6611863
336515,6611863
336516,6611863
336517,6611863
336519,6611863
336521,6611863
336524,6611863
336525,6611863
336526,6611863
336527,6611863
336529,6611863
336530,6611863
336531,6611863
336532,6611863
336533,6611863
336534,6611863
336535,6611863
336536,6611863
336537,6611863
336539,6611863
336540,6611863
336541,6611863
336543,6611863
336544,6611863
336546,6611863
336548,6611863
336549,6611863
46101,6613328
46102,6613328
46103,6613328
46104,6613328
46105,6613328
46106,6613328
46107,6613328
46110,6613328
46111,6613328
46113,6613328
46114,6613328
46115,6613328
46117,6613328
46118,6613328
46120,6613328
46121,6613328
46122,6613328
46123,6613328
46124,6613328
46128,6613328
46129,6613328
46130,6613328
46131,6613328
46132,6613328
46133,6613328
46134,6613328
46135,6613328
46137,6613328
46138,6613328
46139,6613328
46140,6613328
46141,6613328
46142,6613328
46143,6613328
46144,6613328
46145,6613328
46146,6613328
46147,6613328
46149,6613328
46150,6613328
101,6725418
102,6725418
103,6725418
104,6725418
105,6725418
106,6725418
107,6725418
108,6725418
109,6725418
110,6725418
111,6725418
112,6725418
113,6725418
115,6725418
117,6725418
118,6725418
119,6725418
120,6725418
121,6725418
122,6725418
123,6725418
125,6725418
128,6725418
129,6725418
130,6725418
131,6725418
134,6725418
135,6725418
137,6725418
138,6725418
140,6725418
141,6725418
142,6725418
144,6725418
145,6725418
146,6725418
147,6725418
148,6725418
149,6725418
150,6725418
4701,6810627
4702,6810627
4703,6810627
4704,6810627
4706,6810627
4708,6810627
4709,6810627
4710,6810627
4711,6810627
4712,6810627
4713,6810627
4714,6810627
4715,6810627
4719,6810627
4720,6810627
4721,6810627
4722,6810627
4724,6810627
4725,6810627
4726,6810627
4728,6810627
4729,6810627
4730,6810627
4731,6810627
4732,6810627
4733,6810627
4734,6810627
4735,6810627
4738,6810627
4739,6810627
4740,6810627
4741,6810627
4742,6810627
4744,6810627
4745,6810627
4746,6810627
4747,6810627
4748,6810627
4749,6810627
4750,6810627
10551,6910544
10552,6910544
10553,6910544
10554,6910544
10555,6910544
10556,6910544
10557,6910544
10558,6910544
10560,6910544
10561,6910544
10562,6910544
10563,6910544
10564,6910544
10565,6910544
10566,6910544
10567,6910544
10568,6910544
10569,6910544
10570,6910544
10571,6910544
10572,6910544
10575,6910544
10576,6910544
10578,6910544
10579,6910544
10583,6910544
10584,6910544
10585,6910544
10589,6910544
10590,6910544
10591,6910544
10592,6910544
10593,6910544
10594,6910544
10595,6910544
10596,6910544
10597,6910544
10598,6910544
10599,6910544
10600,6910544
69101,7005190
69102,7005190
69103,7005190
69104,7005190
69105,7005190
69106,7005190
69108,7005190
69109,7005190
69110,7005190
69111,7005190
69112,7005190
69113,7005190
69114,7005190
69115,7005190
69116,7005190
69117,7005190
69118,7005190
69120,7005190
69121,7005190
69122,7005190
69123,7005190
69124,7005190
69126,7005190
69128,7005190
69129,7005190
69130,7005190
69131,7005190
69133,7005190
69135,7005190
69136,7005190
69137,7005190
69138,7005190
69140,7005190
69141,7005190
69143,7005190
69144,7005190
69146,7005190
69148,7005190
69149,7005190
69150,7005190
132601,7032997
132602,7032997
132603,7032997
132604,7032997
132605,7032997
132608,7032997
132609,7032997
132611,7032997
132612,7032997
132613,7032997
132614,7032997
132615,7032997
132616,7032997
132617,7032997
132618,7032997
132621,7032997
132622,7032997
132623,7032997
132624,7032997
132625,7032997
132626,7032997
132627,7032997
132628,7032997
132629,7032997
132631,7032997
132632,7032997
132633,7032997
132634,7032997
132637,7032997
132638,7032997
132639,7032997
132640,7032997
132641,7032997
132642,7032997
132645,7032997
132646,7032997
132647,7032997
132648,7032997
132649,7032997
132650,7032997
2151,7108514
2152,7108514
2154,7108514
2155,7108514
2156,7108514
2157,7108514
2158,7108514
2159,7108514
2160,7108514
2161,7108514
2162,7108514
2163,7108514
2164,7108514
2165,7108514
2166,7108514
2168,7108514
2169,7108514
2170,7108514
2171,7108514
2172,7108514
2175,7108514
2176,7108514
2177,7108514
2178,7108514
2179,7108514
2180,7108514
2182,7108514
2183,7108514
2187,7108514
2188,7108514
2189,7108514
2191,7108514
2192,7108514
2193,7108514
2194,7108514
2195,7108514
2196,7108514
2197,7108514
2199,7108514
2200,7108514
142102,7214545
142103,7214545
142104,7214545
142106,7214545
142107,7214545
142108,7214545
142109,7214545
142110,7214545
142111,7214545
142112,7214545
142113,7214545
142116,7214545
142117,7214545
142118,7214545
142119,7214545
142121,7214545
142124,7214545
142125,7214545
142126,7214545
142127,7214545
142128,7214545
142129,7214545
142130,7214545
142131,7214545
142132,7214545
142133,7214545
142135,7214545
142136,7214545
142137,7214545
142140,7214545
142141,7214545
142142,7214545
142143,7214545
142144,7214545
142145,7214545
142146,7214545
142147,7214545
142148,7214545
142149,7214545
142150,7214545
201,7214715
202,7214715
203,7214715
205,7214715
206,7214715
208,7214715
209,7214715
211,7214715
212,7214715
214,7214715
215,7214715
216,7214715
217,7214715
218,7214715
219,7214715
220,7214715
221,7214715
222,7214715
223,7214715
224,7214715
225,7214715
227,7214715
228,7214715
229,7214715
231,7214715
232,7214715
233,7214715
234,7214715
235,7214715
236,7214715
237,7214715
238,7214715
240,7214715
241,7214715
242,7214715
244,7214715
245,7214715
246,7214715
247,7214715
248,7214715
1801,7218395
1802,7218395
1803,7218395
1804,7218395
1805,7218395
1806,7218395
1807,7218395
1808,7218395
1809,7218395
1810,7218395
1811,7218395
1814,7218395
1815,7218395
1816,7218395
1817,7218395
1818,7218395
1821,7218395
1822,7218395
1824,7218395
1825,7218395
1826,7218395
1827,7218395
1828,7218395
1829,7218395
1830,7218395
1831,7218395
1832,7218395
1833,7218395
1835,7218395
1836,7218395
1837,7218395
1839,7218395
1840,7218395
1841,7218395
1842,7218395
1843,7218395
1846,7218395
1847,7218395
1849,7218395
1850,7218395
230151,7302914
230152,7302914
230153,7302914
230154,7302914
230155,7302914
230156,7302914
230157,7302914
230158,7302914
230159,7302914
230160,7302914
230161,7302914
230162,7302914
230163,7302914
230165,7302914
230167,7302914
230168,7302914
230170,7302914
230172,7302914
230173,7302914
230175,7302914
230176,7302914
230178,7302914
230179,7302914
230180,7302914
230181,7302914
230183,7302914
230184,7302914
230185,7302914
230186,7302914
230187,7302914
230189,7302914
230191,7302914
230192,7302914
230193,7302914
230194,7302914
230196,7302914
230197,7302914
230198,7302914
230199,7302914
230200,7302914
451,7304314
453,7304314
454,7304314
456,7304314
457,7304314
458,7304314
459,7304314
461,7304314
463,7304314
464,7304314
465,7304314
466,7304314
467,7304314
468,7304314
469,7304314
470,7304314
471,7304314
472,7304314
473,7304314
474,7304314
476,7304314
477,7304314
478,7304314
479,7304314
480,7304314
481,7304314
482,7304314
483,7304314
484,7304314
485,7304314
487,7304314
489,7304314
490,7304314
491,7304314
492,7304314
493,7304314
494,7304314
496,7304314
497,7304314
499,7304314
3502,7347536
3504,7347536
3505,7347536
3506,7347536
3507,7347536
3508,7347536
3509,7347536
3510,7347536
3512,7347536
3513,7347536
3514,7347536
3516,7347536
3517,7347536
3518,7347536
3519,7347536
3520,7347536
3521,7347536
3523,7347536
3524,7347536
3525,7347536
3526,7347536
3527,7347536
3528,7347536
3529,7347536
3531,7347536
3532,7347536
3533,7347536
3534,7347536
3535,7347536
3536,7347536
3537,7347536
3538,7347536
3540,7347536
3542,7347536
3543,7347536
3544,7347536
3545,7347536
3546,7347536
3548,7347536
3550,7347536
6151,7358561
6152,7358561
6153,7358561
6154,7358561
6155,7358561
6156,7358561
6158,7358561
6160,7358561
6161,7358561
6163,7358561
6165,7358561
6166,7358561
6167,7358561
6168,7358561
6169,7358561
6170,7358561
6171,7358561
6172,7358561
6173,7358561
6174,7358561
6175,7358561
6176,7358561
6177,7358561
6179,7358561
6182,7358561
6183,7358561
6184,7358561
6185,7358561
6187,7358561
6189,7358561
6190,7358561
6192,7358561
6193,7358561
6194,7358561
6195,7358561
6196,7358561
6197,7358561
6198,7358561
6199,7358561
6200,7358561
329401,7359498
329404,7359498
329405,7359498
329406,7359498
329407,7359498
329409,7359498
329410,7359498
329411,7359498
329414,7359498
329415,7359498
329416,7359498
329418,7359498
329419,7359498
329420,7359498
329422,7359498
329423,7359498
329424,7359498
329426,7359498
329427,7359498
329428,7359498
329429,7359498
329430,7359498
329431,7359498
329432,7359498
329434,7359498
329435,7359498
329436,7359498
329437,7359498
329438,7359498
329439,7359498
329440,7359498
329441,7359498
329442,7359498
329443,7359498
329444,7359498
329445,7359498
329446,7359498
329447,7359498
329448,7359498
329449,7359498
5101,7625811
5102,7625811
5103,7625811
5104,7625811
5105,7625811
5106,7625811
5107,7625811
5108,7625811
5109,7625811
5110,7625811
5111,7625811
5112,7625811
5113,7625811
5114,7625811
5116,7625811
5117,7625811
5118,7625811
5120,7625811
5121,7625811
5124,7625811
5125,7625811
5128,7625811
5129,7625811
5131,7625811
5132,7625811
5133,7625811
5134,7625811
5135,7625811
5136,7625811
5137,7625811
5139,7625811
5140,7625811
5142,7625811
5143,7625811
5144,7625811
5145,7625811
5146,7625811
5147,7625811
5148,7625811
5150,7625811
31101,7902295
31102,7902295
31104,7902295
31105,7902295
31106,7902295
31107,7902295
31108,7902295
31109,7902295
31110,7902295
31111,7902295
31112,7902295
31113,7902295
31114,7902295
31115,7902295
31116,7902295
31117,7902295
31118,7902295
31119,7902295
31121,7902295
31122,7902295
31124,7902295
31125,7902295
31126,7902295
31127,7902295
31129,7902295
31130,7902295
31133,7902295
31134,7902295
31135,7902295
31137,7902295
31138,7902295
31139,7902295
31140,7902295
31141,7902295
31142,7902295
31143,7902295
31144,7902295
31148,7902295
31149,7902295
31150,7902295
751,8000214
752,8000214
753,8000214
754,8000214
755,8000214
756,8000214
757,8000214
758,8000214
759,8000214
760,8000214
762,8000214
763,8000214
764,8000214
766,8000214
767,8000214
770,8000214
772,8000214
773,8000214
774,8000214
775,8000214
776,8000214
778,8000214
779,8000214
781,8000214
782,8000214
784,8000214
785,8000214
786,8000214
787,8000214
788,8000214
789,8000214
791,8000214
792,8000214
794,8000214
795,8000214
796,8000214
797,8000214
798,8000214
799,8000214
800,8000214
43551,8019356
43552,8019356
43553,8019356
43554,8019356
43555,8019356
43556,8019356
43557,8019356
43558,8019356
43559,8019356
43561,8019356
43562,8019356
43563,8019356
43564,8019356
43565,8019356
43566,8019356
43567,8019356
43569,8019356
43570,8019356
43571,8019356
43572,8019356
43573,8019356
43574,8019356
43576,8019356
43578,8019356
43579,8019356
43580,8019356
43581,8019356
43584,8019356
43585,8019356
43587,8019356
43588,8019356
43589,8019356
43590,8019356
43592,8019356
43593,8019356
43595,8019356
43596,8019356
43597,8019356
43598,8019356
43600,8019356
3901,8024014
3905,8024014
3906,8024014
3907,8024014
3908,8024014
3909,8024014
3910,8024014
3911,8024014
3913,8024014
3914,8024014
3916,8024014
3917,8024014
3918,8024014
3920,8024014
3921,8024014
3922,8024014
3923,8024014
3924,8024014
3925,8024014
3926,8024014
3927,8024014
3931,8024014
3932,8024014
3933,8024014
3934,8024014
3936,8024014
3937,8024014
3938,8024014
3939,8024014
3940,8024014
3941,8024014
3942,8024014
3943,8024014
3944,8024014
3945,8024014
3946,8024014
3947,8024014
3948,8024014
3949,8024014
3950,8024014
70601,8101276
70603,8101276
70605,8101276
70606,8101276
70607,8101276
70608,8101276
70609,8101276
70610,8101276
70611,8101276
70612,8101276
70614,8101276
70616,8101276
70617,8101276
70619,8101276
70620,8101276
70621,8101276
70624,8101276
70625,8101276
70626,8101276
70627,8101276
70628,8101276
70629,8101276
70630,8101276
70631,8101276
70632,8101276
70633,8101276
70634,8101276
70635,8101276
70636,8101276
70637,8101276
70638,8101276
70639,8101276
70640,8101276
70641,8101276
70642,8101276
70643,8101276
70644,8101276
70645,8101276
70649,8101276
70650,8101276
76751,8314122
76752,8314122
76753,8314122
76754,8314122
76755,8314122
76758,8314122
76759,8314122
76760,8314122
76761,8314122
76762,8314122
76763,8314122
76764,8314122
76765,8314122
76766,8314122
76767,8314122
76768,8314122
76769,8314122
76770,8314122
76771,8314122
76772,8314122
76774,8314122
76777,8314122
76778,8314122
76780,8314122
76781,8314122
76785,8314122
76786,8314122
76787,8314122
76788,8314122
76789,8314122
76790,8314122
76791,8314122
76792,8314122
76794,8314122
76795,8314122
76796,8314122
76797,8314122
76798,8314122
76799,8314122
76800,8314122
18403,8314134
18405,8314134
18406,8314134
18407,8314134
18409,8314134
18410,8314134
18412,8314134
18414,8314134
18415,8314134
18416,8314134
18417,8314134
18418,8314134
18419,8314134
18420,8314134
18421,8314134
18422,8314134
18423,8314134
18425,8314134
18426,8314134
18427,8314134
18428,8314134
18429,8314134
18430,8314134
18431,8314134
18432,8314134
18433,8314134
18434,8314134
18435,8314134
18436,8314134
18437,8314134
18439,8314134
18440,8314134
18441,8314134
18443,8314134
18444,8314134
18445,8314134
18446,8314134
18447,8314134
18448,8314134
18449,8314134
283051,8331467
283052,8331467
283053,8331467
283054,8331467
283055,8331467
283056,8331467
283057,8331467
283058,8331467
283059,8331467
283060,8331467
283062,8331467
283063,8331467
283064,8331467
283066,8331467
283068,8331467
283070,8331467
283071,8331467
283072,8331467
283073,8331467
283075,8331467
283076,8331467
283077,8331467
283078,8331467
283079,8331467
283082,8331467
283083,8331467
283084,8331467
283085,8331467
283087,8331467
283088,8331467
283089,8331467
283090,8331467
283091,8331467
283093,8331467
283094,8331467
283095,8331467
283096,8331467
283097,8331467
283099,8331467
283100,8331467
319051,8331479
319053,8331479
319054,8331479
319056,8331479
319057,8331479
319058,8331479
319059,8331479
319060,8331479
319061,8331479
319062,8331479
319064,8331479
319065,8331479
319066,8331479
319067,8331479
319068,8331479
319069,8331479
319070,8331479
319072,8331479
319073,8331479
319075,8331479
319076,8331479
319077,8331479
319078,8331479
319079,8331479
319083,8331479
319084,8331479
319086,8331479
319087,8331479
319089,8331479
319090,8331479
319091,8331479
319092,8331479
319093,8331479
319094,8331479
319095,8331479
319096,8331479
319097,8331479
319098,8331479
319099,8331479
319100,8331479
257051,8333635
257052,8333635
257054,8333635
257055,8333635
257056,8333635
257057,8333635
257058,8333635
257061,8333635
257062,8333635
257063,8333635
257064,8333635
257065,8333635
257066,8333635
257067,8333635
257068,8333635
257069,8333635
257070,8333635
257072,8333635
257073,8333635
257074,8333635
257075,8333635
257076,8333635
257077,8333635
257078,8333635
257079,8333635
257081,8333635
257083,8333635
257084,8333635
257087,8333635
257088,8333635
257090,8333635
257091,8333635
257092,8333635
257093,8333635
257094,8333635
257095,8333635
257096,8333635
257097,8333635
257098,8333635
257099,8333635
551,8506294
553,8506294
555,8506294
556,8506294
557,8506294
558,8506294
559,8506294
560,8506294
561,8506294
562,8506294
563,8506294
564,8506294
565,8506294
567,8506294
568,8506294
569,8506294
570,8506294
571,8506294
574,8506294
575,8506294
576,8506294
577,8506294
578,8506294
579,8506294
580,8506294
581,8506294
582,8506294
584,8506294
585,8506294
586,8506294
587,8506294
589,8506294
591,8506294
594,8506294
595,8506294
596,8506294
597,8506294
598,8506294
599,8506294
600,8506294
1002,8506373
1003,8506373
1004,8506373
1005,8506373
1006,8506373
1007,8506373
1009,8506373
1010,8506373
1012,8506373
1013,8506373
1014,8506373
1016,8506373
1017,8506373
1019,8506373
1020,8506373
1022,8506373
1023,8506373
1024,8506373
1025,8506373
1026,8506373
1027,8506373
1028,8506373
1030,8506373
1031,8506373
1033,8506373
1034,8506373
1035,8506373
1036,8506373
1037,8506373
1038,8506373
1039,8506373
1040,8506373
1041,8506373
1044,8506373
1045,8506373
1046,8506373
1047,8506373
1048,8506373
1049,8506373
1050,8506373
35501,8512281
35502,8512281
35503,8512281
35504,8512281
35505,8512281
35507,8512281
35508,8512281
35509,8512281
35510,8512281
35511,8512281
35512,8512281
35513,8512281
35514,8512281
35515,8512281
35516,8512281
35517,8512281
35519,8512281
35520,8512281
35521,8512281
35522,8512281
35524,8512281
35525,8512281
35526,8512281
35527,8512281
35530,8512281
35531,8512281
35532,8512281
35533,8512281
35534,8512281
35537,8512281
35538,8512281
35540,8512281
35541,8512281
35542,8512281
35543,8512281
35544,8512281
35545,8512281
35546,8512281
35547,8512281
35550,8512281
3951,8521220
3952,8521220
3953,8521220
3954,8521220
3955,8521220
3956,8521220
3958,8521220
3959,8521220
3962,8521220
3963,8521220
3964,8521220
3965,8521220
3966,8521220
3967,8521220
3969,8521220
3970,8521220
3971,8521220
3972,8521220
3975,8521220
3976,8521220
3977,8521220
3978,8521220
3980,8521220
3981,8521220
3982,8521220
3983,8521220
3984,8521220
3985,8521220
3987,8521220
3988,8521220
3989,8521220
3990,8521220
3991,8521220
3992,8521220
3993,8521220
3996,8521220
3997,8521220
3998,8521220
3999,8521220
4000,8521220
11251,8611398
11252,8611398
11254,8611398
11257,8611398
11258,8611398
11259,8611398
11261,8611398
11262,8611398
11263,8611398
11264,8611398
11265,8611398
11266,8611398
11267,8611398
11268,8611398
11270,8611398
11272,8611398
11273,8611398
11274,8611398
11275,8611398
11277,8611398
11278,8611398
11281,8611398
11282,8611398
11283,8611398
11285,8611398
11286,8611398
11287,8611398
11288,8611398
11289,8611398
11290,8611398
11291,8611398
11292,8611398
11293,8611398
11294,8611398
11295,8611398
11296,8611398
11297,8611398
11298,8611398
11299,8611398
11300,8611398
390101,8644967
390102,8644967
390103,8644967
390104,8644967
390109,8644967
390110,8644967
390111,8644967
390112,8644967
390115,8644967
390116,8644967
390118,8644967
390119,8644967
390120,8644967
390121,8644967
390123,8644967
390124,8644967
390125,8644967
390126,8644967
390127,8644967
390128,8644967
390129,8644967
390130,8644967
390131,8644967
390132,8644967
390133,8644967
390134,8644967
390135,8644967
390136,8644967
390138,8644967
390139,8644967
390140,8644967
390141,8644967
390142,8644967
390143,8644967
390144,8644967
390145,8644967
390146,8644967
390148,8644967
390149,8644967
390150,8644967
43501,8657031
43503,8657031
43505,8657031
43507,8657031
43508,8657031
43510,8657031
43511,8657031
43512,8657031
43513,8657031
43514,8657031
43515,8657031
43516,8657031
43517,8657031
43518,8657031
43519,8657031
43520,8657031
43521,8657031
43522,8657031
43523,8657031
43524,8657031
43525,8657031
43526,8657031
43527,8657031
43528,8657031
43529,8657031
43530,8657031
43531,8657031
43532,8657031
43533,8657031
43534,8657031
43535,8657031
43536,8657031
43539,8657031
43540,8657031
43541,8657031
43542,8657031
43543,8657031
43544,8657031
43548,8657031
43550,8657031
152,8700280
153,8700280
154,8700280
155,8700280
156,8700280
157,8700280
158,8700280
159,8700280
162,8700280
163,8700280
164,8700280
165,8700280
166,8700280
167,8700280
168,8700280
169,8700280
171,8700280
172,8700280
173,8700280
174,8700280
175,8700280
176,8700280
177,8700280
178,8700280
179,8700280
181,8700280
183,8700280
184,8700280
186,8700280
188,8700280
189,8700280
190,8700280
191,8700280
193,8700280
194,8700280
195,8700280
196,8700280
197,8700280
198,8700280
199,8700280
5051,8700785
5052,8700785
5053,8700785
5054,8700785
5055,8700785
5057,8700785
5058,8700785
5061,8700785
5062,8700785
5063,8700785
5066,8700785
5067,8700785
5069,8700785
5070,8700785
5071,8700785
5072,8700785
5073,8700785
5075,8700785
5076,8700785
5077,8700785
5078,8700785
5079,8700785
5080,8700785
5081,8700785
5082,8700785
5083,8700785
5084,8700785
5085,8700785
5087,8700785
5088,8700785
5089,8700785
5090,8700785
5091,8700785
5092,8700785
5093,8700785
5095,8700785
5096,8700785
5097,8700785
5098,8700785
5100,8700785
7101,8701193
7102,8701193
7103,8701193
7106,8701193
7107,8701193
7108,8701193
7109,8701193
7110,8701193
7112,8701193
7113,8701193
7114,8701193
7115,8701193
7116,8701193
7118,8701193
7119,8701193
7120,8701193
7121,8701193
7123,8701193
7124,8701193
7125,8701193
7126,8701193
7127,8701193
7128,8701193
7130,8701193
7131,8701193
7134,8701193
7136,8701193
7137,8701193
7138,8701193
7139,8701193
7140,8701193
7141,8701193
7142,8701193
7143,8701193
7144,8701193
7145,8701193
7146,8701193
7147,8701193
7148,8701193
7150,8701193
3001,8707343
3002,8707343
3004,8707343
3006,8707343
3007,8707343
3008,8707343
3009,8707343
3010,8707343
3011,8707343
3013,8707343
3014,8707343
3016,8707343
3018,8707343
3019,8707343
3020,8707343
3022,8707343
3023,8707343
3024,8707343
3026,8707343
3028,8707343
3030,8707343
3031,8707343
3032,8707343
3033,8707343
3034,8707343
3035,8707343
3036,8707343
3037,8707343
3038,8707343
3039,8707343
3040,8707343
3041,8707343
3042,8707343
3043,8707343
3044,8707343
3045,8707343
3046,8707343
3048,8707343
3049,8707343
3050,8707343
86102,8708672
86104,8708672
86105,8708672
86106,8708672
86107,8708672
86108,8708672
86110,8708672
86111,8708672
86113,8708672
86114,8708672
86116,8708672
86117,8708672
86118,8708672
86119,8708672
86120,8708672
86121,8708672
86122,8708672
86123,8708672
86125,8708672
86126,8708672
86127,8708672
86128,8708672
86129,8708672
86130,8708672
86132,8708672
86133,8708672
86134,8708672
86135,8708672
86136,8708672
86137,8708672
86138,8708672
86139,8708672
86140,8708672
86141,8708672
86142,8708672
86143,8708672
86144,8708672
86146,8708672
86149,8708672
86150,8708672
3052,8716899
3053,8716899
3054,8716899
3055,8716899
3056,8716899
3057,8716899
3059,8716899
3060,8716899
3062,8716899
3063,8716899
3064,8716899
3066,8716899
3067,8716899
3068,8716899
3069,8716899
3070,8716899
3073,8716899
3074,8716899
3075,8716899
3076,8716899
3077,8716899
3078,8716899
3080,8716899
3081,8716899
3082,8716899
3083,8716899
3084,8716899
3085,8716899
3086,8716899
3087,8716899
3088,8716899
3089,8716899
3090,8716899
3093,8716899
3094,8716899
3095,8716899
3096,8716899
3097,8716899
3098,8716899
3100,8716899
135051,8800195
135052,8800195
135053,8800195
135054,8800195
135055,8800195
135056,8800195
135057,8800195
135058,8800195
135060,8800195
135062,8800195
135065,8800195
135066,8800195
135067,8800195
135068,8800195
135069,8800195
135071,8800195
135072,8800195
135073,8800195
135074,8800195
135075,8800195
135076,8800195
135079,8800195
135080,8800195
135081,8800195
135082,8800195
135083,8800195
135085,8800195
135086,8800195
135087,8800195
135088,8800195
135089,8800195
135090,8800195
135091,8800195
135092,8800195
135094,8800195
135095,8800195
135096,8800195
135097,8800195
135098,8800195
135100,8800195
282351,8802868
282352,8802868
282353,8802868
282354,8802868
282355,8802868
282356,8802868
282357,8802868
282358,8802868
282361,8802868
282362,8802868
282364,8802868
282365,8802868
282366,8802868
282367,8802868
282368,8802868
282369,8802868
282371,8802868
282372,8802868
282373,8802868
282374,8802868
282375,8802868
282376,8802868
282377,8802868
282378,8802868
282379,8802868
282380,8802868
282381,8802868
282383,8802868
282386,8802868
282387,8802868
282388,8802868
282390,8802868
282391,8802868
282392,8802868
282394,8802868
282395,8802868
282396,8802868
282397,8802868
282399,8802868
282400,8802868
67252,8802882
67253,8802882
67256,8802882
67257,8802882
67258,8802882
67259,8802882
67260,8802882
67261,8802882
67262,8802882
67263,8802882
67264,8802882
67265,8802882
67266,8802882
67267,8802882
67268,8802882
67269,8802882
67270,8802882
67271,8802882
67272,8802882
67273,8802882
67274,8802882
67276,8802882
67279,8802882
67281,8802882
67283,8802882
67284,8802882
67285,8802882
67286,8802882
67287,8802882
67288,8802882
67289,8802882
67290,8802882
67292,8802882
67293,8802882
67294,8802882
67295,8802882
67296,8802882
67298,8802882
67299,8802882
67300,8802882
17401,8806204
17402,8806204
17403,8806204
17404,8806204
17406,8806204
17408,8806204
17409,8806204
17410,8806204
17412,8806204
17413,8806204
17414,8806204
17416,8806204
17417,8806204
17419,8806204
17420,8806204
17421,8806204
17422,8806204
17423,8806204
17424,8806204
17425,8806204
17426,8806204
17427,8806204
17428,8806204
17430,8806204
17431,8806204
17432,8806204
17433,8806204
17434,8806204
17435,8806204
17436,8806204
17437,8806204
17439,8806204
17440,8806204
17443,8806204
17444,8806204
17445,8806204
17446,8806204
17447,8806204
17449,8806204
17450,8806204
6401,8807088
6403,8807088
6404,8807088
6405,8807088
6406,8807088
6407,8807088
6408,8807088
6409,8807088
6410,8807088
6411,8807088
6415,8807088
6416,8807088
6417,8807088
6418,8807088
6420,8807088
6421,8807088
6422,8807088
6424,8807088
6426,8807088
6427,8807088
6428,8807088
6429,8807088
6430,8807088
6431,8807088
6432,8807088
6434,8807088
6435,8807088
6436,8807088
6437,8807088
6438,8807088
6439,8807088
6440,8807088
6441,8807088
6442,8807088
6443,8807088
6446,8807088
6447,8807088
6448,8807088
6449,8807088
6450,8807088
10151,8814744
10152,8814744
10153,8814744
10156,8814744
10157,8814744
10158,8814744
10159,8814744
10160,8814744
10163,8814744
10164,8814744
10165,8814744
10166,8814744
10169,8814744
10170,8814744
10172,8814744
10173,8814744
10174,8814744
10175,8814744
10176,8814744
10177,8814744
10178,8814744
10181,8814744
10182,8814744
10183,8814744
10184,8814744
10185,8814744
10187,8814744
10188,8814744
10189,8814744
10190,8814744
10191,8814744
10192,8814744
10193,8814744
10194,8814744
10195,8814744
10196,8814744
10197,8814744
10198,8814744
10199,8814744
10200,8814744
11101,8843446
11102,8843446
11103,8843446
11104,8843446
11106,8843446
11107,8843446
11108,8843446
11110,8843446
11111,8843446
11115,8843446
11116,8843446
11117,8843446
11119,8843446
11121,8843446
11122,8843446
11123,8843446
11124,8843446
11125,8843446
11126,8843446
11127,8843446
11128,8843446
11129,8843446
11130,8843446
11131,8843446
11132,8843446
11133,8843446
11134,8843446
11135,8843446
11136,8843446
11138,8843446
11139,8843446
11140,8843446
11141,8843446
11142,8843446
11144,8843446
11145,8843446
11146,8843446
11147,8843446
11148,8843446
11150,8843446
380351,8843927
380352,8843927
380353,8843927
380356,8843927
380358,8843927
380362,8843927
380363,8843927
380364,8843927
380365,8843927
380366,8843927
380367,8843927
380368,8843927
380369,8843927
380371,8843927
380373,8843927
380374,8843927
380375,8843927
380376,8843927
380378,8843927
380379,8843927
380380,8843927
380381,8843927
380382,8843927
380383,8843927
380384,8843927
380385,8843927
380386,8843927
380388,8843927
380389,8843927
380390,8843927
380391,8843927
380392,8843927
380393,8843927
380394,8843927
380395,8843927
380396,8843927
380397,8843927
380398,8843927
380399,8843927
380400,8843927
1401,8903923
1402,8903923
1404,8903923
1405,8903923
1406,8903923
1407,8903923
1408,8903923
1409,8903923
1410,8903923
1411,8903923
1412,8903923
1413,8903923
1415,8903923
1417,8903923
1418,8903923
1419,8903923
1420,8903923
1421,8903923
1422,8903923
1423,8903923
1425,8903923
1428,8903923
1429,8903923
1430,8903923
1431,8903923
1434,8903923
1435,8903923
1436,8903923
1437,8903923
1438,8903923
1439,8903923
1440,8903923
1441,8903923
1443,8903923
1444,8903923
1445,8903923
1446,8903923
1448,8903923
1449,8903923
1450,8903923
399303,8913916
399304,8913916
399305,8913916
399306,8913916
399307,8913916
399308,8913916
399309,8913916
399310,8913916
399311,8913916
399312,8913916
399313,8913916
399315,8913916
399317,8913916
399318,8913916
399320,8913916
399321,8913916
399322,8913916
399323,8913916
399324,8913916
399325,8913916
399326,8913916
399331,8913916
399332,8913916
399333,8913916
399334,8913916
399336,8913916
399337,8913916
399338,8913916
399339,8913916
399340,8913916
399341,8913916
399342,8913916
399343,8913916
399344,8913916
399345,8913916
399346,8913916
399347,8913916
399348,8913916
399349,8913916
399350,8913916
244851,8914219
244852,8914219
244853,8914219
244854,8914219
244855,8914219
244856,8914219
244857,8914219
244861,8914219
244863,8914219
244866,8914219
244867,8914219
244868,8914219
244869,8914219
244871,8914219
244872,8914219
244873,8914219
244874,8914219
244875,8914219
244876,8914219
244877,8914219
244878,8914219
244879,8914219
244880,8914219
244881,8914219
244882,8914219
244884,8914219
244885,8914219
244887,8914219
244888,8914219
244889,8914219
244891,8914219
244892,8914219
244893,8914219
244894,8914219
244895,8914219
244896,8914219
244897,8914219
244898,8914219
244899,8914219
244900,8914219
80351,8915445
80352,8915445
80354,8915445
80355,8915445
80356,8915445
80357,8915445
80358,8915445
80359,8915445
80360,8915445
80361,8915445
80362,8915445
80364,8915445
80365,8915445
80366,8915445
80367,8915445
80368,8915445
80369,8915445
80371,8915445
80372,8915445
80373,8915445
80375,8915445
80376,8915445
80379,8915445
80380,8915445
80381,8915445
80383,8915445
80384,8915445
80385,8915445
80386,8915445
80387,8915445
80388,8915445
80389,8915445
80390,8915445
80392,8915445
80393,8915445
80394,8915445
80395,8915445
80397,8915445
80399,8915445
80400,8915445
74851,8916126
74852,8916126
74854,8916126
74855,8916126
74856,8916126
74858,8916126
74859,8916126
74860,8916126
74861,8916126
74863,8916126
74864,8916126
74865,8916126
74866,8916126
74868,8916126
74869,8916126
74870,8916126
74871,8916126
74873,8916126
74874,8916126
74875,8916126
74876,8916126
74877,8916126
74880,8916126
74881,8916126
74883,8916126
74884,8916126
74885,8916126
74886,8916126
74887,8916126
74889,8916126
74890,8916126
74891,8916126
74892,8916126
74893,8916126
74894,8916126
74895,8916126
74896,8916126
74898,8916126
74899,8916126
74900,8916126
6351,8918136
6352,8918136
6353,8918136
6355,8918136
6356,8918136
6357,8918136
6358,8918136
6360,8918136
6361,8918136
6362,8918136
6364,8918136
6365,8918136
6366,8918136
6367,8918136
6368,8918136
6370,8918136
6371,8918136
6372,8918136
6373,8918136
6374,8918136
6375,8918136
6376,8918136
6377,8918136
6379,8918136
6380,8918136
6381,8918136
6382,8918136
6383,8918136
6385,8918136
6386,8918136
6387,8918136
6388,8918136
6390,8918136
6393,8918136
6395,8918136
6396,8918136
6397,8918136
6398,8918136
6399,8918136
6400,8918136
48001,8919245
48003,8919245
48004,8919245
48005,8919245
48006,8919245
48007,8919245
48008,8919245
48009,8919245
48010,8919245
48011,8919245
48013,8919245
48014,8919245
48015,8919245
48016,8919245
48017,8919245
48018,8919245
48019,8919245
48020,8919245
48021,8919245
48022,8919245
48023,8919245
48025,8919245
48026,8919245
48027,8919245
48028,8919245
48029,8919245
48030,8919245
48031,8919245
48033,8919245
48034,8919245
48037,8919245
48038,8919245
48040,8919245
48041,8919245
48042,8919245
48043,8919245
48044,8919245
48047,8919245
48048,8919245
48050,8919245
5501,8919257
5503,8919257
5504,8919257
5505,8919257
5506,8919257
5507,8919257
5508,8919257
5512,8919257
5513,8919257
5514,8919257
5515,8919257
5516,8919257
5517,8919257
5518,8919257
5519,8919257
5520,8919257
5521,8919257
5522,8919257
5523,8919257
5524,8919257
5525,8919257
5526,8919257
5527,8919257
5528,8919257
5530,8919257
5531,8919257
5533,8919257
5535,8919257
5537,8919257
5538,8919257
5540,8919257
5541,8919257
5542,8919257
5544,8919257
5545,8919257
5546,8919257
5547,8919257
5548,8919257
5549,8919257
5550,8919257
6301,9007491
6302,9007491
6303,9007491
6304,9007491
6305,9007491
6306,9007491
6307,9007491
6308,9007491
6309,9007491
6311,9007491
6312,9007491
6313,9007491
6314,9007491
6315,9007491
6316,9007491
6317,9007491
6318,9007491
6319,9007491
6321,9007491
6322,9007491
6323,9007491
6325,9007491
6326,9007491
6327,9007491
6329,9007491
6332,9007491
6333,9007491
6335,9007491
6337,9007491
6338,9007491
6339,9007491
6340,9007491
6341,9007491
6342,9007491
6344,9007491
6345,9007491
6346,9007491
6347,9007491
6348,9007491
6349,9007491
369551,9008407
369552,9008407
369553,9008407
369554,9008407
369555,9008407
369556,9008407
369557,9008407
369558,9008407
369559,9008407
369560,9008407
369561,9008407
369562,9008407
369563,9008407
369564,9008407
369566,9008407
369567,9008407
369568,9008407
369569,9008407
369570,9008407
369571,9008407
369572,9008407
369573,9008407
369574,9008407
369575,9008407
369577,9008407
369578,9008407
369581,9008407
369582,9008407
369583,9008407
369584,9008407
369586,9008407
369587,9008407
369588,9008407
369589,9008407
369591,9008407
369592,9008407
369593,9008407
369594,9008407
369595,9008407
369599,9008407
112701,9008419
112702,9008419
112703,9008419
112704,9008419
112705,9008419
112706,9008419
112707,9008419
112709,9008419
112710,9008419
112711,9008419
112712,9008419
112713,9008419
112714,9008419
112715,9008419
112716,9008419
112718,9008419
112719,9008419
112720,9008419
112721,9008419
112722,9008419
112724,9008419
112725,9008419
112726,9008419
112727,9008419
112728,9008419
112729,9008419
112730,9008419
112732,9008419
112735,9008419
112737,9008419
112739,9008419
112740,9008419
112742,9008419
112743,9008419
112745,9008419
112746,9008419
112747,9008419
112748,9008419
112749,9008419
112750,9008419
7201,9008598
7202,9008598
7203,9008598
7204,9008598
7205,9008598
7206,9008598
7207,9008598
7208,9008598
7209,9008598
7211,9008598
7212,9008598
7214,9008598
7215,9008598
7216,9008598
7217,9008598
7218,9008598
7219,9008598
7222,9008598
7223,9008598
7224,9008598
7226,9008598
7227,9008598
7228,9008598
7229,9008598
7230,9008598
7231,9008598
7232,9008598
7233,9008598
7236,9008598
7239,9008598
7240,9008598
7241,9008598
7242,9008598
7243,9008598
7245,9008598
7246,9008598
7247,9008598
7248,9008598
7249,9008598
7250,9008598
191802,9070058
191803,9070058
191804,9070058
191805,9070058
191806,9070058
191807,9070058
191810,9070058
191811,9070058
191812,9070058
191813,9070058
191814,9070058
191815,9070058
191816,9070058
191817,9070058
191818,9070058
191819,9070058
191820,9070058
191822,9070058
191824,9070058
191828,9070058
191829,9070058
191830,9070058
191831,9070058
191832,9070058
191833,9070058
191835,9070058
191836,9070058
191837,9070058
191838,9070058
191839,9070058
191840,9070058
191841,9070058
191842,9070058
191843,9070058
191844,9070058
191845,9070058
191846,9070058
191848,9070058
191849,9070058
191850,9070058
8501,9070620
8502,9070620
8503,9070620
8505,9070620
8506,9070620
8507,9070620
8508,9070620
8509,9070620
8510,9070620
8511,9070620
8513,9070620
8514,9070620
8515,9070620
8516,9070620
8517,9070620
8518,9070620
8519,9070620
8520,9070620
8521,9070620
8523,9070620
8524,9070620
8525,9070620
8526,9070620
8527,9070620
8528,9070620
8529,9070620
8530,9070620
8531,9070620
8534,9070620
8535,9070620
8537,9070620
8538,9070620
8539,9070620
8541,9070620
8543,9070620
8545,9070620
8546,9070620
8548,9070620
8549,9070620
8550,9070620
49151,9102978
49152,9102978
49153,9102978
49155,9102978
49156,9102978
49158,9102978
49160,9102978
49161,9102978
49162,9102978
49164,9102978
49165,9102978
49167,9102978
49168,9102978
49169,9102978
49170,9102978
49171,9102978
49172,9102978
49173,9102978
49176,9102978
49177,9102978
49178,9102978
49180,9102978
49181,9102978
49182,9102978
49183,9102978
49184,9102978
49185,9102978
49186,9102978
49187,9102978
49188,9102978
49189,9102978
49190,9102978
49191,9102978
49192,9102978
49194,9102978
49195,9102978
49197,9102978
49198,9102978
49199,9102978
49200,9102978
2001,9104005
2002,9104005
2004,9104005
2005,9104005
2006,9104005
2008,9104005
2009,9104005
2010,9104005
2012,9104005
2013,9104005
2014,9104005
2016,9104005
2017,9104005
2018,9104005
2019,9104005
2020,9104005
2021,9104005
2022,9104005
2024,9104005
2025,9104005
2026,9104005
2027,9104005
2028,9104005
2029,9104005
2030,9104005
2032,9104005
2034,9104005
2035,9104005
2036,9104005
2037,9104005
2038,9104005
2039,9104005
2040,9104005
2041,9104005
2042,9104005
2043,9104005
2044,9104005
2047,9104005
2048,9104005
2050,9104005
8101,9106302
8102,9106302
8105,9106302
8109,9106302
8110,9106302
8112,9106302
8113,9106302
8114,9106302
8115,9106302
8116,9106302
8117,9106302
8118,9106302
8119,9106302
8120,9106302
8121,9106302
8123,9106302
8124,9106302
8125,9106302
8126,9106302
8127,9106302
8128,9106302
8129,9106302
8130,9106302
8131,9106302
8133,9106302
8134,9106302
8135,9106302
8136,9106302
8137,9106302
8139,9106302
8140,9106302
8141,9106302
8142,9106302
8143,9106302
8144,9106302
8145,9106302
8146,9106302
8147,9106302
8148,9106302
8149,9106302
275151,9111802
275153,9111802
275154,9111802
275155,9111802
275156,9111802
275157,9111802
275158,9111802
275159,9111802
275160,9111802
275161,9111802
275162,9111802
275164,9111802
275165,9111802
275166,9111802
275167,9111802
275168,9111802
275169,9111802
275170,9111802
275171,9111802
275172,9111802
275173,9111802
275174,9111802
275175,9111802
275177,9111802
275178,9111802
275179,9111802
275180,9111802
275181,9111802
275183,9111802
275184,9111802
275185,9111802
275187,9111802
275188,9111802
275189,9111802
275190,9111802
275191,9111802
275193,9111802
275196,9111802
275198,9111802
275200,9111802
28751,9116864
28753,9116864
28754,9116864
28755,9116864
28756,9116864
28758,9116864
28759,9116864
28760,9116864
28761,9116864
28762,9116864
28763,9116864
28764,9116864
28765,9116864
28766,9116864
28767,9116864
28768,9116864
28770,9116864
28771,9116864
28772,9116864
28773,9116864
28774,9116864
28775,9116864
28776,9116864
28777,9116864
28779,9116864
28783,9116864
28784,9116864
28786,9116864
28787,9116864
28788,9116864
28789,9116864
28790,9116864
28791,9116864
28792,9116864
28795,9116864
28796,9116864
28797,9116864
28798,9116864
28799,9116864
28800,9116864
9101,9126807
9102,9126807
9103,9126807
9104,9126807
9105,9126807
9106,9126807
9108,9126807
9110,9126807
9111,9126807
9112,9126807
9113,9126807
9114,9126807
9115,9126807
9116,9126807
9118,9126807
9120,9126807
9121,9126807
9122,9126807
9123,9126807
9125,9126807
9126,9126807
9128,9126807
9129,9126807
9130,9126807
9131,9126807
9132,9126807
9133,9126807
9134,9126807
9135,9126807
9136,9126807
9137,9126807
9140,9126807
9141,9126807
9142,9126807
9143,9126807
9144,9126807
9145,9126807
9146,9126807
9147,9126807
9148,9126807
398451,9126819
398453,9126819
398454,9126819
398455,9126819
398456,9126819
398457,9126819
398459,9126819
398460,9126819
398462,9126819
398464,9126819
398466,9126819
398468,9126819
398469,9126819
398470,9126819
398471,9126819
398472,9126819
398473,9126819
398474,9126819
398476,9126819
398477,9126819
398478,9126819
398479,9126819
398480,9126819
398481,9126819
398483,9126819
398484,9126819
398485,9126819
398487,9126819
398488,9126819
398489,9126819
398490,9126819
398491,9126819
398492,9126819
398493,9126819
398494,9126819
398495,9126819
398496,9126819
398497,9126819
398498,9126819
398500,9126819
1052,9138329
1054,9138329
1057,9138329
1059,9138329
1060,9138329
1061,9138329
1062,9138329
1063,9138329
1065,9138329
1066,9138329
1067,9138329
1068,9138329
1069,9138329
1070,9138329
1071,9138329
1072,9138329
1073,9138329
1075,9138329
1076,9138329
1077,9138329
1078,9138329
1079,9138329
1080,9138329
1081,9138329
1082,9138329
1083,9138329
1084,9138329
1085,9138329
1086,9138329
1087,9138329
1088,9138329
1089,9138329
1092,9138329
1093,9138329
1094,9138329
1096,9138329
1097,9138329
1098,9138329
1099,9138329
1100,9138329
103551,9141077
103552,9141077
103553,9141077
103554,9141077
103557,9141077
103558,9141077
103559,9141077
103560,9141077
103561,9141077
103562,9141077
103563,9141077
103564,9141077
103565,9141077
103567,9141077
103568,9141077
103569,9141077
103570,9141077
103571,9141077
103573,9141077
103574,9141077
103575,9141077
103576,9141077
103577,9141077
103579,9141077
103580,9141077
103581,9141077
103582,9141077
103584,9141077
103585,9141077
103586,9141077
103587,9141077
103588,9141077
103590,9141077
103591,9141077
103593,9141077
103594,9141077
103596,9141077
103598,9141077
103599,9141077
103600,9141077
301,9141807
302,9141807
303,9141807
304,9141807
305,9141807
307,9141807
308,9141807
309,9141807
310,9141807
311,9141807
312,9141807
313,9141807
314,9141807
315,9141807
316,9141807
318,9141807
319,9141807
320,9141807
321,9141807
323,9141807
324,9141807
325,9141807
326,9141807
327,9141807
330,9141807
332,9141807
333,9141807
334,9141807
335,9141807
336,9141807
338,9141807
339,9141807
341,9141807
342,9141807
343,9141807
346,9141807
347,9141807
348,9141807
349,9141807
350,9141807
1551,9156462
1552,9156462
1553,9156462
1554,9156462
1555,9156462
1556,9156462
1557,9156462
1558,9156462
1559,9156462
1560,9156462
1561,9156462
1563,9156462
1564,9156462
1567,9156462
1568,9156462
1569,9156462
1571,9156462
1572,9156462
1574,9156462
1576,9156462
1578,9156462
1579,9156462
1581,9156462
1582,9156462
1583,9156462
1584,9156462
1585,9156462
1586,9156462
1587,9156462
1588,9156462
1589,9156462
1590,9156462
1591,9156462
1592,9156462
1593,9156462
1594,9156462
1595,9156462
1597,9156462
1598,9156462
1600,9156462
3201,9156474
3205,9156474
3207,9156474
3208,9156474
3209,9156474
3210,9156474
3211,9156474
3212,9156474
3214,9156474
3215,9156474
3216,9156474
3217,9156474
3218,9156474
3219,9156474
3220,9156474
3221,9156474
3222,9156474
3223,9156474
3225,9156474
3226,9156474
3227,9156474
3228,9156474
3229,9156474
3230,9156474
3231,9156474
3232,9156474
3233,9156474
3234,9156474
3235,9156474
3236,9156474
3237,9156474
3238,9156474
3239,9156474
3240,9156474
3241,9156474
3242,9156474
3245,9156474
3248,9156474
3249,9156474
3250,9156474
17904,9156515
17905,9156515
17906,9156515
17907,9156515
17908,9156515
17910,9156515
17912,9156515
17913,9156515
17914,9156515
17915,9156515
17916,9156515
17917,9156515
17919,9156515
17920,9156515
17921,9156515
17922,9156515
17923,9156515
17924,9156515
17925,9156515
17926,9156515
17927,9156515
17928,9156515
17929,9156515
17931,9156515
17932,9156515
17933,9156515
17934,9156515
17935,9156515
17936,9156515
17937,9156515
17939,9156515
17941,9156515
17942,9156515
17943,9156515
17944,9156515
17945,9156515
17946,9156515
17947,9156515
17948,9156515
17949,9156515
100751,9160011
100752,9160011
100754,9160011
100755,9160011
100756,9160011
100758,9160011
100759,9160011
100760,9160011
100761,9160011
100762,9160011
100763,9160011
100764,9160011
100766,9160011
100767,9160011
100768,9160011
100769,9160011
100770,9160011
100771,9160011
100772,9160011
100775,9160011
100776,9160011
100777,9160011
100778,9160011
100779,9160011
100782,9160011
100783,9160011
100787,9160011
100788,9160011
100789,9160011
100790,9160011
100791,9160011
100792,9160011
100793,9160011
100794,9160011
100795,9160011
100796,9160011
100797,9160011
100798,9160011
100799,9160011
100800,9160011
14401,9161728
14402,9161728
14403,9161728
14404,9161728
14405,9161728
14406,9161728
14407,9161728
14408,9161728
14409,9161728
14411,9161728
14412,9161728
14415,9161728
14416,9161728
14417,9161728
14418,9161728
14419,9161728
14420,9161728
14422,9161728
14423,9161728
14424,9161728
14425,9161728
14426,9161728
14428,9161728
14429,9161728
14430,9161728
14431,9161728
14433,9161728
14435,9161728
14436,9161728
14438,9161728
14439,9161728
14440,9161728
14441,9161728
14443,9161728
14444,9161728
14445,9161728
14447,9161728
14448,9161728
14449,9161728
14450,9161728
2551,9169550
2552,9169550
2554,9169550
2556,9169550
2557,9169550
2558,9169550
2560,9169550
2561,9169550
2562,9169550
2563,9169550
2564,9169550
2566,9169550
2567,9169550
2569,9169550
2570,9169550
2571,9169550
2572,9169550
2573,9169550
2574,9169550
2575,9169550
2578,9169550
2579,9169550
2580,9169550
2581,9169550
2582,9169550
2584,9169550
2586,9169550
2587,9169550
2588,9169550
2589,9169550
2590,9169550
2591,9169550
2592,9169550
2594,9169550
2595,9169550
2596,9169550
2597,9169550
2598,9169550
2599,9169550
2600,9169550
157201,9172648
157202,9172648
157203,9172648
157204,9172648
157205,9172648
157206,9172648
157207,9172648
157208,9172648
157210,9172648
157211,9172648
157212,9172648
157213,9172648
157215,9172648
157216,9172648
157219,9172648
157220,9172648
157222,9172648
157224,9172648
157225,9172648
157227,9172648
157228,9172648
157229,9172648
157230,9172648
157232,9172648
157233,9172648
157235,9172648
157237,9172648
157238,9172648
157239,9172648
157240,9172648
157241,9172648
157242,9172648
157243,9172648
157244,9172648
157245,9172648
157246,9172648
157247,9172648
157248,9172648
157249,9172648
157250,9172648
1851,9172777
1852,9172777
1853,9172777
1854,9172777
1855,9172777
1858,9172777
1859,9172777
1860,9172777
1861,9172777
1862,9172777
1863,9172777
1864,9172777
1865,9172777
1866,9172777
1867,9172777
1868,9172777
1869,9172777
1871,9172777
1872,9172777
1873,9172777
1874,9172777
1875,9172777
1876,9172777
1877,9172777
1879,9172777
1880,9172777
1881,9172777
1882,9172777
1883,9172777
1885,9172777
1888,9172777
1889,9172777
1891,9172777
1892,9172777
1893,9172777
1894,9172777
1895,9172777
1896,9172777
1898,9172777
1899,9172777
243651,9179191
243652,9179191
243653,9179191
243654,9179191
243655,9179191
243656,9179191
243657,9179191
243659,9179191
243660,9179191
243661,9179191
243662,9179191
243663,9179191
243664,9179191
243665,9179191
243667,9179191
243669,9179191
243670,9179191
243671,9179191
243672,9179191
243673,9179191
243674,9179191
243675,9179191
243676,9179191
243678,9179191
243679,9179191
243680,9179191
243681,9179191
243682,9179191
243684,9179191
243688,9179191
243690,9179191
243691,9179191
243692,9179191
243693,9179191
243694,9179191
243695,9179191
243696,9179191
243698,9179191
243699,9179191
243700,9179191
503,9183855
504,9183855
506,9183855
508,9183855
509,9183855
510,9183855
511,9183855
512,9183855
513,9183855
515,9183855
516,9183855
517,9183855
518,9183855
521,9183855
522,9183855
523,9183855
524,9183855
525,9183855
526,9183855
527,9183855
528,9183855
529,9183855
530,9183855
531,9183855
533,9183855
534,9183855
535,9183855
536,9183855
537,9183855
538,9183855
539,9183855
540,9183855
542,9183855
543,9183855
545,9183855
546,9183855
547,9183855
548,9183855
549,9183855
550,9183855
6251,9187796
6253,9187796
6254,9187796
6255,9187796
6258,9187796
6259,9187796
6260,9187796
6261,9187796
6262,9187796
6263,9187796
6264,9187796
6265,9187796
6266,9187796
6267,9187796
6269,9187796
6270,9187796
6271,9187796
6272,9187796
6273,9187796
6274,9187796
6275,9187796
6276,9187796
6277,9187796
6278,9187796
6279,9187796
6280,9187796
6281,9187796
6282,9187796
6283,9187796
6284,9187796
6286,9187796
6287,9187796
6290,9187796
6291,9187796
6292,9187796
6294,9187796
6295,9187796
6296,9187796
6297,9187796
6299,9187796
16702,9187887
16703,9187887
16704,9187887
16705,9187887
16706,9187887
16708,9187887
16710,9187887
16711,9187887
16712,9187887
16713,9187887
16714,9187887
16715,9187887
16716,9187887
16717,9187887
16718,9187887
16719,9187887
16720,9187887
16721,9187887
16722,9187887
16723,9187887
16724,9187887
16725,9187887
16726,9187887
16727,9187887
16728,9187887
16729,9187887
16731,9187887
16734,9187887
16735,9187887
16738,9187887
16739,9187887
16740,9187887
16741,9187887
16742,9187887
16744,9187887
16745,9187887
16747,9187887
16748,9187887
16749,9187887
16750,9187887
10951,9187899
10952,9187899
10953,9187899
10954,9187899
10956,9187899
10958,9187899
10959,9187899
10960,9187899
10961,9187899
10963,9187899
10964,9187899
10965,9187899
10966,9187899
10967,9187899
10968,9187899
10969,9187899
10970,9187899
10971,9187899
10972,9187899
10974,9187899
10976,9187899
10978,9187899
10979,9187899
10980,9187899
10981,9187899
10983,9187899
10984,9187899
10985,9187899
10986,9187899
10988,9187899
10989,9187899
10990,9187899
10991,9187899
10992,9187899
10993,9187899
10994,9187899
10997,9187899
10998,9187899
10999,9187899
11000,9187899
15151,9188037
15152,9188037
15153,9188037
15154,9188037
15155,9188037
15156,9188037
15158,9188037
15160,9188037
15162,9188037
15163,9188037
15166,9188037
15168,9188037
15170,9188037
15171,9188037
15172,9188037
15173,9188037
15174,9188037
15175,9188037
15176,9188037
15177,9188037
15178,9188037
15179,9188037
15180,9188037
15181,9188037
15182,9188037
15183,9188037
15184,9188037
15185,9188037
15186,9188037
15187,9188037
15188,9188037
15190,9188037
15191,9188037
15192,9188037
15193,9188037
15195,9188037
15196,9188037
15197,9188037
15198,9188037
15200,9188037
30451,9189421
30452,9189421
30453,9189421
30455,9189421
30456,9189421
30457,9189421
30458,9189421
30459,9189421
30460,9189421
30461,9189421
30462,9189421
30463,9189421
30464,9189421
30465,9189421
30466,9189421
30467,9189421
30470,9189421
30471,9189421
30472,9189421
30473,9189421
30476,9189421
30477,9189421
30478,9189421
30479,9189421
30480,9189421
30481,9189421
30482,9189421
30483,9189421
30485,9189421
30486,9189421
30487,9189421
30491,9189421
30492,9189421
30493,9189421
30494,9189421
30495,9189421
30496,9189421
30497,9189421
30498,9189421
30500,9189421
4201,9192363
4202,9192363
4203,9192363
4204,9192363
4206,9192363
4207,9192363
4208,9192363
4211,9192363
4212,9192363
4214,9192363
4215,9192363
4216,9192363
4217,9192363
4220,9192363
4222,9192363
4223,9192363
4224,9192363
4226,9192363
4227,9192363
4228,9192363
4229,9192363
4230,9192363
4231,9192363
4232,9192363
4233,9192363
4234,9192363
4235,9192363
4236,9192363
4237,9192363
4238,9192363
4239,9192363
4241,9192363
4242,9192363
4244,9192363
4245,9192363
4246,9192363
4247,9192363
4248,9192363
4249,9192363
4250,9192363
31951,9192387
31953,9192387
31954,9192387
31955,9192387
31956,9192387
31957,9192387
31958,9192387
31959,9192387
31961,9192387
31963,9192387
31964,9192387
31965,9192387
31967,9192387
31968,9192387
31970,9192387
31971,9192387
31972,9192387
31973,9192387
31974,9192387
31975,9192387
31976,9192387
31977,9192387
31979,9192387
31980,9192387
31982,9192387
31984,9192387
31985,9192387
31986,9192387
31988,9192387
31989,9192387
31990,9192387
31991,9192387
31993,9192387
31994,9192387
31995,9192387
31996,9192387
31997,9192387
31998,9192387
31999,9192387
32000,9192387
16602,9195169
16603,9195169
16605,9195169
16606,9195169
16607,9195169
16608,9195169
16609,9195169
16610,9195169
16611,9195169
16612,9195169
16615,9195169
16616,9195169
16617,9195169
16618,9195169
16619,9195169
16620,9195169
16621,9195169
16622,9195169
16623,9195169
16624,9195169
16625,9195169
16626,9195169
16627,9195169
16628,9195169
16629,9195169
16630,9195169
16631,9195169
16633,9195169
16634,9195169
16637,9195169
16638,9195169
16639,9195169
16640,9195169
16641,9195169
16642,9195169
16644,9195169
16645,9195169
16646,9195169
16647,9195169
16649,9195169
4301,9195200
4302,9195200
4303,9195200
4304,9195200
4305,9195200
4306,9195200
4307,9195200
4308,9195200
4310,9195200
4312,9195200
4313,9195200
4314,9195200
4315,9195200
4317,9195200
4318,9195200
4319,9195200
4320,9195200
4321,9195200
4322,9195200
4323,9195200
4325,9195200
4326,9195200
4327,9195200
4328,9195200
4329,9195200
4331,9195200
4332,9195200
4333,9195200
4334,9195200
4335,9195200
4337,9195200
4338,9195200
4339,9195200
4342,9195200
4343,9195200
4345,9195200
4346,9195200
4347,9195200
4349,9195200
4350,9195200
388052,9198355
388053,9198355
388054,9198355
388056,9198355
388057,9198355
388059,9198355
388063,9198355
388064,9198355
388065,9198355
388066,9198355
388067,9198355
388068,9198355
388070,9198355
388071,9198355
388073,9198355
388074,9198355
388075,9198355
388076,9198355
388077,9198355
388078,9198355
388079,9198355
388080,9198355
388081,9198355
388082,9198355
388083,9198355
388084,9198355
388085,9198355
388086,9198355
388087,9198355
388088,9198355
388089,9198355
388090,9198355
388091,9198355
388092,9198355
388093,9198355
388095,9198355
388097,9198355
388098,9198355
388099,9198355
388100,9198355
238151,9198367
238152,9198367
238153,9198367
238154,9198367
238155,9198367
238156,9198367
238157,9198367
238158,9198367
238159,9198367
238160,9198367
238161,9198367
238165,9198367
238166,9198367
238167,9198367
238168,9198367
238169,9198367
238170,9198367
238171,9198367
238172,9198367
238173,9198367
238174,9198367
238175,9198367
238176,9198367
238178,9198367
238179,9198367
238180,9198367
238181,9198367
238185,9198367
238186,9198367
238187,9198367
238188,9198367
238189,9198367
238190,9198367
238191,9198367
238192,9198367
238194,9198367
238195,9198367
238196,9198367
238198,9198367
238200,9198367
4152,9200938
4153,9200938
4154,9200938
4155,9200938
4156,9200938
4157,9200938
4158,9200938
4159,9200938
4160,9200938
4161,9200938
4162,9200938
4163,9200938
4164,9200938
4166,9200938
4167,9200938
4168,9200938
4169,9200938
4171,9200938
4172,9200938
4174,9200938
4175,9200938
4177,9200938
4178,9200938
4179,9200938
4180,9200938
4182,9200938
4184,9200938
4186,9200938
4187,9200938
4189,9200938
4190,9200938
4191,9200938
4192,9200938
4193,9200938
4195,9200938
4196,9200938
4197,9200938
4198,9200938
4199,9200938
4200,9200938
951,9200940
954,9200940
956,9200940
958,9200940
959,9200940
960,9200940
961,9200940
963,9200940
964,9200940
965,9200940
966,9200940
967,9200940
968,9200940
969,9200940
970,9200940
971,9200940
972,9200940
973,9200940
974,9200940
975,9200940
977,9200940
978,9200940
980,9200940
981,9200940
982,9200940
983,9200940
984,9200940
986,9200940
987,9200940
988,9200940
989,9200940
990,9200940
992,9200940
993,9200940
994,9200940
995,9200940
996,9200940
998,9200940
999,9200940
1000,9200940
294301,9210103
294302,9210103
294303,9210103
294305,9210103
294306,9210103
294307,9210103
294308,9210103
294310,9210103
294311,9210103
294312,9210103
294313,9210103
294314,9210103
294316,9210103
294317,9210103
294318,9210103
294319,9210103
294322,9210103
294323,9210103
294324,9210103
294325,9210103
294326,9210103
294327,9210103
294328,9210103
294329,9210103
294332,9210103
294333,9210103
294334,9210103
294335,9210103
294337,9210103
294338,9210103
294339,9210103
294340,9210103
294341,9210103
294342,9210103
294344,9210103
294346,9210103
294347,9210103
294348,9210103
294349,9210103
294350,9210103
8851,9210139
8855,9210139
8856,9210139
8857,9210139
8858,9210139
8859,9210139
8860,9210139
8861,9210139
8862,9210139
8863,9210139
8864,9210139
8865,9210139
8866,9210139
8869,9210139
8870,9210139
8871,9210139
8872,9210139
8873,9210139
8874,9210139
8875,9210139
8876,9210139
8877,9210139
8878,9210139
8879,9210139
8880,9210139
8881,9210139
8882,9210139
8883,9210139
8884,9210139
8885,9210139
8886,9210139
8888,9210139
8891,9210139
8892,9210139
8893,9210139
8894,9210139
8895,9210139
8896,9210139
8898,9210139
8900,9210139
2951,9210141
2953,9210141
2954,9210141
2955,9210141
2956,9210141
2957,9210141
2958,9210141
2961,9210141
2962,9210141
2964,9210141
2965,9210141
2966,9210141
2967,9210141
2968,9210141
2969,9210141
2970,9210141
2971,9210141
2972,9210141
2973,9210141
2975,9210141
2976,9210141
2977,9210141
2978,9210141
2981,9210141
2982,9210141
2983,9210141
2984,9210141
2985,9210141
2987,9210141
2988,9210141
2990,9210141
2992,9210141
2993,9210141
2994,9210141
2995,9210141
2996,9210141
2997,9210141
2998,9210141
2999,9210141
3000,9210141
3701,9210218
3702,9210218
3703,9210218
3705,9210218
3706,9210218
3707,9210218
3708,9210218
3709,9210218
3711,9210218
3712,9210218
3713,9210218
3714,9210218
3716,9210218
3717,9210218
3719,9210218
3720,9210218
3721,9210218
3724,9210218
3725,9210218
3726,9210218
3727,9210218
3728,9210218
3729,9210218
3730,9210218
3731,9210218
3732,9210218
3733,9210218
3734,9210218
3735,9210218
3736,9210218
3737,9210218
3739,9210218
3740,9210218
3741,9210218
3742,9210218
3743,9210218
3745,9210218
3747,9210218
3749,9210218
3750,9210218
1501,9210220
1502,9210220
1503,9210220
1504,9210220
1505,9210220
1506,9210220
1508,9210220
1509,9210220
1512,9210220
1513,9210220
1515,9210220
1516,9210220
1517,9210220
1518,9210220
1519,9210220
1520,9210220
1521,9210220
1522,9210220
1523,9210220
1524,9210220
1525,9210220
1526,9210220
1527,9210220
1529,9210220
1530,9210220
1531,9210220
1532,9210220
1533,9210220
1535,9210220
1537,9210220
1540,9210220
1541,9210220
1542,9210220
1543,9210220
1544,9210220
1546,9210220
1547,9210220
1548,9210220
1549,9210220
1550,9210220
130651,9212163
130652,9212163
130653,9212163
130654,9212163
130655,9212163
130657,9212163
130658,9212163
130659,9212163
130660,9212163
130661,9212163
130662,9212163
130663,9212163
130664,9212163
130665,9212163
130666,9212163
130667,9212163
130668,9212163
130669,9212163
130671,9212163
130673,9212163
130675,9212163
130676,9212163
130677,9212163
130678,9212163
130679,9212163
130682,9212163
130683,9212163
130684,9212163
130685,9212163
130686,9212163
130687,9212163
130688,9212163
130690,9212163
130691,9212163
130693,9212163
130694,9212163
130696,9212163
130697,9212163
130698,9212163
130700,9212163
45701,9221281
45702,9221281
45703,9221281
45704,9221281
45705,9221281
45706,9221281
45707,9221281
45708,9221281
45710,9221281
45712,9221281
45713,9221281
45714,9221281
45715,9221281
45716,9221281
45717,9221281
45718,9221281
45719,9221281
45720,9221281
45721,9221281
45722,9221281
45727,9221281
45730,9221281
45733,9221281
45734,9221281
45735,9221281
45736,9221281
45737,9221281
45738,9221281
45739,9221281
45740,9221281
45741,9221281
45742,9221281
45743,9221281
45744,9221281
45745,9221281
45746,9221281
45747,9221281
45748,9221281
45749,9221281
45750,9221281
12151,9221554
12152,9221554
12154,9221554
12155,9221554
12156,9221554
12157,9221554
12159,9221554
12161,9221554
12162,9221554
12163,9221554
12164,9221554
12165,9221554
12166,9221554
12167,9221554
12168,9221554
12169,9221554
12171,9221554
12172,9221554
12175,9221554
12176,9221554
12177,9221554
12178,9221554
12179,9221554
12180,9221554
12181,9221554
12182,9221554
12184,9221554
12185,9221554
12186,9221554
12187,9221554
12188,9221554
12189,9221554
12190,9221554
12191,9221554
12192,9221554
12193,9221554
12195,9221554
12196,9221554
12197,9221554
12200,9221554
34752,9224726
34753,9224726
34754,9224726
34755,9224726
34756,9224726
34757,9224726
34758,9224726
34760,9224726
34761,9224726
34762,9224726
34764,9224726
34765,9224726
34766,9224726
34768,9224726
34769,9224726
34770,9224726
34772,9224726
34774,9224726
34775,9224726
34776,9224726
34777,9224726
34778,9224726
34780,9224726
34781,9224726
34783,9224726
34784,9224726
34785,9224726
34787,9224726
34788,9224726
34789,9224726
34790,9224726
34791,9224726
34792,9224726
34793,9224726
34794,9224726
34795,9224726
34796,9224726
34797,9224726
34798,9224726
34799,9224726
45001,9226891
45002,9226891
45003,9226891
45004,9226891
45005,9226891
45007,9226891
45008,9226891
45009,9226891
45010,9226891
45011,9226891
45012,9226891
45013,9226891
45014,9226891
45016,9226891
45018,9226891
45019,9226891
45020,9226891
45022,9226891
45023,9226891
45025,9226891
45026,9226891
45027,9226891
45029,9226891
45030,9226891
45031,9226891
45033,9226891
45035,9226891
45036,9226891
45037,9226891
45038,9226891
45039,9226891
45040,9226891
45041,9226891
45043,9226891
45044,9226891
45045,9226891
45046,9226891
45047,9226891
45049,9226891
45050,9226891
351,9226906
352,9226906
353,9226906
354,9226906
356,9226906
357,9226906
358,9226906
359,9226906
360,9226906
361,9226906
362,9226906
364,9226906
366,9226906
368,9226906
369,9226906
370,9226906
371,9226906
372,9226906
373,9226906
374,9226906
375,9226906
377,9226906
378,9226906
379,9226906
381,9226906
382,9226906
383,9226906
384,9226906
385,9226906
387,9226906
388,9226906
389,9226906
390,9226906
391,9226906
393,9226906
394,9226906
395,9226906
397,9226906
399,9226906
400,9226906
4651,9227508
4652,9227508
4655,9227508
4656,9227508
4659,9227508
4660,9227508
4661,9227508
4662,9227508
4663,9227508
4664,9227508
4666,9227508
4667,9227508
4668,9227508
4669,9227508
4670,9227508
4671,9227508
4674,9227508
4675,9227508
4676,9227508
4677,9227508
4678,9227508
4680,9227508
4681,9227508
4682,9227508
4683,9227508
4684,9227508
4685,9227508
4686,9227508
4687,9227508
4688,9227508
4689,9227508
4690,9227508
4692,9227508
4693,9227508
4694,9227508
4695,9227508
4696,9227508
4697,9227508
4698,9227508
4700,9227508
124701,9227510
124702,9227510
124703,9227510
124704,9227510
124706,9227510
124707,9227510
124708,9227510
124709,9227510
124710,9227510
124711,9227510
124712,9227510
124715,9227510
124717,9227510
124718,9227510
124720,9227510
124721,9227510
124722,9227510
124724,9227510
124725,9227510
124726,9227510
124727,9227510
124728,9227510
124729,9227510
124730,9227510
124732,9227510
124733,9227510
124735,9227510
124736,9227510
124737,9227510
124738,9227510
124739,9227510
124740,9227510
124741,9227510
124742,9227510
124743,9227510
124744,9227510
124747,9227510
124748,9227510
124749,9227510
124750,9227510
137401,9228186
137402,9228186
137403,9228186
137404,9228186
137405,9228186
137406,9228186
137407,9228186
137409,9228186
137410,9228186
137411,9228186
137412,9228186
137413,9228186
137414,9228186
137415,9228186
137417,9228186
137419,9228186
137420,9228186
137421,9228186
137422,9228186
137424,9228186
137427,9228186
137428,9228186
137429,9228186
137430,9228186
137431,9228186
137432,9228186
137433,9228186
137434,9228186
137435,9228186
137437,9228186
137439,9228186
137440,9228186
137441,9228186
137442,9228186
137444,9228186
137446,9228186
137447,9228186
137448,9228186
137449,9228186
137450,9228186
16552,9228198
16553,9228198
16556,9228198
16557,9228198
16558,9228198
16559,9228198
16561,9228198
16562,9228198
16563,9228198
16565,9228198
16566,9228198
16567,9228198
16569,9228198
16570,9228198
16571,9228198
16573,9228198
16574,9228198
16575,9228198
16576,9228198
16577,9228198
16578,9228198
16579,9228198
16580,9228198
16581,9228198
16582,9228198
16583,9228198
16584,9228198
16585,9228198
16586,9228198
16588,9228198
16589,9228198
16590,9228198
16591,9228198
16592,9228198
16593,9228198
16595,9228198
16597,9228198
16598,9228198
16599,9228198
16600,9228198
105151,9229659
105152,9229659
105153,9229659
105154,9229659
105155,9229659
105156,9229659
105158,9229659
105159,9229659
105160,9229659
105161,9229659
105162,9229659
105164,9229659
105165,9229659
105166,9229659
105167,9229659
105168,9229659
105169,9229659
105171,9229659
105172,9229659
105173,9229659
105174,9229659
105175,9229659
105176,9229659
105178,9229659
105180,9229659
105181,9229659
105182,9229659
105183,9229659
105184,9229659
105185,9229659
105187,9229659
105188,9229659
105190,9229659
105191,9229659
105194,9229659
105195,9229659
105197,9229659
105198,9229659
105199,9229659
105200,9229659
85001,9230402
85003,9230402
85005,9230402
85007,9230402
85008,9230402
85009,9230402
85010,9230402
85012,9230402
85013,9230402
85014,9230402
85015,9230402
85017,9230402
85018,9230402
85019,9230402
85020,9230402
85022,9230402
85024,9230402
85025,9230402
85026,9230402
85027,9230402
85028,9230402
85030,9230402
85031,9230402
85032,9230402
85033,9230402
85034,9230402
85035,9230402
85036,9230402
85037,9230402
85038,9230402
85040,9230402
85041,9230402
85042,9230402
85043,9230402
85045,9230402
85046,9230402
85047,9230402
85048,9230402
85049,9230402
85050,9230402
260301,9230476
260303,9230476
260306,9230476
260307,9230476
260308,9230476
260309,9230476
260310,9230476
260311,9230476
260312,9230476
260313,9230476
260314,9230476
260315,9230476
260316,9230476
260317,9230476
260318,9230476
260319,9230476
260320,9230476
260321,9230476
260323,9230476
260325,9230476
260328,9230476
260329,9230476
260330,9230476
260331,9230476
260332,9230476
260334,9230476
260336,9230476
260337,9230476
260338,9230476
260339,9230476
260340,9230476
260341,9230476
260342,9230476
260343,9230476
260344,9230476
260345,9230476
260346,9230476
260347,9230476
260348,9230476
260350,9230476
266752,9235866
266753,9235866
266754,9235866
266755,9235866
266756,9235866
266758,9235866
266760,9235866
266761,9235866
266762,9235866
266763,9235866
266765,9235866
266766,9235866
266768,9235866
266769,9235866
266770,9235866
266771,9235866
266772,9235866
266773,9235866
266774,9235866
266776,9235866
266778,9235866
266779,9235866
266780,9235866
266781,9235866
266783,9235866
266784,9235866
266787,9235866
266788,9235866
266789,9235866
266790,9235866
266791,9235866
266792,9235866
266793,9235866
266794,9235866
266795,9235866
266796,9235866
266797,9235866
266798,9235866
266799,9235866
266800,9235866
5651,9237345
5654,9237345
5655,9237345
5657,9237345
5658,9237345
5659,9237345
5660,9237345
5661,9237345
5662,9237345
5663,9237345
5664,9237345
5665,9237345
5668,9237345
5669,9237345
5670,9237345
5671,9237345
5672,9237345
5673,9237345
5674,9237345
5675,9237345
5677,9237345
5678,9237345
5679,9237345
5680,9237345
5681,9237345
5682,9237345
5684,9237345
5687,9237345
5688,9237345
5689,9237345
5690,9237345
5691,9237345
5692,9237345
5693,9237345
5694,9237345
5695,9237345
5696,9237345
5697,9237345
5698,9237345
5700,9237345
308951,9237357
308953,9237357
308954,9237357
308955,9237357
308956,9237357
308957,9237357
308958,9237357
308960,9237357
308961,9237357
308963,9237357
308964,9237357
308965,9237357
308967,9237357
308968,9237357
308969,9237357
308970,9237357
308971,9237357
308974,9237357
308975,9237357
308976,9237357
308977,9237357
308978,9237357
308980,9237357
308982,9237357
308983,9237357
308984,9237357
308985,9237357
308987,9237357
308989,9237357
308990,9237357
308991,9237357
308992,9237357
308993,9237357
308994,9237357
308995,9237357
308996,9237357
308997,9237357
308998,9237357
308999,9237357
309000,9237357
1701,9239795
1702,9239795
1703,9239795
1704,9239795
1705,9239795
1706,9239795
1707,9239795
1708,9239795
1709,9239795
1711,9239795
1712,9239795
1713,9239795
1714,9239795
1715,9239795
1716,9239795
1717,9239795
1718,9239795
1719,9239795
1720,9239795
1722,9239795
1723,9239795
1727,9239795
1728,9239795
1729,9239795
1731,9239795
1732,9239795
1733,9239795
1734,9239795
1735,9239795
1736,9239795
1737,9239795
1738,9239795
1739,9239795
1740,9239795
1741,9239795
1742,9239795
1743,9239795
1744,9239795
1746,9239795
1747,9239795
1,9241061
2,9241061
3,9241061
4,9241061
5,9241061
7,9241061
8,9241061
9,9241061
10,9241061
11,9241061
13,9241061
14,9241061
15,9241061
16,9241061
17,9241061
19,9241061
20,9241061
21,9241061
22,9241061
23,9241061
24,9241061
26,9241061
28,9241061
29,9241061
30,9241061
31,9241061
32,9241061
35,9241061
36,9241061
38,9241061
39,9241061
40,9241061
41,9241061
42,9241061
43,9241061
45,9241061
46,9241061
48,9241061
49,9241061
50,9241061
1451,9243667
1454,9243667
1455,9243667
1456,9243667
1457,9243667
1458,9243667
1459,9243667
1460,9243667
1461,9243667
1462,9243667
1463,9243667
1464,9243667
1465,9243667
1466,9243667
1468,9243667
1469,9243667
1470,9243667
1471,9243667
1472,9243667
1474,9243667
1475,9243667
1476,9243667
1478,9243667
1479,9243667
1480,9243667
1481,9243667
1482,9243667
1485,9243667
1486,9243667
1487,9243667
1489,9243667
1490,9243667
1492,9243667
1493,9243667
1494,9243667
1496,9243667
1497,9243667
1498,9243667
1499,9243667
1500,9243667
386251,9293387
386252,9293387
386253,9293387
386254,9293387
386255,9293387
386256,9293387
386258,9293387
386259,9293387
386260,9293387
386261,9293387
386262,9293387
386264,9293387
386265,9293387
386266,9293387
386267,9293387
386268,9293387
386269,9293387
386270,9293387
386273,9293387
386275,9293387
386276,9293387
386277,9293387
386278,9293387
386279,9293387
386280,9293387
386281,9293387
386282,9293387
386283,9293387
386285,9293387
386287,9293387
386288,9293387
386289,9293387
386290,9293387
386292,9293387
386293,9293387
386295,9293387
386296,9293387
386297,9293387
386298,9293387
386299,9293387
300201,9295854
300202,9295854
300203,9295854
300204,9295854
300205,9295854
300206,9295854
300207,9295854
300209,9295854
300210,9295854
300211,9295854
300212,9295854
300213,9295854
300214,9295854
300215,9295854
300217,9295854
300218,9295854
300219,9295854
300220,9295854
300222,9295854
300223,9295854
300226,9295854
300227,9295854
300228,9295854
300229,9295854
300230,9295854
300231,9295854
300233,9295854
300234,9295854
300235,9295854
300236,9295854
300237,9295854
300238,9295854
300239,9295854
300240,9295854
300242,9295854
300244,9295854
300245,9295854
300246,9295854
300247,9295854
300249,9295854
113652,9299056
113653,9299056
113654,9299056
113655,9299056
113658,9299056
113661,9299056
113662,9299056
113663,9299056
113665,9299056
113666,9299056
113667,9299056
113668,9299056
113669,9299056
113670,9299056
113671,9299056
113672,9299056
113673,9299056
113674,9299056
113675,9299056
113676,9299056
113677,9299056
113678,9299056
113679,9299056
113680,9299056
113681,9299056
113682,9299056
113683,9299056
113686,9299056
113687,9299056
113689,9299056
113690,9299056
113691,9299056
113692,9299056
113693,9299056
113694,9299056
113695,9299056
113696,9299056
113697,9299056
113698,9299056
113700,9299056
3551,9304057
3552,9304057
3553,9304057
3555,9304057
3556,9304057
3557,9304057
3558,9304057
3560,9304057
3561,9304057
3562,9304057
3563,9304057
3564,9304057
3565,9304057
3566,9304057
3567,9304057
3568,9304057
3569,9304057
3570,9304057
3572,9304057
3574,9304057
3575,9304057
3576,9304057
3578,9304057
3579,9304057
3580,9304057
3583,9304057
3584,9304057
3585,9304057
3587,9304057
3588,9304057
3589,9304057
3590,9304057
3591,9304057
3592,9304057
3594,9304057
3595,9304057
3596,9304057
3597,9304057
3598,9304057
3599,9304057
2403,9320087
2404,9320087
2406,9320087
2407,9320087
2408,9320087
2409,9320087
2411,9320087
2412,9320087
2413,9320087
2414,9320087
2417,9320087
2419,9320087
2420,9320087
2421,9320087
2422,9320087
2423,9320087
2424,9320087
2425,9320087
2426,9320087
2427,9320087
2428,9320087
2429,9320087
2430,9320087
2431,9320087
2432,9320087
2433,9320087
2434,9320087
2435,9320087
2436,9320087
2439,9320087
2441,9320087
2442,9320087
2443,9320087
2444,9320087
2445,9320087
2446,9320087
2447,9320087
2448,9320087
2449,9320087
2450,9320087
2501,9320099
2503,9320099
2504,9320099
2505,9320099
2506,9320099
2507,9320099
2508,9320099
2509,9320099
2510,9320099
2511,9320099
2512,9320099
2514,9320099
2515,9320099
2516,9320099
2518,9320099
2519,9320099
2520,9320099
2521,9320099
2522,9320099
2523,9320099
2524,9320099
2525,9320099
2527,9320099
2528,9320099
2531,9320099
2532,9320099
2534,9320099
2535,9320099
2536,9320099
2537,9320099
2538,9320099
2539,9320099
2540,9320099
2541,9320099
2542,9320099
2543,9320099
2544,9320099
2547,9320099
2548,9320099
2550,9320099
13101,9320544
13102,9320544
13103,9320544
13105,9320544
13106,9320544
13107,9320544
13108,9320544
13109,9320544
13111,9320544
13112,9320544
13113,9320544
13114,9320544
13115,9320544
13116,9320544
13117,9320544
13118,9320544
13119,9320544
13120,9320544
13121,9320544
13122,9320544
13123,9320544
13124,9320544
13125,9320544
13129,9320544
13130,9320544
13131,9320544
13133,9320544
13134,9320544
13136,9320544
13138,9320544
13139,9320544
13140,9320544
13141,9320544
13142,9320544
13144,9320544
13145,9320544
13146,9320544
13147,9320544
13148,9320544
13150,9320544
146201,9329095
146204,9329095
146205,9329095
146206,9329095
146207,9329095
146208,9329095
146209,9329095
146210,9329095
146211,9329095
146213,9329095
146214,9329095
146215,9329095
146216,9329095
146217,9329095
146218,9329095
146219,9329095
146220,9329095
146221,9329095
146222,9329095
146224,9329095
146226,9329095
146227,9329095
146228,9329095
146229,9329095
146230,9329095
146231,9329095
146233,9329095
146234,9329095
146235,9329095
146236,9329095
146237,9329095
146238,9329095
146241,9329095
146242,9329095
146243,9329095
146244,9329095
146245,9329095
146247,9329095
146248,9329095
146250,9329095
3301,9333151
3302,9333151
3303,9333151
3304,9333151
3305,9333151
3306,9333151
3307,9333151
3309,9333151
3310,9333151
3311,9333151
3312,9333151
3313,9333151
3314,9333151
3315,9333151
3316,9333151
3317,9333151
3318,9333151
3319,9333151
3320,9333151
3321,9333151
3322,9333151
3324,9333151
3326,9333151
3327,9333151
3328,9333151
3329,9333151
3330,9333151
3331,9333151
3333,9333151
3334,9333151
3336,9333151
3337,9333151
3338,9333151
3341,9333151
3342,9333151
3344,9333151
3346,9333151
3347,9333151
3348,9333151
3349,9333151
17751,9334856
17752,9334856
17753,9334856
17754,9334856
17756,9334856
17757,9334856
17758,9334856
17760,9334856
17763,9334856
17765,9334856
17766,9334856
17768,9334856
17769,9334856
17770,9334856
17771,9334856
17773,9334856
17774,9334856
17775,9334856
17776,9334856
17777,9334856
17778,9334856
17779,9334856
17780,9334856
17781,9334856
17782,9334856
17784,9334856
17785,9334856
17786,9334856
17787,9334856
17788,9334856
17790,9334856
17792,9334856
17793,9334856
17794,9334856
17795,9334856
17796,9334856
17797,9334856
17798,9334856
17799,9334856
17800,9334856
259001,9336529
259002,9336529
259003,9336529
259004,9336529
259005,9336529
259006,9336529
259008,9336529
259009,9336529
259011,9336529
259012,9336529
259013,9336529
259014,9336529
259015,9336529
259017,9336529
259018,9336529
259019,9336529
259020,9336529
259021,9336529
259022,9336529
259023,9336529
259024,9336529
259025,9336529
259026,9336529
259028,9336529
259029,9336529
259030,9336529
259031,9336529
259032,9336529
259034,9336529
259035,9336529
259037,9336529
259038,9336529
259040,9336529
259041,9336529
259043,9336529
259044,9336529
259046,9336529
259047,9336529
259049,9336529
259050,9336529
25252,9355733
25253,9355733
25254,9355733
25256,9355733
25257,9355733
25259,9355733
25260,9355733
25261,9355733
25262,9355733
25263,9355733
25264,9355733
25265,9355733
25266,9355733
25267,9355733
25268,9355733
25269,9355733
25270,9355733
25271,9355733
25272,9355733
25273,9355733
25274,9355733
25275,9355733
25276,9355733
25277,9355733
25278,9355733
25285,9355733
25286,9355733
25287,9355733
25288,9355733
25289,9355733
25290,9355733
25291,9355733
25292,9355733
25293,9355733
25295,9355733
25296,9355733
25297,9355733
25298,9355733
25299,9355733
25300,9355733
6502,9362542
6504,9362542
6505,9362542
6507,9362542
6508,9362542
6509,9362542
6510,9362542
6511,9362542
6512,9362542
6513,9362542
6514,9362542
6515,9362542
6517,9362542
6518,9362542
6519,9362542
6520,9362542
6521,9362542
6522,9362542
6525,9362542
6528,9362542
6529,9362542
6530,9362542
6531,9362542
6532,9362542
6533,9362542
6534,9362542
6535,9362542
6536,9362542
6537,9362542
6538,9362542
6539,9362542
6540,9362542
6541,9362542
6542,9362542
6543,9362542
6544,9362542
6545,9362542
6546,9362542
6548,9362542
6549,9362542
241951,9364980
241953,9364980
241954,9364980
241956,9364980
241957,9364980
241958,9364980
241959,9364980
241961,9364980
241963,9364980
241964,9364980
241965,9364980
241966,9364980
241967,9364980
241968,9364980
241969,9364980
241970,9364980
241971,9364980
241973,9364980
241974,9364980
241975,9364980
241977,9364980
241978,9364980
241979,9364980
241980,9364980
241981,9364980
241982,9364980
241983,9364980
241985,9364980
241986,9364980
241987,9364980
241988,9364980
241991,9364980
241992,9364980
241994,9364980
241995,9364980
241996,9364980
241997,9364980
241998,9364980
241999,9364980
242000,9364980
21751,9378462
21753,9378462
21755,9378462
21757,9378462
21758,9378462
21759,9378462
21760,9378462
21762,9378462
21764,9378462
21765,9378462
21766,9378462
21769,9378462
21770,9378462
21771,9378462
21772,9378462
21773,9378462
21774,9378462
21775,9378462
21776,9378462
21778,9378462
21779,9378462
21780,9378462
21781,9378462
21782,9378462
21783,9378462
21784,9378462
21785,9378462
21786,9378462
21787,9378462
21788,9378462
21789,9378462
21790,9378462
21791,9378462
21792,9378462
21794,9378462
21795,9378462
21796,9378462
21797,9378462
21798,9378462
21800,9378462
2702,9378498
2703,9378498
2704,9378498
2705,9378498
2707,9378498
2708,9378498
2709,9378498
2710,9378498
2711,9378498
2712,9378498
2713,9378498
2714,9378498
2715,9378498
2716,9378498
2717,9378498
2718,9378498
2719,9378498
2720,9378498
2721,9378498
2722,9378498
2723,9378498
2724,9378498
2725,9378498
2726,9378498
2727,9378498
2729,9378498
2730,9378498
2733,9378498
2735,9378498
2737,9378498
2738,9378498
2739,9378498
2740,9378498
2741,9378498
2745,9378498
2746,9378498
2747,9378498
2748,9378498
2749,9378498
2750,9378498
129551,9383948
129552,9383948
129554,9383948
129555,9383948
129556,9383948
129558,9383948
129560,9383948
129561,9383948
129562,9383948
129563,9383948
129565,9383948
129567,9383948
129568,9383948
129569,9383948
129571,9383948
129572,9383948
129573,9383948
129576,9383948
129577,9383948
129579,9383948
129580,9383948
129581,9383948
129582,9383948
129583,9383948
129585,9383948
129586,9383948
129587,9383948
129588,9383948
129589,9383948
129590,9383948
129591,9383948
129592,9383948
129593,9383948
129594,9383948
129595,9383948
129596,9383948
129597,9383948
129598,9383948
129599,9383948
129600,9383948
3801,9387085
3802,9387085
3803,9387085
3805,9387085
3806,9387085
3809,9387085
3810,9387085
3811,9387085
3812,9387085
3813,9387085
3816,9387085
3818,9387085
3819,9387085
3820,9387085
3821,9387085
3823,9387085
3824,9387085
3825,9387085
3826,9387085
3827,9387085
3828,9387085
3829,9387085
3832,9387085
3833,9387085
3834,9387085
3835,9387085
3836,9387085
3837,9387085
3838,9387085
3839,9387085
3840,9387085
3841,9387085
3842,9387085
3843,9387085
3844,9387085
3845,9387085
3847,9387085
3848,9387085
3849,9387085
3850,9387085
322151,9398010
322152,9398010
322155,9398010
322157,9398010
322158,9398010
322159,9398010
322160,9398010
322162,9398010
322163,9398010
322164,9398010
322165,9398010
322167,9398010
322168,9398010
322171,9398010
322172,9398010
322173,9398010
322174,9398010
322175,9398010
322176,9398010
322177,9398010
322178,9398010
322179,9398010
322180,9398010
322182,9398010
322183,9398010
322184,9398010
322185,9398010
322186,9398010
322187,9398010
322188,9398010
322190,9398010
322191,9398010
322192,9398010
322193,9398010
322194,9398010
322196,9398010
322197,9398010
322198,9398010
322199,9398010
322200,9398010
4903,9398888
4904,9398888
4905,9398888
4906,9398888
4908,9398888
4909,9398888
4910,9398888
4911,9398888
4912,9398888
4913,9398888
4914,9398888
4916,9398888
4917,9398888
4918,9398888
4919,9398888
4920,9398888
4921,9398888
4922,9398888
4923,9398888
4925,9398888
4927,9398888
4928,9398888
4930,9398888
4931,9398888
4932,9398888
4933,9398888
4934,9398888
4935,9398888
4937,9398888
4938,9398888
4940,9398888
4941,9398888
4943,9398888
4944,9398888
4945,9398888
4946,9398888
4947,9398888
4948,9398888
4949,9398888
4950,9398888
4402,9398905
4403,9398905
4405,9398905
4406,9398905
4407,9398905
4408,9398905
4410,9398905
4411,9398905
4412,9398905
4413,9398905
4414,9398905
4416,9398905
4417,9398905
4418,9398905
4419,9398905
4420,9398905
4421,9398905
4422,9398905
4423,9398905
4424,9398905
4425,9398905
4426,9398905
4427,9398905
4428,9398905
4429,9398905
4430,9398905
4431,9398905
4434,9398905
4435,9398905
4436,9398905
4437,9398905
4440,9398905
4441,9398905
4442,9398905
4443,9398905
4444,9398905
4447,9398905
4448,9398905
4449,9398905
4450,9398905
5401,9398917
5402,9398917
5404,9398917
5405,9398917
5406,9398917
5407,9398917
5408,9398917
5411,9398917
5412,9398917
5413,9398917
5414,9398917
5415,9398917
5416,9398917
5417,9398917
5418,9398917
5419,9398917
5421,9398917
5422,9398917
5423,9398917
5424,9398917
5426,9398917
5427,9398917
5428,9398917
5430,9398917
5431,9398917
5432,9398917
5433,9398917
5434,9398917
5435,9398917
5436,9398917
5438,9398917
5440,9398917
5441,9398917
5442,9398917
5443,9398917
5444,9398917
5445,9398917
5446,9398917
5449,9398917
5450,9398917
4601,9404314
4604,9404314
4607,9404314
4608,9404314
4609,9404314
4610,9404314
4612,9404314
4613,9404314
4614,9404314
4615,9404314
4617,9404314
4618,9404314
4619,9404314
4620,9404314
4622,9404314
4623,9404314
4624,9404314
4625,9404314
4627,9404314
4628,9404314
4629,9404314
4630,9404314
4631,9404314
4632,9404314
4634,9404314
4635,9404314
4636,9404314
4637,9404314
4638,9404314
4639,9404314
4640,9404314
4642,9404314
4643,9404314
4644,9404314
4645,9404314
4646,9404314
4647,9404314
4648,9404314
4649,9404314
4650,9404314
10651,9410569
10652,9410569
10653,9410569
10654,9410569
10655,9410569
10656,9410569
10658,9410569
10660,9410569
10661,9410569
10662,9410569
10663,9410569
10664,9410569
10665,9410569
10666,9410569
10667,9410569
10668,9410569
10669,9410569
10670,9410569
10671,9410569
10672,9410569
10673,9410569
10674,9410569
10676,9410569
10679,9410569
10680,9410569
10681,9410569
10682,9410569
10684,9410569
10687,9410569
10689,9410569
10691,9410569
10692,9410569
10693,9410569
10694,9410569
10695,9410569
10696,9410569
10697,9410569
10698,9410569
10699,9410569
10700,9410569
10601,9417086
10602,9417086
10603,9417086
10604,9417086
10605,9417086
10606,9417086
10607,9417086
10609,9417086
10610,9417086
10611,9417086
10613,9417086
10614,9417086
10615,9417086
10616,9417086
10617,9417086
10619,9417086
10621,9417086
10622,9417086
10623,9417086
10625,9417086
10626,9417086
10627,9417086
10628,9417086
10629,9417086
10630,9417086
10632,9417086
10633,9417086
10634,9417086
10635,9417086
10636,9417086
10637,9417086
10638,9417086
10639,9417086
10641,9417086
10642,9417086
10645,9417086
10646,9417086
10648,9417086
10649,9417086
10650,9417086
101651,9432799
101654,9432799
101655,9432799
101656,9432799
101657,9432799
101658,9432799
101659,9432799
101660,9432799
101662,9432799
101663,9432799
101664,9432799
101665,9432799
101668,9432799
101669,9432799
101670,9432799
101671,9432799
101673,9432799
101674,9432799
101676,9432799
101678,9432799
101679,9432799
101680,9432799
101681,9432799
101682,9432799
101683,9432799
101684,9432799
101686,9432799
101687,9432799
101688,9432799
101689,9432799
101690,9432799
101691,9432799
101692,9432799
101694,9432799
101695,9432799
101696,9432799
101697,9432799
101698,9432799
101699,9432799
101700,9432799
16301,9437866
16302,9437866
16303,9437866
16304,9437866
16305,9437866
16306,9437866
16307,9437866
16308,9437866
16309,9437866
16310,9437866
16311,9437866
16312,9437866
16313,9437866
16314,9437866
16315,9437866
16317,9437866
16319,9437866
16320,9437866
16321,9437866
16322,9437866
16323,9437866
16325,9437866
16326,9437866
16327,9437866
16328,9437866
16330,9437866
16331,9437866
16332,9437866
16333,9437866
16335,9437866
16336,9437866
16337,9437866
16338,9437866
16340,9437866
16341,9437866
16343,9437866
16344,9437866
16345,9437866
16346,9437866
16347,9437866
9202,9451094
9203,9451094
9204,9451094
9205,9451094
9206,9451094
9207,9451094
9208,9451094
9210,9451094
9212,9451094
9213,9451094
9214,9451094
9215,9451094
9217,9451094
9219,9451094
9221,9451094
9222,9451094
9223,9451094
9226,9451094
9227,9451094
9228,9451094
9229,9451094
9230,9451094
9232,9451094
9233,9451094
9234,9451094
9235,9451094
9236,9451094
9238,9451094
9239,9451094
9240,9451094
9241,9451094
9242,9451094
9243,9451094
9244,9451094
9245,9451094
9246,9451094
9247,9451094
9248,9451094
9249,9451094
9250,9451094
851,9477438
852,9477438
853,9477438
854,9477438
855,9477438
856,9477438
857,9477438
858,9477438
859,9477438
860,9477438
861,9477438
862,9477438
863,9477438
864,9477438
866,9477438
870,9477438
871,9477438
873,9477438
874,9477438
875,9477438
877,9477438
878,9477438
879,9477438
880,9477438
881,9477438
882,9477438
883,9477438
884,9477438
887,9477438
888,9477438
889,9477438
891,9477438
892,9477438
893,9477438
894,9477438
895,9477438
897,9477438
898,9477438
899,9477438
900,9477438
48301,9479852
48302,9479852
48303,9479852
48304,9479852
48306,9479852
48307,9479852
48308,9479852
48311,9479852
48312,9479852
48313,9479852
48314,9479852
48315,9479852
48316,9479852
48317,9479852
48320,9479852
48321,9479852
48322,9479852
48324,9479852
48325,9479852
48326,9479852
48327,9479852
48328,9479852
48329,9479852
48330,9479852
48331,9479852
48332,9479852
48333,9479852
48334,9479852
48336,9479852
48337,9479852
48338,9479852
48339,9479852
48340,9479852
48341,9479852
48343,9479852
48345,9479852
48346,9479852
48348,9479852
48349,9479852
48350,9479852
82301,9479864
82302,9479864
82304,9479864
82305,9479864
82306,9479864
82309,9479864
82310,9479864
82311,9479864
82312,9479864
82313,9479864
82314,9479864
82315,9479864
82317,9479864
82320,9479864
82322,9479864
82323,9479864
82324,9479864
82326,9479864
82327,9479864
82328,9479864
82329,9479864
82330,9479864
82331,9479864
82332,9479864
82333,9479864
82334,9479864
82335,9479864
82338,9479864
82339,9479864
82340,9479864
82341,9479864
82342,9479864
82343,9479864
82344,9479864
82345,9479864
82346,9479864
82347,9479864
82348,9479864
82349,9479864
82350,9479864
5351,9490040
5352,9490040
5354,9490040
5355,9490040
5356,9490040
5357,9490040
5358,9490040
5360,9490040
5361,9490040
5362,9490040
5363,9490040
5364,9490040
5365,9490040
5368,9490040
5369,9490040
5370,9490040
5371,9490040
5372,9490040
5373,9490040
5374,9490040
5375,9490040
5377,9490040
5378,9490040
5379,9490040
5380,9490040
5381,9490040
5382,9490040
5383,9490040
5384,9490040
5385,9490040
5386,9490040
5387,9490040
5388,9490040
5392,9490040
5393,9490040
5395,9490040
5397,9490040
5398,9490040
5399,9490040
5400,9490040
24202,9490052
24203,9490052
24205,9490052
24206,9490052
24207,9490052
24208,9490052
24209,9490052
24210,9490052
24211,9490052
24212,9490052
24214,9490052
24215,9490052
24216,9490052
24217,9490052
24218,9490052
24219,9490052
24220,9490052
24222,9490052
24223,9490052
24224,9490052
24225,9490052
24226,9490052
24227,9490052
24228,9490052
24229,9490052
24230,9490052
24231,9490052
24232,9490052
24233,9490052
24239,9490052
24240,9490052
24241,9490052
24242,9490052
24243,9490052
24244,9490052
24245,9490052
24246,9490052
24248,9490052
24249,9490052
24250,9490052
7451,9502506
7452,9502506
7454,9502506
7455,9502506
7456,9502506
7457,9502506
7458,9502506
7459,9502506
7461,9502506
7463,9502506
7464,9502506
7465,9502506
7466,9502506
7467,9502506
7468,9502506
7469,9502506
7471,9502506
7472,9502506
7473,9502506
7474,9502506
7476,9502506
7477,9502506
7478,9502506
7479,9502506
7480,9502506
7481,9502506
7482,9502506
7483,9502506
7485,9502506
7486,9502506
7487,9502506
7488,9502506
7489,9502506
7490,9502506
7492,9502506
7493,9502506
7494,9502506
7495,9502506
7498,9502506
7500,9502506
346251,9512537
346252,9512537
346253,9512537
346254,9512537
346255,9512537
346257,9512537
346258,9512537
346259,9512537
346260,9512537
346261,9512537
346262,9512537
346263,9512537
346264,9512537
346266,9512537
346268,9512537
346270,9512537
346271,9512537
346274,9512537
346275,9512537
346276,9512537
346277,9512537
346278,9512537
346279,9512537
346280,9512537
346281,9512537
346283,9512537
346284,9512537
346285,9512537
346286,9512537
346287,9512537
346288,9512537
346290,9512537
346291,9512537
346292,9512537
346293,9512537
346295,9512537
346296,9512537
346298,9512537
346299,9512537
346300,9512537
206651,9555723
206652,9555723
206653,9555723
206654,9555723
206655,9555723
206656,9555723
206658,9555723
206659,9555723
206661,9555723
206662,9555723
206664,9555723
206666,9555723
206667,9555723
206669,9555723
206670,9555723
206671,9555723
206672,9555723
206673,9555723
206674,9555723
206675,9555723
206676,9555723
206677,9555723
206678,9555723
206679,9555723
206680,9555723
206681,9555723
206682,9555723
206683,9555723
206685,9555723
206686,9555723
206687,9555723
206689,9555723
206690,9555723
206692,9555723
206693,9555723
206694,9555723
206695,9555723
206697,9555723
206699,9555723
206700,9555723
22101,9584712
22102,9584712
22104,9584712
22105,9584712
22106,9584712
22107,9584712
22108,9584712
22109,9584712
22110,9584712
22111,9584712
22112,9584712
22114,9584712
22115,9584712
22116,9584712
22117,9584712
22118,9584712
22120,9584712
22121,9584712
22123,9584712
22124,9584712
22126,9584712
22127,9584712
22128,9584712
22129,9584712
22130,9584712
22131,9584712
22132,9584712
22133,9584712
22134,9584712
22135,9584712
22136,9584712
22137,9584712
22138,9584712
22139,9584712
22140,9584712
22143,9584712
22145,9584712
22147,9584712
22148,9584712
22149,9584712
13501,9585285
13502,9585285
13503,9585285
13504,9585285
13505,9585285
13506,9585285
13509,9585285
13510,9585285
13511,9585285
13512,9585285
13513,9585285
13514,9585285
13516,9585285
13518,9585285
13519,9585285
13520,9585285
13521,9585285
13522,9585285
13524,9585285
13525,9585285
13526,9585285
13527,9585285
13528,9585285
13530,9585285
13532,9585285
13533,9585285
13534,9585285
13535,9585285
13536,9585285
13537,9585285
13538,9585285
13539,9585285
13540,9585285
13542,9585285
13543,9585285
13544,9585285
13545,9585285
13548,9585285
13549,9585285
13550,9585285
9701,9601132
9702,9601132
9703,9601132
9705,9601132
9706,9601132
9708,9601132
9711,9601132
9712,9601132
9714,9601132
9715,9601132
9717,9601132
9718,9601132
9719,9601132
9720,9601132
9721,9601132
9722,9601132
9724,9601132
9725,9601132
9726,9601132
9727,9601132
9728,9601132
9731,9601132
9732,9601132
9733,9601132
9734,9601132
9735,9601132
9736,9601132
9737,9601132
9738,9601132
9739,9601132
9740,9601132
9741,9601132
9743,9601132
9744,9601132
9745,9601132
9746,9601132
9747,9601132
9748,9601132
9749,9601132
9750,9601132
9651,9616230
9652,9616230
9654,9616230
9655,9616230
9656,9616230
9657,9616230
9658,9616230
9659,9616230
9661,9616230
9662,9616230
9663,9616230
9665,9616230
9667,9616230
9668,9616230
9669,9616230
9670,9616230
9671,9616230
9672,9616230
9673,9616230
9674,9616230
9675,9616230
9676,9616230
9677,9616230
9678,9616230
9681,9616230
9682,9616230
9683,9616230
9684,9616230
9685,9616230
9687,9616230
9688,9616230
9690,9616230
9691,9616230
9693,9616230
9694,9616230
9695,9616230
9696,9616230
9697,9616230
9698,9616230
9699,9616230
48251,9641730
48252,9641730
48253,9641730
48254,9641730
48255,9641730
48257,9641730
48258,9641730
48260,9641730
48261,9641730
48262,9641730
48263,9641730
48264,9641730
48265,9641730
48266,9641730
48268,9641730
48270,9641730
48271,9641730
48272,9641730
48273,9641730
48274,9641730
48275,9641730
48276,9641730
48278,9641730
48279,9641730
48280,9641730
48282,9641730
48283,9641730
48285,9641730
48286,9641730
48287,9641730
48288,9641730
48289,9641730
48290,9641730
48291,9641730
48292,9641730
48293,9641730
48294,9641730
48296,9641730
48298,9641730
48300,9641730
166551,9650418
166552,9650418
166553,9650418
166555,9650418
166556,9650418
166557,9650418
166558,9650418
166561,9650418
166562,9650418
166563,9650418
166564,9650418
166565,9650418
166566,9650418
166567,9650418
166569,9650418
166570,9650418
166571,9650418
166572,9650418
166573,9650418
166574,9650418
166575,9650418
166576,9650418
166577,9650418
166578,9650418
166580,9650418
166581,9650418
166582,9650418
166585,9650418
166586,9650418
166587,9650418
166588,9650418
166590,9650418
166591,9650418
166593,9650418
166594,9650418
166595,9650418
166596,9650418
166597,9650418
166598,9650418
166599,9650418
373401,9657090
373403,9657090
373404,9657090
373405,9657090
373406,9657090
373407,9657090
373408,9657090
373409,9657090
373410,9657090
373411,9657090
373412,9657090
373414,9657090
373415,9657090
373416,9657090
373417,9657090
373418,9657090
373420,9657090
373423,9657090
373425,9657090
373427,9657090
373428,9657090
373429,9657090
373430,9657090
373431,9657090
373432,9657090
373433,9657090
373434,9657090
373435,9657090
373439,9657090
373440,9657090
373441,9657090
373442,9657090
373443,9657090
373444,9657090
373445,9657090
373446,9657090
373447,9657090
373448,9657090
373449,9657090
373450,9657090
