216152,5044893
216153,5044893
216154,5044893
216155,5044893
216156,5044893
216157,5044893
216158,5044893
216159,5044893
216160,5044893
216161,5044893
216162,5044893
216163,5044893
216164,5044893
216165,5044893
216166,5044893
216167,5044893
216169,5044893
216172,5044893
216173,5044893
216174,5044893
216175,5044893
216177,5044893
216178,5044893
216179,5044893
216183,5044893
216184,5044893
216185,5044893
216186,5044893
216187,5044893
216188,5044893
216189,5044893
216190,5044893
216191,5044893
216192,5044893
216193,5044893
216194,5044893
216196,5044893
216197,5044893
216198,5044893
216199,5044893
276851,5103924
276852,5103924
276853,5103924
276854,5103924
276856,5103924
276857,5103924
276859,5103924
276860,5103924
276861,5103924
276862,5103924
276864,5103924
276866,5103924
276867,5103924
276869,5103924
276870,5103924
276872,5103924
276874,5103924
276875,5103924
276876,5103924
276877,5103924
276878,5103924
276879,5103924
276880,5103924
276881,5103924
276882,5103924
276883,5103924
276884,5103924
276885,5103924
276886,5103924
276888,5103924
276889,5103924
276890,5103924
276891,5103924
276892,5103924
276894,5103924
276895,5103924
276896,5103924
276897,5103924
276899,5103924
276900,5103924
36751,5119143
36752,5119143
36754,5119143
36755,5119143
36756,5119143
36757,5119143
36758,5119143
36759,5119143
36761,5119143
36762,5119143
36763,5119143
36764,5119143
36765,5119143
36766,5119143
36767,5119143
36768,5119143
36769,5119143
36770,5119143
36771,5119143
36772,5119143
36773,5119143
36774,5119143
36776,5119143
36777,5119143
36778,5119143
36779,5119143
36781,5119143
36782,5119143
36783,5119143
36785,5119143
36786,5119143
36787,5119143
36788,5119143
36789,5119143
36791,5119143
36792,5119143
36793,5119143
36795,5119143
36797,5119143
36798,5119143
15251,5142657
15252,5142657
15253,5142657
15255,5142657
15256,5142657
15258,5142657
15259,5142657
15260,5142657
15261,5142657
15262,5142657
15264,5142657
15266,5142657
15267,5142657
15268,5142657
15269,5142657
15270,5142657
15271,5142657
15272,5142657
15274,5142657
15275,5142657
15276,5142657
15277,5142657
15280,5142657
15281,5142657
15282,5142657
15283,5142657
15284,5142657
15285,5142657
15286,5142657
15287,5142657
15288,5142657
15289,5142657
15291,5142657
15292,5142657
15293,5142657
15294,5142657
15295,5142657
15297,5142657
15298,5142657
15299,5142657
252051,5240904
252052,5240904
252053,5240904
252054,5240904
252055,5240904
252056,5240904
252057,5240904
252058,5240904
252059,5240904
252060,5240904
252062,5240904
252063,5240904
252064,5240904
252065,5240904
252066,5240904
252067,5240904
252068,5240904
252070,5240904
252071,5240904
252072,5240904
252073,5240904
252074,5240904
252075,5240904
252076,5240904
252078,5240904
252079,5240904
252081,5240904
252082,5240904
252084,5240904
252085,5240904
252086,5240904
252090,5240904
252091,5240904
252092,5240904
252093,5240904
252094,5240904
252095,5240904
252096,5240904
252097,5240904
252100,5240904
52102,5260679
52103,5260679
52104,5260679
52105,5260679
52106,5260679
52107,5260679
52108,5260679
52109,5260679
52110,5260679
52111,5260679
52112,5260679
52114,5260679
52115,5260679
52116,5260679
52117,5260679
52118,5260679
52119,5260679
52120,5260679
52122,5260679
52126,5260679
52128,5260679
52129,5260679
52130,5260679
52131,5260679
52132,5260679
52133,5260679
52134,5260679
52135,5260679
52136,5260679
52137,5260679
52138,5260679
52139,5260679
52140,5260679
52141,5260679
52142,5260679
52143,5260679
52144,5260679
52147,5260679
52148,5260679
52149,5260679
9351,5282483
9352,5282483
9353,5282483
9355,5282483
9356,5282483
9357,5282483
9359,5282483
9360,5282483
9361,5282483
9362,5282483
9363,5282483
9364,5282483
9366,5282483
9369,5282483
9372,5282483
9374,5282483
9375,5282483
9377,5282483
9378,5282483
9379,5282483
9380,5282483
9381,5282483
9382,5282483
9383,5282483
9384,5282483
9385,5282483
9386,5282483
9387,5282483
9388,5282483
9389,5282483
9390,5282483
9391,5282483
9392,5282483
9393,5282483
9394,5282483
9395,5282483
9396,5282483
9397,5282483
9398,5282483
9400,5282483
5851,5282627
5852,5282627
5853,5282627
5855,5282627
5856,5282627
5857,5282627
5858,5282627
5859,5282627
5860,5282627
5861,5282627
5862,5282627
5863,5282627
5864,5282627
5865,5282627
5866,5282627
5867,5282627
5868,5282627
5869,5282627
5870,5282627
5871,5282627
5872,5282627
5873,5282627
5874,5282627
5875,5282627
5876,5282627
5877,5282627
5879,5282627
5881,5282627
5883,5282627
5884,5282627
5885,5282627
5886,5282627
5887,5282627
5890,5282627
5892,5282627
5895,5282627
5896,5282627
5897,5282627
5899,5282627
5900,5282627
373101,5298652
373102,5298652
373103,5298652
373104,5298652
373105,5298652
373106,5298652
373107,5298652
373108,5298652
373109,5298652
373110,5298652
373112,5298652
373113,5298652
373114,5298652
373115,5298652
373116,5298652
373117,5298652
373119,5298652
373120,5298652
373121,5298652
373122,5298652
373125,5298652
373126,5298652
373128,5298652
373129,5298652
373130,5298652
373133,5298652
373134,5298652
373135,5298652
373136,5298652
373137,5298652
373141,5298652
373142,5298652
373143,5298652
373144,5298652
373145,5298652
373146,5298652
373147,5298652
373148,5298652
373149,5298652
373150,5298652
252003,5344592
252004,5344592
252005,5344592
252006,5344592
252007,5344592
252008,5344592
252010,5344592
252012,5344592
252013,5344592
252015,5344592
252016,5344592
252017,5344592
252018,5344592
252020,5344592
252021,5344592
252022,5344592
252023,5344592
252024,5344592
252025,5344592
252026,5344592
252027,5344592
252028,5344592
252029,5344592
252031,5344592
252032,5344592
252033,5344592
252034,5344592
252035,5344592
252036,5344592
252037,5344592
252038,5344592
252039,5344592
252040,5344592
252042,5344592
252043,5344592
252045,5344592
252046,5344592
252047,5344592
252048,5344592
252049,5344592
12001,5386954
12003,5386954
12004,5386954
12005,5386954
12007,5386954
12009,5386954
12010,5386954
12012,5386954
12013,5386954
12014,5386954
12017,5386954
12018,5386954
12019,5386954
12021,5386954
12022,5386954
12023,5386954
12024,5386954
12025,5386954
12026,5386954
12027,5386954
12028,5386954
12029,5386954
12030,5386954
12031,5386954
12033,5386954
12034,5386954
12035,5386954
12036,5386954
12037,5386954
12038,5386954
12039,5386954
12041,5386954
12043,5386954
12044,5386954
12045,5386954
12046,5386954
12047,5386954
12048,5386954
12049,5386954
12050,5386954
201851,6409351
201852,6409351
201853,6409351
201854,6409351
201855,6409351
201857,6409351
201858,6409351
201859,6409351
201860,6409351
201861,6409351
201864,6409351
201866,6409351
201867,6409351
201868,6409351
201869,6409351
201870,6409351
201872,6409351
201873,6409351
201874,6409351
201875,6409351
201876,6409351
201878,6409351
201879,6409351
201880,6409351
201881,6409351
201882,6409351
201883,6409351
201884,6409351
201886,6409351
201888,6409351
201889,6409351
201890,6409351
201891,6409351
201892,6409351
201893,6409351
201894,6409351
201896,6409351
201897,6409351
201898,6409351
201899,6409351
4351,6416043
4354,6416043
4355,6416043
4356,6416043
4357,6416043
4358,6416043
4359,6416043
4360,6416043
4362,6416043
4363,6416043
4364,6416043
4365,6416043
4366,6416043
4367,6416043
4368,6416043
4369,6416043
4370,6416043
4371,6416043
4372,6416043
4374,6416043
4375,6416043
4376,6416043
4377,6416043
4378,6416043
4379,6416043
4382,6416043
4383,6416043
4385,6416043
4386,6416043
4387,6416043
4388,6416043
4389,6416043
4390,6416043
4391,6416043
4392,6416043
4394,6416043
4397,6416043
4398,6416043
4399,6416043
4400,6416043
701,6417097
702,6417097
704,6417097
706,6417097
707,6417097
708,6417097
709,6417097
710,6417097
711,6417097
712,6417097
713,6417097
714,6417097
715,6417097
716,6417097
717,6417097
719,6417097
720,6417097
722,6417097
724,6417097
725,6417097
726,6417097
727,6417097
728,6417097
729,6417097
730,6417097
731,6417097
732,6417097
733,6417097
734,6417097
735,6417097
736,6417097
738,6417097
739,6417097
741,6417097
744,6417097
746,6417097
747,6417097
748,6417097
749,6417097
750,6417097
132651,6513994
132652,6513994
132653,6513994
132655,6513994
132656,6513994
132657,6513994
132658,6513994
132659,6513994
132660,6513994
132662,6513994
132663,6513994
132664,6513994
132665,6513994
132666,6513994
132667,6513994
132668,6513994
132669,6513994
132670,6513994
132671,6513994
132673,6513994
132674,6513994
132675,6513994
132676,6513994
132677,6513994
132679,6513994
132683,6513994
132685,6513994
132686,6513994
132687,6513994
132688,6513994
132689,6513994
132690,6513994
132691,6513994
132692,6513994
132693,6513994
132694,6513994
132695,6513994
132696,6513994
132697,6513994
132698,6513994
7351,6602898
7352,6602898
7353,6602898
7354,6602898
7355,6602898
7356,6602898
7358,6602898
7359,6602898
7360,6602898
7361,6602898
7362,6602898
7363,6602898
7364,6602898
7365,6602898
7366,6602898
7368,6602898
7369,6602898
7370,6602898
7371,6602898
7372,6602898
7374,6602898
7375,6602898
7376,6602898
7378,6602898
7379,6602898
7380,6602898
7383,6602898
7384,6602898
7385,6602898
7386,6602898
7387,6602898
7388,6602898
7389,6602898
7390,6602898
7391,6602898
7393,6602898
7395,6602898
7396,6602898
7397,6602898
7400,6602898
129103,6604834
129105,6604834
129106,6604834
129108,6604834
129109,6604834
129110,6604834
129111,6604834
129112,6604834
129113,6604834
129114,6604834
129115,6604834
129116,6604834
129117,6604834
129118,6604834
129119,6604834
129120,6604834
129121,6604834
129122,6604834
129123,6604834
129124,6604834
129125,6604834
129126,6604834
129127,6604834
129129,6604834
129131,6604834
129132,6604834
129133,6604834
129134,6604834
129135,6604834
129136,6604834
129138,6604834
129141,6604834
129142,6604834
129143,6604834
129144,6604834
129145,6604834
129146,6604834
129148,6604834
129149,6604834
129150,6604834
336501,6611863
336502,6611863
336503,6611863
336504,6611863
336506,6611863
336507,6611863
336509,6611863
336511,6611863
336512,6611863
336513,6611863
336514,6611863
336515,6611863
336517,6611863
336518,6611863
336519,6611863
336520,6611863
336521,6611863
336522,6611863
336523,6611863
336524,6611863
336525,6611863
336526,6611863
336527,6611863
336528,6611863
336530,6611863
336532,6611863
336533,6611863
336534,6611863
336535,6611863
336538,6611863
336539,6611863
336540,6611863
336541,6611863
336542,6611863
336544,6611863
336545,6611863
336547,6611863
336548,6611863
336549,6611863
336550,6611863
46101,6613328
46102,6613328
46104,6613328
46105,6613328
46107,6613328
46108,6613328
46109,6613328
46110,6613328
46111,6613328
46112,6613328
46113,6613328
46114,6613328
46115,6613328
46116,6613328
46117,6613328
46118,6613328
46119,6613328
46120,6613328
46121,6613328
46122,6613328
46123,6613328
46124,6613328
46125,6613328
46126,6613328
46127,6613328
46128,6613328
46130,6613328
46131,6613328
46132,6613328
46134,6613328
46136,6613328
46137,6613328
46138,6613328
46140,6613328
46141,6613328
46143,6613328
46144,6613328
46145,6613328
46148,6613328
46150,6613328
101,6725418
104,6725418
106,6725418
107,6725418
108,6725418
109,6725418
110,6725418
111,6725418
112,6725418
113,6725418
114,6725418
115,6725418
116,6725418
118,6725418
119,6725418
121,6725418
122,6725418
123,6725418
124,6725418
125,6725418
126,6725418
127,6725418
128,6725418
129,6725418
130,6725418
131,6725418
132,6725418
133,6725418
135,6725418
136,6725418
137,6725418
139,6725418
140,6725418
141,6725418
143,6725418
144,6725418
145,6725418
146,6725418
149,6725418
150,6725418
4702,6810627
4703,6810627
4704,6810627
4705,6810627
4706,6810627
4707,6810627
4708,6810627
4710,6810627
4711,6810627
4712,6810627
4713,6810627
4715,6810627
4716,6810627
4717,6810627
4718,6810627
4719,6810627
4722,6810627
4723,6810627
4724,6810627
4726,6810627
4727,6810627
4728,6810627
4730,6810627
4732,6810627
4733,6810627
4735,6810627
4736,6810627
4737,6810627
4738,6810627
4739,6810627
4740,6810627
4741,6810627
4742,6810627
4743,6810627
4744,6810627
4745,6810627
4746,6810627
4747,6810627
4748,6810627
4750,6810627
10551,6910544
10552,6910544
10554,6910544
10555,6910544
10556,6910544
10557,6910544
10558,6910544
10559,6910544
10560,6910544
10561,6910544
10564,6910544
10565,6910544
10566,6910544
10568,6910544
10571,6910544
10572,6910544
10573,6910544
10574,6910544
10576,6910544
10577,6910544
10578,6910544
10580,6910544
10581,6910544
10582,6910544
10583,6910544
10584,6910544
10585,6910544
10586,6910544
10587,6910544
10588,6910544
10589,6910544
10590,6910544
10591,6910544
10592,6910544
10595,6910544
10596,6910544
10597,6910544
10598,6910544
10599,6910544
10600,6910544
69101,7005190
69102,7005190
69103,7005190
69104,7005190
69105,7005190
69106,7005190
69107,7005190
69108,7005190
69110,7005190
69111,7005190
69112,7005190
69113,7005190
69114,7005190
69116,7005190
69119,7005190
69120,7005190
69121,7005190
69122,7005190
69123,7005190
69124,7005190
69125,7005190
69127,7005190
69128,7005190
69131,7005190
69132,7005190
69133,7005190
69134,7005190
69135,7005190
69136,7005190
69137,7005190
69138,7005190
69139,7005190
69140,7005190
69142,7005190
69143,7005190
69144,7005190
69145,7005190
69146,7005190
69147,7005190
69150,7005190
132601,7032997
132603,7032997
132604,7032997
132606,7032997
132607,7032997
132608,7032997
132609,7032997
132610,7032997
132611,7032997
132612,7032997
132613,7032997
132615,7032997
132616,7032997
132617,7032997
132618,7032997
132619,7032997
132620,7032997
132621,7032997
132622,7032997
132625,7032997
132628,7032997
132629,7032997
132630,7032997
132631,7032997
132632,7032997
132633,7032997
132634,7032997
132635,7032997
132636,7032997
132637,7032997
132638,7032997
132639,7032997
132640,7032997
132641,7032997
132643,7032997
132644,7032997
132645,7032997
132646,7032997
132647,7032997
132649,7032997
2151,7108514
2152,7108514
2153,7108514
2154,7108514
2155,7108514
2156,7108514
2158,7108514
2159,7108514
2161,7108514
2162,7108514
2163,7108514
2165,7108514
2166,7108514
2167,7108514
2168,7108514
2170,7108514
2171,7108514
2173,7108514
2174,7108514
2175,7108514
2176,7108514
2177,7108514
2178,7108514
2180,7108514
2181,7108514
2183,7108514
2184,7108514
2185,7108514
2186,7108514
2187,7108514
2189,7108514
2190,7108514
2191,7108514
2192,7108514
2193,7108514
2195,7108514
2196,7108514
2197,7108514
2198,7108514
2199,7108514
142101,7214545
142103,7214545
142104,7214545
142105,7214545
142106,7214545
142107,7214545
142109,7214545
142110,7214545
142112,7214545
142113,7214545
142114,7214545
142115,7214545
142116,7214545
142117,7214545
142118,7214545
142120,7214545
142121,7214545
142122,7214545
142123,7214545
142124,7214545
142125,7214545
142126,7214545
142127,7214545
142128,7214545
142129,7214545
142130,7214545
142131,7214545
142132,7214545
142134,7214545
142135,7214545
142136,7214545
142137,7214545
142138,7214545
142139,7214545
142141,7214545
142142,7214545
142144,7214545
142145,7214545
142147,7214545
142149,7214545
202,7214715
203,7214715
204,7214715
207,7214715
208,7214715
209,7214715
210,7214715
211,7214715
212,7214715
213,7214715
214,7214715
216,7214715
217,7214715
218,7214715
219,7214715
220,7214715
221,7214715
224,7214715
225,7214715
226,7214715
228,7214715
229,7214715
230,7214715
231,7214715
233,7214715
234,7214715
235,7214715
236,7214715
237,7214715
239,7214715
240,7214715
241,7214715
243,7214715
244,7214715
245,7214715
246,7214715
247,7214715
248,7214715
249,7214715
250,7214715
1802,7218395
1804,7218395
1806,7218395
1807,7218395
1808,7218395
1809,7218395
1810,7218395
1811,7218395
1812,7218395
1813,7218395
1814,7218395
1815,7218395
1816,7218395
1817,7218395
1819,7218395
1820,7218395
1821,7218395
1823,7218395
1824,7218395
1825,7218395
1826,7218395
1828,7218395
1829,7218395
1830,7218395
1831,7218395
1832,7218395
1833,7218395
1834,7218395
1836,7218395
1837,7218395
1838,7218395
1839,7218395
1841,7218395
1842,7218395
1844,7218395
1845,7218395
1846,7218395
1848,7218395
1849,7218395
1850,7218395
230151,7302914
230153,7302914
230154,7302914
230156,7302914
230157,7302914
230159,7302914
230160,7302914
230161,7302914
230163,7302914
230164,7302914
230165,7302914
230166,7302914
230167,7302914
230168,7302914
230169,7302914
230170,7302914
230171,7302914
230172,7302914
230173,7302914
230174,7302914
230176,7302914
230177,7302914
230179,7302914
230181,7302914
230182,7302914
230183,7302914
230184,7302914
230185,7302914
230186,7302914
230187,7302914
230188,7302914
230189,7302914
230190,7302914
230191,7302914
230192,7302914
230194,7302914
230195,7302914
230197,7302914
230198,7302914
230200,7302914
452,7304314
453,7304314
455,7304314
456,7304314
457,7304314
458,7304314
459,7304314
460,7304314
461,7304314
462,7304314
463,7304314
464,7304314
466,7304314
467,7304314
468,7304314
470,7304314
471,7304314
472,7304314
473,7304314
474,7304314
475,7304314
476,7304314
477,7304314
478,7304314
481,7304314
482,7304314
483,7304314
484,7304314
486,7304314
487,7304314
488,7304314
489,7304314
490,7304314
491,7304314
492,7304314
493,7304314
495,7304314
496,7304314
498,7304314
500,7304314
3501,7347536
3502,7347536
3503,7347536
3504,7347536
3505,7347536
3506,7347536
3507,7347536
3508,7347536
3509,7347536
3510,7347536
3511,7347536
3514,7347536
3515,7347536
3516,7347536
3517,7347536
3518,7347536
3519,7347536
3520,7347536
3521,7347536
3522,7347536
3523,7347536
3524,7347536
3525,7347536
3526,7347536
3528,7347536
3530,7347536
3531,7347536
3533,7347536
3538,7347536
3539,7347536
3541,7347536
3542,7347536
3543,7347536
3544,7347536
3545,7347536
3546,7347536
3547,7347536
3548,7347536
3549,7347536
3550,7347536
6151,7358561
6152,7358561
6154,7358561
6155,7358561
6156,7358561
6157,7358561
6159,7358561
6161,7358561
6162,7358561
6163,7358561
6164,7358561
6165,7358561
6167,7358561
6168,7358561
6169,7358561
6172,7358561
6174,7358561
6175,7358561
6176,7358561
6177,7358561
6178,7358561
6180,7358561
6181,7358561
6182,7358561
6183,7358561
6185,7358561
6186,7358561
6187,7358561
6188,7358561
6189,7358561
6190,7358561
6191,7358561
6192,7358561
6193,7358561
6194,7358561
6195,7358561
6196,7358561
6197,7358561
6199,7358561
6200,7358561
329401,7359498
329402,7359498
329403,7359498
329405,7359498
329406,7359498
329407,7359498
329408,7359498
329409,7359498
329410,7359498
329411,7359498
329412,7359498
329413,7359498
329414,7359498
329416,7359498
329417,7359498
329419,7359498
329420,7359498
329421,7359498
329422,7359498
329423,7359498
329424,7359498
329425,7359498
329426,7359498
329427,7359498
329428,7359498
329429,7359498
329430,7359498
329431,7359498
329433,7359498
329434,7359498
329436,7359498
329437,7359498
329439,7359498
329440,7359498
329443,7359498
329445,7359498
329446,7359498
329447,7359498
329449,7359498
329450,7359498
5101,7625811
5103,7625811
5104,7625811
5105,7625811
5106,7625811
5107,7625811
5108,7625811
5110,7625811
5111,7625811
5114,7625811
5115,7625811
5116,7625811
5118,7625811
5119,7625811
5120,7625811
5121,7625811
5122,7625811
5123,7625811
5124,7625811
5126,7625811
5127,7625811
5128,7625811
5130,7625811
5131,7625811
5132,7625811
5133,7625811
5134,7625811
5135,7625811
5136,7625811
5138,7625811
5139,7625811
5140,7625811
5141,7625811
5142,7625811
5144,7625811
5145,7625811
5146,7625811
5147,7625811
5149,7625811
5150,7625811
31101,7902295
31103,7902295
31104,7902295
31105,7902295
31107,7902295
31108,7902295
31109,7902295
31112,7902295
31114,7902295
31115,7902295
31116,7902295
31117,7902295
31118,7902295
31119,7902295
31120,7902295
31121,7902295
31122,7902295
31123,7902295
31124,7902295
31126,7902295
31128,7902295
31130,7902295
31131,7902295
31132,7902295
31133,7902295
31134,7902295
31135,7902295
31136,7902295
31138,7902295
31139,7902295
31140,7902295
31141,7902295
31142,7902295
31143,7902295
31144,7902295
31145,7902295
31146,7902295
31147,7902295
31149,7902295
31150,7902295
751,8000214
753,8000214
755,8000214
756,8000214
757,8000214
759,8000214
760,8000214
761,8000214
762,8000214
763,8000214
764,8000214
765,8000214
767,8000214
768,8000214
769,8000214
771,8000214
772,8000214
773,8000214
774,8000214
775,8000214
777,8000214
778,8000214
780,8000214
782,8000214
783,8000214
784,8000214
785,8000214
786,8000214
787,8000214
788,8000214
790,8000214
791,8000214
792,8000214
793,8000214
794,8000214
795,8000214
796,8000214
797,8000214
798,8000214
799,8000214
43551,8019356
43552,8019356
43553,8019356
43554,8019356
43556,8019356
43559,8019356
43560,8019356
43561,8019356
43562,8019356
43563,8019356
43564,8019356
43568,8019356
43569,8019356
43570,8019356
43571,8019356
43572,8019356
43573,8019356
43574,8019356
43575,8019356
43576,8019356
43577,8019356
43578,8019356
43579,8019356
43580,8019356
43581,8019356
43582,8019356
43583,8019356
43584,8019356
43585,8019356
43586,8019356
43587,8019356
43590,8019356
43591,8019356
43593,8019356
43594,8019356
43595,8019356
43596,8019356
43597,8019356
43598,8019356
43599,8019356
3901,8024014
3902,8024014
3903,8024014
3904,8024014
3905,8024014
3906,8024014
3908,8024014
3910,8024014
3911,8024014
3912,8024014
3913,8024014
3914,8024014
3915,8024014
3917,8024014
3918,8024014
3919,8024014
3922,8024014
3923,8024014
3925,8024014
3926,8024014
3927,8024014
3928,8024014
3929,8024014
3930,8024014
3931,8024014
3932,8024014
3933,8024014
3934,8024014
3935,8024014
3936,8024014
3937,8024014
3938,8024014
3939,8024014
3940,8024014
3941,8024014
3943,8024014
3944,8024014
3945,8024014
3948,8024014
3949,8024014
70601,8101276
70602,8101276
70603,8101276
70604,8101276
70606,8101276
70607,8101276
70608,8101276
70609,8101276
70611,8101276
70612,8101276
70613,8101276
70614,8101276
70615,8101276
70616,8101276
70618,8101276
70620,8101276
70621,8101276
70622,8101276
70623,8101276
70624,8101276
70625,8101276
70627,8101276
70628,8101276
70629,8101276
70630,8101276
70631,8101276
70632,8101276
70633,8101276
70634,8101276
70635,8101276
70636,8101276
70639,8101276
70640,8101276
70642,8101276
70645,8101276
70646,8101276
70647,8101276
70648,8101276
70649,8101276
70650,8101276
76751,8314122
76752,8314122
76753,8314122
76754,8314122
76755,8314122
76756,8314122
76757,8314122
76759,8314122
76760,8314122
76761,8314122
76763,8314122
76765,8314122
76766,8314122
76767,8314122
76768,8314122
76771,8314122
76772,8314122
76773,8314122
76774,8314122
76775,8314122
76776,8314122
76777,8314122
76779,8314122
76780,8314122
76781,8314122
76782,8314122
76783,8314122
76784,8314122
76785,8314122
76786,8314122
76787,8314122
76789,8314122
76790,8314122
76792,8314122
76793,8314122
76796,8314122
76797,8314122
76798,8314122
76799,8314122
76800,8314122
18401,8314134
18402,8314134
18404,8314134
18405,8314134
18406,8314134
18408,8314134
18410,8314134
18411,8314134
18412,8314134
18413,8314134
18415,8314134
18416,8314134
18417,8314134
18418,8314134
18419,8314134
18420,8314134
18421,8314134
18424,8314134
18426,8314134
18427,8314134
18428,8314134
18429,8314134
18430,8314134
18431,8314134
18432,8314134
18434,8314134
18435,8314134
18437,8314134
18438,8314134
18439,8314134
18440,8314134
18441,8314134
18442,8314134
18444,8314134
18445,8314134
18446,8314134
18447,8314134
18448,8314134
18449,8314134
18450,8314134
283051,8331467
283053,8331467
283054,8331467
283055,8331467
283056,8331467
283058,8331467
283059,8331467
283060,8331467
283061,8331467
283062,8331467
283064,8331467
283065,8331467
283066,8331467
283067,8331467
283068,8331467
283069,8331467
283071,8331467
283072,8331467
283073,8331467
283074,8331467
283075,8331467
283076,8331467
283077,8331467
283079,8331467
283080,8331467
283081,8331467
283082,8331467
283083,8331467
283084,8331467
283085,8331467
283086,8331467
283087,8331467
283089,8331467
283090,8331467
283092,8331467
283093,8331467
283094,8331467
283097,8331467
283098,8331467
283099,8331467
319052,8331479
319054,8331479
319055,8331479
319056,8331479
319058,8331479
319059,8331479
319060,8331479
319061,8331479
319062,8331479
319063,8331479
319064,8331479
319065,8331479
319066,8331479
319069,8331479
319070,8331479
319071,8331479
319072,8331479
319074,8331479
319075,8331479
319076,8331479
319077,8331479
319079,8331479
319080,8331479
319081,8331479
319082,8331479
319083,8331479
319085,8331479
319087,8331479
319088,8331479
319089,8331479
319090,8331479
319091,8331479
319092,8331479
319093,8331479
319094,8331479
319095,8331479
319096,8331479
319097,8331479
319098,8331479
319099,8331479
257051,8333635
257052,8333635
257053,8333635
257054,8333635
257055,8333635
257056,8333635
257057,8333635
257058,8333635
257059,8333635
257060,8333635
257061,8333635
257064,8333635
257067,8333635
257069,8333635
257070,8333635
257071,8333635
257072,8333635
257073,8333635
257075,8333635
257076,8333635
257077,8333635
257078,8333635
257080,8333635
257082,8333635
257083,8333635
257084,8333635
257085,8333635
257086,8333635
257087,8333635
257088,8333635
257089,8333635
257090,8333635
257091,8333635
257092,8333635
257094,8333635
257095,8333635
257097,8333635
257098,8333635
257099,8333635
257100,8333635
551,8506294
552,8506294
553,8506294
554,8506294
555,8506294
557,8506294
560,8506294
561,8506294
562,8506294
563,8506294
564,8506294
565,8506294
566,8506294
567,8506294
571,8506294
572,8506294
573,8506294
574,8506294
575,8506294
576,8506294
577,8506294
578,8506294
579,8506294
580,8506294
581,8506294
582,8506294
583,8506294
584,8506294
585,8506294
587,8506294
588,8506294
590,8506294
591,8506294
592,8506294
593,8506294
595,8506294
596,8506294
597,8506294
599,8506294
600,8506294
1001,8506373
1002,8506373
1003,8506373
1005,8506373
1006,8506373
1008,8506373
1009,8506373
1010,8506373
1011,8506373
1012,8506373
1013,8506373
1015,8506373
1017,8506373
1018,8506373
1020,8506373
1021,8506373
1022,8506373
1023,8506373
1024,8506373
1025,8506373
1026,8506373
1027,8506373
1029,8506373
1030,8506373
1031,8506373
1032,8506373
1033,8506373
1034,8506373
1035,8506373
1036,8506373
1037,8506373
1040,8506373
1041,8506373
1042,8506373
1043,8506373
1044,8506373
1046,8506373
1047,8506373
1048,8506373
1049,8506373
35504,8512281
35505,8512281
35506,8512281
35507,8512281
35508,8512281
35509,8512281
35511,8512281
35512,8512281
35513,8512281
35514,8512281
35515,8512281
35516,8512281
35517,8512281
35518,8512281
35520,8512281
35521,8512281
35522,8512281
35523,8512281
35524,8512281
35525,8512281
35526,8512281
35528,8512281
35529,8512281
35530,8512281
35531,8512281
35532,8512281
35533,8512281
35535,8512281
35536,8512281
35537,8512281
35538,8512281
35539,8512281
35541,8512281
35542,8512281
35544,8512281
35545,8512281
35546,8512281
35548,8512281
35549,8512281
35550,8512281
3951,8521220
3952,8521220
3954,8521220
3955,8521220
3957,8521220
3959,8521220
3960,8521220
3961,8521220
3963,8521220
3965,8521220
3966,8521220
3967,8521220
3968,8521220
3970,8521220
3971,8521220
3972,8521220
3973,8521220
3974,8521220
3975,8521220
3976,8521220
3978,8521220
3979,8521220
3980,8521220
3982,8521220
3983,8521220
3985,8521220
3986,8521220
3987,8521220
3988,8521220
3989,8521220
3990,8521220
3991,8521220
3992,8521220
3993,8521220
3994,8521220
3995,8521220
3996,8521220
3998,8521220
3999,8521220
4000,8521220
11252,8611398
11253,8611398
11254,8611398
11255,8611398
11256,8611398
11258,8611398
11259,8611398
11260,8611398
11261,8611398
11262,8611398
11263,8611398
11264,8611398
11266,8611398
11267,8611398
11268,8611398
11269,8611398
11270,8611398
11271,8611398
11272,8611398
11273,8611398
11274,8611398
11275,8611398
11276,8611398
11277,8611398
11279,8611398
11280,8611398
11281,8611398
11283,8611398
11284,8611398
11285,8611398
11286,8611398
11288,8611398
11290,8611398
11291,8611398
11292,8611398
11294,8611398
11295,8611398
11296,8611398
11297,8611398
11298,8611398
390101,8644967
390102,8644967
390103,8644967
390105,8644967
390106,8644967
390107,8644967
390108,8644967
390109,8644967
390110,8644967
390111,8644967
390112,8644967
390113,8644967
390114,8644967
390117,8644967
390118,8644967
390119,8644967
390121,8644967
390122,8644967
390123,8644967
390125,8644967
390126,8644967
390127,8644967
390129,8644967
390130,8644967
390131,8644967
390132,8644967
390133,8644967
390135,8644967
390136,8644967
390137,8644967
390138,8644967
390139,8644967
390140,8644967
390142,8644967
390144,8644967
390145,8644967
390146,8644967
390147,8644967
390148,8644967
390149,8644967
43501,8657031
43502,8657031
43503,8657031
43504,8657031
43505,8657031
43506,8657031
43507,8657031
43508,8657031
43509,8657031
43511,8657031
43512,8657031
43513,8657031
43514,8657031
43515,8657031
43516,8657031
43517,8657031
43518,8657031
43519,8657031
43521,8657031
43527,8657031
43528,8657031
43529,8657031
43530,8657031
43531,8657031
43532,8657031
43533,8657031
43534,8657031
43536,8657031
43537,8657031
43538,8657031
43539,8657031
43541,8657031
43542,8657031
43543,8657031
43545,8657031
43546,8657031
43547,8657031
43548,8657031
43549,8657031
43550,8657031
151,8700280
152,8700280
153,8700280
154,8700280
155,8700280
156,8700280
158,8700280
160,8700280
161,8700280
162,8700280
163,8700280
167,8700280
169,8700280
170,8700280
171,8700280
172,8700280
174,8700280
175,8700280
176,8700280
177,8700280
178,8700280
180,8700280
181,8700280
182,8700280
183,8700280
185,8700280
186,8700280
187,8700280
188,8700280
189,8700280
190,8700280
191,8700280
192,8700280
193,8700280
194,8700280
195,8700280
196,8700280
198,8700280
199,8700280
200,8700280
5051,8700785
5052,8700785
5053,8700785
5054,8700785
5056,8700785
5057,8700785
5058,8700785
5059,8700785
5060,8700785
5061,8700785
5062,8700785
5063,8700785
5064,8700785
5065,8700785
5068,8700785
5070,8700785
5071,8700785
5073,8700785
5074,8700785
5076,8700785
5077,8700785
5078,8700785
5079,8700785
5080,8700785
5081,8700785
5082,8700785
5083,8700785
5084,8700785
5085,8700785
5086,8700785
5088,8700785
5090,8700785
5091,8700785
5092,8700785
5093,8700785
5094,8700785
5095,8700785
5096,8700785
5097,8700785
5099,8700785
7101,8701193
7102,8701193
7103,8701193
7104,8701193
7105,8701193
7106,8701193
7107,8701193
7108,8701193
7109,8701193
7110,8701193
7111,8701193
7113,8701193
7117,8701193
7120,8701193
7121,8701193
7122,8701193
7124,8701193
7125,8701193
7127,8701193
7128,8701193
7129,8701193
7131,8701193
7132,8701193
7133,8701193
7134,8701193
7135,8701193
7136,8701193
7137,8701193
7138,8701193
7139,8701193
7140,8701193
7141,8701193
7142,8701193
7143,8701193
7145,8701193
7146,8701193
7147,8701193
7148,8701193
7149,8701193
7150,8701193
3001,8707343
3002,8707343
3003,8707343
3004,8707343
3005,8707343
3006,8707343
3008,8707343
3009,8707343
3011,8707343
3012,8707343
3013,8707343
3014,8707343
3015,8707343
3016,8707343
3017,8707343
3019,8707343
3020,8707343
3021,8707343
3022,8707343
3023,8707343
3024,8707343
3025,8707343
3026,8707343
3027,8707343
3028,8707343
3029,8707343
3031,8707343
3033,8707343
3035,8707343
3036,8707343
3037,8707343
3038,8707343
3039,8707343
3040,8707343
3041,8707343
3043,8707343
3046,8707343
3047,8707343
3049,8707343
3050,8707343
86101,8708672
86102,8708672
86103,8708672
86104,8708672
86105,8708672
86108,8708672
86109,8708672
86110,8708672
86111,8708672
86112,8708672
86114,8708672
86115,8708672
86117,8708672
86118,8708672
86119,8708672
86120,8708672
86121,8708672
86122,8708672
86124,8708672
86125,8708672
86127,8708672
86128,8708672
86129,8708672
86130,8708672
86131,8708672
86132,8708672
86133,8708672
86135,8708672
86136,8708672
86137,8708672
86138,8708672
86140,8708672
86141,8708672
86142,8708672
86144,8708672
86145,8708672
86147,8708672
86148,8708672
86149,8708672
86150,8708672
3051,8716899
3052,8716899
3053,8716899
3055,8716899
3056,8716899
3057,8716899
3058,8716899
3061,8716899
3062,8716899
3063,8716899
3064,8716899
3065,8716899
3066,8716899
3067,8716899
3068,8716899
3069,8716899
3070,8716899
3071,8716899
3072,8716899
3073,8716899
3076,8716899
3077,8716899
3078,8716899
3079,8716899
3080,8716899
3082,8716899
3084,8716899
3085,8716899
3086,8716899
3087,8716899
3088,8716899
3090,8716899
3091,8716899
3092,8716899
3093,8716899
3096,8716899
3097,8716899
3098,8716899
3099,8716899
3100,8716899
135052,8800195
135053,8800195
135054,8800195
135055,8800195
135057,8800195
135058,8800195
135059,8800195
135061,8800195
135062,8800195
135063,8800195
135064,8800195
135066,8800195
135068,8800195
135069,8800195
135070,8800195
135071,8800195
135072,8800195
135073,8800195
135074,8800195
135075,8800195
135076,8800195
135077,8800195
135078,8800195
135079,8800195
135080,8800195
135083,8800195
135084,8800195
135085,8800195
135086,8800195
135087,8800195
135088,8800195
135089,8800195
135090,8800195
135091,8800195
135092,8800195
135093,8800195
135095,8800195
135096,8800195
135098,8800195
135099,8800195
282351,8802868
282352,8802868
282353,8802868
282354,8802868
282356,8802868
282358,8802868
282359,8802868
282360,8802868
282361,8802868
282363,8802868
282364,8802868
282365,8802868
282367,8802868
282368,8802868
282369,8802868
282370,8802868
282371,8802868
282374,8802868
282375,8802868
282376,8802868
282377,8802868
282378,8802868
282379,8802868
282380,8802868
282382,8802868
282384,8802868
282385,8802868
282386,8802868
282387,8802868
282388,8802868
282389,8802868
282390,8802868
282391,8802868
282392,8802868
282393,8802868
282394,8802868
282395,8802868
282397,8802868
282398,8802868
282400,8802868
67251,8802882
67252,8802882
67253,8802882
67254,8802882
67255,8802882
67258,8802882
67259,8802882
67260,8802882
67261,8802882
67262,8802882
67263,8802882
67264,8802882
67265,8802882
67266,8802882
67267,8802882
67268,8802882
67269,8802882
67271,8802882
67272,8802882
67273,8802882
67274,8802882
67275,8802882
67277,8802882
67278,8802882
67280,8802882
67281,8802882
67282,8802882
67283,8802882
67284,8802882
67285,8802882
67286,8802882
67288,8802882
67289,8802882
67290,8802882
67291,8802882
67294,8802882
67296,8802882
67297,8802882
67298,8802882
67299,8802882
17403,8806204
17404,8806204
17405,8806204
17407,8806204
17408,8806204
17409,8806204
17410,8806204
17411,8806204
17412,8806204
17415,8806204
17416,8806204
17417,8806204
17418,8806204
17420,8806204
17421,8806204
17422,8806204
17423,8806204
17424,8806204
17425,8806204
17426,8806204
17427,8806204
17428,8806204
17429,8806204
17430,8806204
17433,8806204
17434,8806204
17435,8806204
17436,8806204
17437,8806204
17438,8806204
17440,8806204
17441,8806204
17442,8806204
17443,8806204
17444,8806204
17445,8806204
17446,8806204
17448,8806204
17449,8806204
17450,8806204
6402,8807088
6404,8807088
6405,8807088
6406,8807088
6407,8807088
6408,8807088
6410,8807088
6411,8807088
6412,8807088
6413,8807088
6414,8807088
6415,8807088
6416,8807088
6417,8807088
6418,8807088
6419,8807088
6420,8807088
6421,8807088
6422,8807088
6423,8807088
6424,8807088
6425,8807088
6426,8807088
6427,8807088
6428,8807088
6430,8807088
6431,8807088
6433,8807088
6436,8807088
6437,8807088
6438,8807088
6439,8807088
6441,8807088
6444,8807088
6445,8807088
6446,8807088
6447,8807088
6448,8807088
6449,8807088
6450,8807088
10151,8814744
10154,8814744
10155,8814744
10157,8814744
10158,8814744
10160,8814744
10161,8814744
10162,8814744
10163,8814744
10164,8814744
10167,8814744
10168,8814744
10170,8814744
10171,8814744
10172,8814744
10173,8814744
10174,8814744
10175,8814744
10176,8814744
10177,8814744
10178,8814744
10179,8814744
10180,8814744
10181,8814744
10182,8814744
10183,8814744
10184,8814744
10186,8814744
10187,8814744
10188,8814744
10190,8814744
10191,8814744
10192,8814744
10193,8814744
10194,8814744
10195,8814744
10196,8814744
10197,8814744
10199,8814744
10200,8814744
11101,8843446
11102,8843446
11104,8843446
11105,8843446
11106,8843446
11108,8843446
11109,8843446
11110,8843446
11112,8843446
11113,8843446
11114,8843446
11115,8843446
11116,8843446
11117,8843446
11118,8843446
11120,8843446
11121,8843446
11122,8843446
11124,8843446
11127,8843446
11128,8843446
11130,8843446
11131,8843446
11132,8843446
11133,8843446
11135,8843446
11136,8843446
11137,8843446
11138,8843446
11139,8843446
11140,8843446
11142,8843446
11143,8843446
11144,8843446
11145,8843446
11146,8843446
11147,8843446
11148,8843446
11149,8843446
11150,8843446
380351,8843927
380352,8843927
380354,8843927
380355,8843927
380356,8843927
380357,8843927
380358,8843927
380359,8843927
380360,8843927
380361,8843927
380362,8843927
380363,8843927
380364,8843927
380365,8843927
380367,8843927
380370,8843927
380371,8843927
380372,8843927
380373,8843927
380374,8843927
380377,8843927
380378,8843927
380379,8843927
380380,8843927
380381,8843927
380382,8843927
380383,8843927
380384,8843927
380385,8843927
380386,8843927
380387,8843927
380388,8843927
380390,8843927
380391,8843927
380392,8843927
380394,8843927
380395,8843927
380397,8843927
380399,8843927
380400,8843927
1401,8903923
1402,8903923
1403,8903923
1404,8903923
1405,8903923
1406,8903923
1407,8903923
1408,8903923
1409,8903923
1410,8903923
1411,8903923
1413,8903923
1414,8903923
1416,8903923
1418,8903923
1419,8903923
1420,8903923
1421,8903923
1422,8903923
1423,8903923
1424,8903923
1425,8903923
1426,8903923
1427,8903923
1429,8903923
1431,8903923
1432,8903923
1433,8903923
1434,8903923
1438,8903923
1439,8903923
1440,8903923
1441,8903923
1442,8903923
1443,8903923
1444,8903923
1445,8903923
1447,8903923
1448,8903923
1450,8903923
399301,8913916
399302,8913916
399304,8913916
399305,8913916
399306,8913916
399307,8913916
399309,8913916
399312,8913916
399313,8913916
399314,8913916
399315,8913916
399316,8913916
399317,8913916
399318,8913916
399319,8913916
399320,8913916
399322,8913916
399323,8913916
399324,8913916
399325,8913916
399326,8913916
399327,8913916
399328,8913916
399329,8913916
399330,8913916
399331,8913916
399332,8913916
399334,8913916
399335,8913916
399336,8913916
399337,8913916
399338,8913916
399339,8913916
399341,8913916
399342,8913916
399344,8913916
399345,8913916
399346,8913916
399348,8913916
399350,8913916
244851,8914219
244852,8914219
244853,8914219
244854,8914219
244855,8914219
244857,8914219
244858,8914219
244859,8914219
244860,8914219
244862,8914219
244863,8914219
244864,8914219
244865,8914219
244866,8914219
244867,8914219
244868,8914219
244870,8914219
244871,8914219
244873,8914219
244875,8914219
244876,8914219
244878,8914219
244879,8914219
244880,8914219
244881,8914219
244883,8914219
244884,8914219
244885,8914219
244886,8914219
244887,8914219
244888,8914219
244889,8914219
244890,8914219
244891,8914219
244892,8914219
244893,8914219
244895,8914219
244896,8914219
244899,8914219
244900,8914219
80351,8915445
80352,8915445
80353,8915445
80354,8915445
80355,8915445
80358,8915445
80359,8915445
80360,8915445
80361,8915445
80363,8915445
80364,8915445
80366,8915445
80368,8915445
80370,8915445
80371,8915445
80373,8915445
80374,8915445
80375,8915445
80376,8915445
80377,8915445
80378,8915445
80379,8915445
80381,8915445
80382,8915445
80383,8915445
80384,8915445
80385,8915445
80386,8915445
80388,8915445
80389,8915445
80390,8915445
80391,8915445
80392,8915445
80393,8915445
80394,8915445
80395,8915445
80396,8915445
80397,8915445
80398,8915445
80399,8915445
74851,8916126
74853,8916126
74854,8916126
74856,8916126
74857,8916126
74858,8916126
74859,8916126
74860,8916126
74861,8916126
74862,8916126
74863,8916126
74865,8916126
74867,8916126
74869,8916126
74871,8916126
74872,8916126
74873,8916126
74874,8916126
74875,8916126
74876,8916126
74878,8916126
74879,8916126
74880,8916126
74881,8916126
74882,8916126
74883,8916126
74885,8916126
74886,8916126
74887,8916126
74888,8916126
74889,8916126
74891,8916126
74893,8916126
74894,8916126
74895,8916126
74896,8916126
74897,8916126
74898,8916126
74899,8916126
74900,8916126
6351,8918136
6354,8918136
6355,8918136
6356,8918136
6357,8918136
6358,8918136
6359,8918136
6360,8918136
6361,8918136
6362,8918136
6363,8918136
6364,8918136
6366,8918136
6367,8918136
6368,8918136
6369,8918136
6371,8918136
6373,8918136
6375,8918136
6376,8918136
6378,8918136
6379,8918136
6380,8918136
6381,8918136
6382,8918136
6384,8918136
6385,8918136
6386,8918136
6387,8918136
6388,8918136
6389,8918136
6390,8918136
6391,8918136
6392,8918136
6393,8918136
6394,8918136
6395,8918136
6396,8918136
6398,8918136
6400,8918136
48001,8919245
48002,8919245
48003,8919245
48005,8919245
48006,8919245
48007,8919245
48008,8919245
48009,8919245
48010,8919245
48012,8919245
48013,8919245
48014,8919245
48015,8919245
48016,8919245
48017,8919245
48018,8919245
48020,8919245
48021,8919245
48022,8919245
48023,8919245
48024,8919245
48026,8919245
48028,8919245
48029,8919245
48031,8919245
48032,8919245
48034,8919245
48035,8919245
48036,8919245
48037,8919245
48038,8919245
48039,8919245
48040,8919245
48041,8919245
48043,8919245
48044,8919245
48045,8919245
48046,8919245
48049,8919245
48050,8919245
5501,8919257
5502,8919257
5503,8919257
5504,8919257
5505,8919257
5506,8919257
5507,8919257
5509,8919257
5510,8919257
5511,8919257
5512,8919257
5513,8919257
5514,8919257
5515,8919257
5517,8919257
5518,8919257
5520,8919257
5521,8919257
5522,8919257
5523,8919257
5525,8919257
5527,8919257
5528,8919257
5529,8919257
5530,8919257
5532,8919257
5533,8919257
5534,8919257
5535,8919257
5536,8919257
5538,8919257
5539,8919257
5540,8919257
5541,8919257
5542,8919257
5543,8919257
5544,8919257
5545,8919257
5546,8919257
5548,8919257
6301,9007491
6302,9007491
6304,9007491
6305,9007491
6306,9007491
6308,9007491
6310,9007491
6311,9007491
6312,9007491
6313,9007491
6314,9007491
6317,9007491
6318,9007491
6320,9007491
6322,9007491
6323,9007491
6324,9007491
6325,9007491
6326,9007491
6327,9007491
6328,9007491
6329,9007491
6330,9007491
6331,9007491
6332,9007491
6334,9007491
6336,9007491
6337,9007491
6339,9007491
6340,9007491
6341,9007491
6342,9007491
6343,9007491
6344,9007491
6345,9007491
6346,9007491
6347,9007491
6348,9007491
6349,9007491
6350,9007491
369551,9008407
369552,9008407
369554,9008407
369555,9008407
369556,9008407
369557,9008407
369560,9008407
369561,9008407
369562,9008407
369563,9008407
369564,9008407
369565,9008407
369566,9008407
369568,9008407
369570,9008407
369571,9008407
369572,9008407
369573,9008407
369574,9008407
369576,9008407
369578,9008407
369579,9008407
369580,9008407
369581,9008407
369582,9008407
369583,9008407
369584,9008407
369585,9008407
369586,9008407
369587,9008407
369589,9008407
369590,9008407
369592,9008407
369593,9008407
369594,9008407
369596,9008407
369597,9008407
369598,9008407
369599,9008407
369600,9008407
112702,9008419
112703,9008419
112704,9008419
112705,9008419
112706,9008419
112707,9008419
112708,9008419
112709,9008419
112710,9008419
112712,9008419
112715,9008419
112716,9008419
112717,9008419
112718,9008419
112720,9008419
112721,9008419
112722,9008419
112723,9008419
112724,9008419
112725,9008419
112726,9008419
112727,9008419
112729,9008419
112731,9008419
112732,9008419
112733,9008419
112734,9008419
112735,9008419
112736,9008419
112738,9008419
112739,9008419
112740,9008419
112741,9008419
112742,9008419
112743,9008419
112744,9008419
112746,9008419
112747,9008419
112748,9008419
112750,9008419
7202,9008598
7203,9008598
7204,9008598
7206,9008598
7208,9008598
7209,9008598
7210,9008598
7211,9008598
7212,9008598
7213,9008598
7214,9008598
7215,9008598
7216,9008598
7217,9008598
7219,9008598
7220,9008598
7221,9008598
7223,9008598
7224,9008598
7225,9008598
7226,9008598
7227,9008598
7231,9008598
7232,9008598
7233,9008598
7234,9008598
7235,9008598
7236,9008598
7237,9008598
7238,9008598
7239,9008598
7240,9008598
7241,9008598
7243,9008598
7244,9008598
7246,9008598
7247,9008598
7248,9008598
7249,9008598
7250,9008598
191801,9070058
191802,9070058
191803,9070058
191804,9070058
191805,9070058
191806,9070058
191808,9070058
191809,9070058
191811,9070058
191812,9070058
191813,9070058
191814,9070058
191815,9070058
191817,9070058
191819,9070058
191820,9070058
191821,9070058
191822,9070058
191823,9070058
191824,9070058
191825,9070058
191826,9070058
191827,9070058
191829,9070058
191832,9070058
191833,9070058
191834,9070058
191836,9070058
191837,9070058
191839,9070058
191841,9070058
191842,9070058
191843,9070058
191844,9070058
191845,9070058
191846,9070058
191847,9070058
191848,9070058
191849,9070058
191850,9070058
8501,9070620
8503,9070620
8504,9070620
8505,9070620
8506,9070620
8508,9070620
8509,9070620
8511,9070620
8512,9070620
8513,9070620
8514,9070620
8516,9070620
8517,9070620
8520,9070620
8522,9070620
8523,9070620
8524,9070620
8525,9070620
8526,9070620
8527,9070620
8528,9070620
8529,9070620
8531,9070620
8532,9070620
8533,9070620
8534,9070620
8536,9070620
8537,9070620
8538,9070620
8539,9070620
8540,9070620
8541,9070620
8542,9070620
8543,9070620
8544,9070620
8545,9070620
8546,9070620
8547,9070620
8548,9070620
8550,9070620
49152,9102978
49154,9102978
49155,9102978
49157,9102978
49159,9102978
49160,9102978
49161,9102978
49162,9102978
49163,9102978
49164,9102978
49165,9102978
49166,9102978
49167,9102978
49168,9102978
49169,9102978
49171,9102978
49172,9102978
49173,9102978
49174,9102978
49175,9102978
49176,9102978
49177,9102978
49178,9102978
49179,9102978
49180,9102978
49182,9102978
49183,9102978
49184,9102978
49185,9102978
49186,9102978
49187,9102978
49189,9102978
49190,9102978
49191,9102978
49192,9102978
49193,9102978
49194,9102978
49195,9102978
49196,9102978
49200,9102978
2001,9104005
2002,9104005
2003,9104005
2005,9104005
2006,9104005
2007,9104005
2008,9104005
2009,9104005
2010,9104005
2011,9104005
2012,9104005
2013,9104005
2014,9104005
2015,9104005
2016,9104005
2017,9104005
2018,9104005
2021,9104005
2023,9104005
2024,9104005
2027,9104005
2028,9104005
2029,9104005
2031,9104005
2032,9104005
2033,9104005
2034,9104005
2035,9104005
2036,9104005
2037,9104005
2039,9104005
2040,9104005
2042,9104005
2043,9104005
2044,9104005
2045,9104005
2046,9104005
2047,9104005
2049,9104005
2050,9104005
8101,9106302
8102,9106302
8103,9106302
8104,9106302
8105,9106302
8106,9106302
8107,9106302
8108,9106302
8111,9106302
8113,9106302
8114,9106302
8115,9106302
8116,9106302
8117,9106302
8118,9106302
8119,9106302
8120,9106302
8121,9106302
8122,9106302
8123,9106302
8124,9106302
8125,9106302
8127,9106302
8128,9106302
8129,9106302
8131,9106302
8132,9106302
8135,9106302
8136,9106302
8137,9106302
8138,9106302
8139,9106302
8142,9106302
8143,9106302
8144,9106302
8145,9106302
8146,9106302
8148,9106302
8149,9106302
8150,9106302
275152,9111802
275153,9111802
275155,9111802
275156,9111802
275157,9111802
275158,9111802
275159,9111802
275160,9111802
275161,9111802
275162,9111802
275163,9111802
275164,9111802
275165,9111802
275166,9111802
275167,9111802
275169,9111802
275170,9111802
275172,9111802
275173,9111802
275175,9111802
275176,9111802
275178,9111802
275179,9111802
275180,9111802
275182,9111802
275183,9111802
275185,9111802
275186,9111802
275187,9111802
275188,9111802
275189,9111802
275190,9111802
275192,9111802
275193,9111802
275194,9111802
275195,9111802
275197,9111802
275198,9111802
275199,9111802
275200,9111802
28751,9116864
28752,9116864
28753,9116864
28754,9116864
28755,9116864
28756,9116864
28757,9116864
28761,9116864
28762,9116864
28764,9116864
28765,9116864
28766,9116864
28767,9116864
28769,9116864
28770,9116864
28771,9116864
28772,9116864
28774,9116864
28775,9116864
28777,9116864
28778,9116864
28779,9116864
28780,9116864
28781,9116864
28782,9116864
28783,9116864
28784,9116864
28785,9116864
28786,9116864
28787,9116864
28788,9116864
28789,9116864
28790,9116864
28791,9116864
28792,9116864
28793,9116864
28794,9116864
28796,9116864
28798,9116864
28799,9116864
9101,9126807
9102,9126807
9103,9126807
9104,9126807
9105,9126807
9106,9126807
9107,9126807
9108,9126807
9109,9126807
9111,9126807
9112,9126807
9113,9126807
9114,9126807
9115,9126807
9117,9126807
9118,9126807
9119,9126807
9120,9126807
9121,9126807
9122,9126807
9124,9126807
9125,9126807
9127,9126807
9128,9126807
9132,9126807
9134,9126807
9136,9126807
9137,9126807
9138,9126807
9139,9126807
9140,9126807
9142,9126807
9143,9126807
9144,9126807
9145,9126807
9146,9126807
9147,9126807
9148,9126807
9149,9126807
9150,9126807
398451,9126819
398452,9126819
398453,9126819
398454,9126819
398455,9126819
398456,9126819
398457,9126819
398458,9126819
398459,9126819
398460,9126819
398461,9126819
398462,9126819
398463,9126819
398464,9126819
398465,9126819
398467,9126819
398468,9126819
398470,9126819
398471,9126819
398473,9126819
398475,9126819
398477,9126819
398479,9126819
398480,9126819
398481,9126819
398482,9126819
398483,9126819
398484,9126819
398485,9126819
398486,9126819
398487,9126819
398488,9126819
398490,9126819
398491,9126819
398492,9126819
398493,9126819
398494,9126819
398497,9126819
398499,9126819
398500,9126819
1051,9138329
1053,9138329
1054,9138329
1055,9138329
1056,9138329
1057,9138329
1058,9138329
1059,9138329
1060,9138329
1061,9138329
1062,9138329
1063,9138329
1064,9138329
1065,9138329
1066,9138329
1067,9138329
1069,9138329
1070,9138329
1071,9138329
1073,9138329
1074,9138329
1075,9138329
1076,9138329
1078,9138329
1080,9138329
1081,9138329
1082,9138329
1083,9138329
1084,9138329
1085,9138329
1086,9138329
1087,9138329
1088,9138329
1090,9138329
1091,9138329
1092,9138329
1095,9138329
1097,9138329
1099,9138329
1100,9138329
103551,9141077
103552,9141077
103553,9141077
103554,9141077
103555,9141077
103556,9141077
103560,9141077
103561,9141077
103562,9141077
103563,9141077
103564,9141077
103565,9141077
103566,9141077
103567,9141077
103569,9141077
103572,9141077
103573,9141077
103574,9141077
103575,9141077
103576,9141077
103577,9141077
103578,9141077
103581,9141077
103582,9141077
103583,9141077
103585,9141077
103586,9141077
103587,9141077
103588,9141077
103589,9141077
103591,9141077
103592,9141077
103593,9141077
103594,9141077
103595,9141077
103596,9141077
103597,9141077
103598,9141077
103599,9141077
103600,9141077
301,9141807
302,9141807
304,9141807
305,9141807
306,9141807
307,9141807
308,9141807
310,9141807
311,9141807
312,9141807
314,9141807
315,9141807
317,9141807
318,9141807
319,9141807
320,9141807
321,9141807
322,9141807
323,9141807
324,9141807
325,9141807
326,9141807
327,9141807
328,9141807
329,9141807
330,9141807
331,9141807
332,9141807
334,9141807
335,9141807
336,9141807
337,9141807
338,9141807
340,9141807
341,9141807
343,9141807
344,9141807
345,9141807
347,9141807
349,9141807
1551,9156462
1552,9156462
1553,9156462
1554,9156462
1555,9156462
1556,9156462
1557,9156462
1558,9156462
1559,9156462
1560,9156462
1562,9156462
1563,9156462
1564,9156462
1565,9156462
1566,9156462
1570,9156462
1571,9156462
1573,9156462
1574,9156462
1575,9156462
1576,9156462
1577,9156462
1578,9156462
1580,9156462
1582,9156462
1583,9156462
1584,9156462
1586,9156462
1587,9156462
1588,9156462
1589,9156462
1591,9156462
1592,9156462
1593,9156462
1595,9156462
1596,9156462
1597,9156462
1598,9156462
1599,9156462
1600,9156462
3201,9156474
3202,9156474
3203,9156474
3204,9156474
3205,9156474
3206,9156474
3207,9156474
3208,9156474
3209,9156474
3210,9156474
3211,9156474
3212,9156474
3213,9156474
3216,9156474
3217,9156474
3218,9156474
3221,9156474
3222,9156474
3224,9156474
3225,9156474
3226,9156474
3227,9156474
3228,9156474
3229,9156474
3231,9156474
3233,9156474
3234,9156474
3235,9156474
3236,9156474
3238,9156474
3240,9156474
3241,9156474
3242,9156474
3243,9156474
3244,9156474
3246,9156474
3247,9156474
3248,9156474
3249,9156474
3250,9156474
17901,9156515
17902,9156515
17903,9156515
17904,9156515
17905,9156515
17906,9156515
17907,9156515
17908,9156515
17909,9156515
17911,9156515
17912,9156515
17913,9156515
17914,9156515
17915,9156515
17917,9156515
17918,9156515
17921,9156515
17922,9156515
17923,9156515
17924,9156515
17928,9156515
17929,9156515
17930,9156515
17932,9156515
17933,9156515
17934,9156515
17936,9156515
17937,9156515
17938,9156515
17939,9156515
17940,9156515
17941,9156515
17942,9156515
17943,9156515
17945,9156515
17946,9156515
17947,9156515
17948,9156515
17949,9156515
17950,9156515
100751,9160011
100753,9160011
100754,9160011
100755,9160011
100756,9160011
100757,9160011
100758,9160011
100759,9160011
100760,9160011
100762,9160011
100763,9160011
100765,9160011
100767,9160011
100768,9160011
100770,9160011
100771,9160011
100773,9160011
100774,9160011
100775,9160011
100776,9160011
100777,9160011
100778,9160011
100779,9160011
100780,9160011
100781,9160011
100782,9160011
100783,9160011
100784,9160011
100785,9160011
100786,9160011
100787,9160011
100789,9160011
100790,9160011
100791,9160011
100793,9160011
100794,9160011
100796,9160011
100797,9160011
100799,9160011
100800,9160011
14401,9161728
14402,9161728
14403,9161728
14404,9161728
14405,9161728
14407,9161728
14408,9161728
14410,9161728
14412,9161728
14413,9161728
14414,9161728
14416,9161728
14417,9161728
14418,9161728
14419,9161728
14420,9161728
14421,9161728
14422,9161728
14423,9161728
14424,9161728
14426,9161728
14427,9161728
14429,9161728
14430,9161728
14431,9161728
14432,9161728
14433,9161728
14434,9161728
14435,9161728
14436,9161728
14437,9161728
14440,9161728
14441,9161728
14442,9161728
14443,9161728
14445,9161728
14446,9161728
14448,9161728
14449,9161728
14450,9161728
2551,9169550
2553,9169550
2554,9169550
2555,9169550
2556,9169550
2558,9169550
2559,9169550
2561,9169550
2563,9169550
2564,9169550
2565,9169550
2566,9169550
2567,9169550
2568,9169550
2569,9169550
2570,9169550
2573,9169550
2574,9169550
2575,9169550
2576,9169550
2577,9169550
2578,9169550
2579,9169550
2581,9169550
2582,9169550
2583,9169550
2584,9169550
2585,9169550
2586,9169550
2587,9169550
2588,9169550
2589,9169550
2590,9169550
2592,9169550
2593,9169550
2595,9169550
2596,9169550
2597,9169550
2598,9169550
2600,9169550
157201,9172648
157202,9172648
157203,9172648
157204,9172648
157205,9172648
157206,9172648
157209,9172648
157210,9172648
157211,9172648
157212,9172648
157213,9172648
157214,9172648
157215,9172648
157216,9172648
157217,9172648
157218,9172648
157219,9172648
157220,9172648
157221,9172648
157223,9172648
157224,9172648
157226,9172648
157228,9172648
157229,9172648
157231,9172648
157232,9172648
157233,9172648
157234,9172648
157235,9172648
157236,9172648
157237,9172648
157238,9172648
157239,9172648
157240,9172648
157242,9172648
157245,9172648
157246,9172648
157247,9172648
157248,9172648
157250,9172648
1852,9172777
1853,9172777
1854,9172777
1855,9172777
1856,9172777
1857,9172777
1858,9172777
1859,9172777
1860,9172777
1861,9172777
1862,9172777
1863,9172777
1865,9172777
1867,9172777
1868,9172777
1869,9172777
1870,9172777
1871,9172777
1872,9172777
1876,9172777
1878,9172777
1879,9172777
1880,9172777
1881,9172777
1882,9172777
1884,9172777
1885,9172777
1886,9172777
1887,9172777
1889,9172777
1890,9172777
1891,9172777
1892,9172777
1893,9172777
1894,9172777
1895,9172777
1896,9172777
1897,9172777
1898,9172777
1900,9172777
243652,9179191
243655,9179191
243656,9179191
243657,9179191
243658,9179191
243659,9179191
243660,9179191
243661,9179191
243662,9179191
243663,9179191
243664,9179191
243665,9179191
243666,9179191
243667,9179191
243668,9179191
243671,9179191
243672,9179191
243674,9179191
243675,9179191
243676,9179191
243677,9179191
243680,9179191
243681,9179191
243683,9179191
243684,9179191
243685,9179191
243686,9179191
243687,9179191
243688,9179191
243689,9179191
243690,9179191
243691,9179191
243692,9179191
243693,9179191
243694,9179191
243695,9179191
243696,9179191
243697,9179191
243698,9179191
243700,9179191
501,9183855
502,9183855
503,9183855
504,9183855
505,9183855
506,9183855
507,9183855
508,9183855
509,9183855
511,9183855
512,9183855
513,9183855
514,9183855
515,9183855
516,9183855
517,9183855
519,9183855
520,9183855
521,9183855
522,9183855
524,9183855
525,9183855
526,9183855
527,9183855
528,9183855
529,9183855
532,9183855
533,9183855
534,9183855
535,9183855
536,9183855
538,9183855
539,9183855
541,9183855
542,9183855
543,9183855
544,9183855
546,9183855
548,9183855
550,9183855
6251,9187796
6252,9187796
6253,9187796
6254,9187796
6256,9187796
6257,9187796
6258,9187796
6259,9187796
6260,9187796
6262,9187796
6263,9187796
6264,9187796
6265,9187796
6266,9187796
6267,9187796
6268,9187796
6269,9187796
6270,9187796
6271,9187796
6272,9187796
6273,9187796
6274,9187796
6279,9187796
6280,9187796
6281,9187796
6282,9187796
6283,9187796
6284,9187796
6285,9187796
6287,9187796
6288,9187796
6289,9187796
6290,9187796
6292,9187796
6293,9187796
6295,9187796
6297,9187796
6298,9187796
6299,9187796
6300,9187796
16701,9187887
16702,9187887
16703,9187887
16704,9187887
16705,9187887
16706,9187887
16707,9187887
16708,9187887
16709,9187887
16710,9187887
16711,9187887
16712,9187887
16713,9187887
16714,9187887
16715,9187887
16716,9187887
16720,9187887
16721,9187887
16722,9187887
16723,9187887
16724,9187887
16725,9187887
16727,9187887
16730,9187887
16732,9187887
16733,9187887
16735,9187887
16736,9187887
16737,9187887
16739,9187887
16740,9187887
16741,9187887
16742,9187887
16743,9187887
16744,9187887
16746,9187887
16747,9187887
16748,9187887
16749,9187887
16750,9187887
10951,9187899
10952,9187899
10953,9187899
10954,9187899
10955,9187899
10956,9187899
10957,9187899
10958,9187899
10960,9187899
10962,9187899
10963,9187899
10965,9187899
10966,9187899
10968,9187899
10969,9187899
10971,9187899
10972,9187899
10973,9187899
10974,9187899
10975,9187899
10976,9187899
10977,9187899
10978,9187899
10979,9187899
10980,9187899
10982,9187899
10983,9187899
10984,9187899
10985,9187899
10986,9187899
10987,9187899
10988,9187899
10989,9187899
10991,9187899
10992,9187899
10993,9187899
10994,9187899
10995,9187899
10996,9187899
10997,9187899
15151,9188037
15152,9188037
15155,9188037
15156,9188037
15157,9188037
15158,9188037
15159,9188037
15160,9188037
15161,9188037
15162,9188037
15163,9188037
15164,9188037
15165,9188037
15166,9188037
15167,9188037
15169,9188037
15170,9188037
15171,9188037
15172,9188037
15173,9188037
15175,9188037
15176,9188037
15177,9188037
15178,9188037
15179,9188037
15181,9188037
15182,9188037
15184,9188037
15186,9188037
15187,9188037
15188,9188037
15189,9188037
15191,9188037
15193,9188037
15194,9188037
15195,9188037
15197,9188037
15198,9188037
15199,9188037
15200,9188037
30451,9189421
30452,9189421
30453,9189421
30454,9189421
30455,9189421
30456,9189421
30457,9189421
30458,9189421
30460,9189421
30462,9189421
30464,9189421
30465,9189421
30466,9189421
30467,9189421
30468,9189421
30469,9189421
30470,9189421
30473,9189421
30474,9189421
30475,9189421
30476,9189421
30477,9189421
30479,9189421
30481,9189421
30482,9189421
30483,9189421
30484,9189421
30486,9189421
30487,9189421
30488,9189421
30489,9189421
30490,9189421
30491,9189421
30492,9189421
30493,9189421
30495,9189421
30497,9189421
30498,9189421
30499,9189421
30500,9189421
4201,9192363
4202,9192363
4204,9192363
4205,9192363
4206,9192363
4207,9192363
4208,9192363
4209,9192363
4210,9192363
4211,9192363
4212,9192363
4213,9192363
4214,9192363
4216,9192363
4218,9192363
4219,9192363
4220,9192363
4221,9192363
4223,9192363
4225,9192363
4227,9192363
4228,9192363
4229,9192363
4230,9192363
4231,9192363
4233,9192363
4234,9192363
4235,9192363
4237,9192363
4238,9192363
4239,9192363
4240,9192363
4241,9192363
4242,9192363
4243,9192363
4244,9192363
4245,9192363
4246,9192363
4247,9192363
4249,9192363
31951,9192387
31952,9192387
31954,9192387
31955,9192387
31956,9192387
31958,9192387
31959,9192387
31960,9192387
31961,9192387
31962,9192387
31963,9192387
31965,9192387
31966,9192387
31968,9192387
31969,9192387
31970,9192387
31971,9192387
31972,9192387
31973,9192387
31976,9192387
31977,9192387
31978,9192387
31979,9192387
31980,9192387
31981,9192387
31982,9192387
31983,9192387
31985,9192387
31986,9192387
31987,9192387
31989,9192387
31990,9192387
31991,9192387
31992,9192387
31993,9192387
31994,9192387
31995,9192387
31997,9192387
31998,9192387
31999,9192387
16601,9195169
16602,9195169
16603,9195169
16604,9195169
16607,9195169
16609,9195169
16610,9195169
16612,9195169
16613,9195169
16614,9195169
16615,9195169
16616,9195169
16617,9195169
16618,9195169
16620,9195169
16621,9195169
16622,9195169
16623,9195169
16625,9195169
16627,9195169
16628,9195169
16629,9195169
16630,9195169
16631,9195169
16632,9195169
16634,9195169
16635,9195169
16636,9195169
16637,9195169
16639,9195169
16640,9195169
16641,9195169
16642,9195169
16643,9195169
16644,9195169
16645,9195169
16646,9195169
16647,9195169
16648,9195169
16650,9195169
4302,9195200
4304,9195200
4305,9195200
4306,9195200
4307,9195200
4308,9195200
4309,9195200
4311,9195200
4312,9195200
4313,9195200
4314,9195200
4315,9195200
4316,9195200
4317,9195200
4318,9195200
4320,9195200
4321,9195200
4322,9195200
4323,9195200
4324,9195200
4326,9195200
4329,9195200
4330,9195200
4331,9195200
4332,9195200
4333,9195200
4334,9195200
4335,9195200
4336,9195200
4337,9195200
4338,9195200
4339,9195200
4340,9195200
4341,9195200
4342,9195200
4343,9195200
4344,9195200
4346,9195200
4347,9195200
4348,9195200
388051,9198355
388052,9198355
388053,9198355
388054,9198355
388055,9198355
388056,9198355
388057,9198355
388058,9198355
388059,9198355
388060,9198355
388061,9198355
388062,9198355
388065,9198355
388066,9198355
388067,9198355
388068,9198355
388069,9198355
388071,9198355
388072,9198355
388074,9198355
388076,9198355
388077,9198355
388078,9198355
388079,9198355
388080,9198355
388081,9198355
388082,9198355
388083,9198355
388084,9198355
388087,9198355
388088,9198355
388089,9198355
388091,9198355
388092,9198355
388094,9198355
388096,9198355
388097,9198355
388098,9198355
388099,9198355
388100,9198355
238152,9198367
238155,9198367
238156,9198367
238158,9198367
238159,9198367
238160,9198367
238162,9198367
238163,9198367
238164,9198367
238165,9198367
238166,9198367
238167,9198367
238168,9198367
238169,9198367
238170,9198367
238171,9198367
238172,9198367
238173,9198367
238175,9198367
238177,9198367
238178,9198367
238179,9198367
238180,9198367
238181,9198367
238182,9198367
238183,9198367
238184,9198367
238185,9198367
238186,9198367
238187,9198367
238188,9198367
238189,9198367
238192,9198367
238193,9198367
238194,9198367
238196,9198367
238197,9198367
238198,9198367
238199,9198367
238200,9198367
4151,9200938
4152,9200938
4154,9200938
4155,9200938
4156,9200938
4157,9200938
4158,9200938
4159,9200938
4160,9200938
4161,9200938
4162,9200938
4163,9200938
4164,9200938
4165,9200938
4166,9200938
4167,9200938
4168,9200938
4169,9200938
4170,9200938
4171,9200938
4173,9200938
4174,9200938
4175,9200938
4176,9200938
4177,9200938
4178,9200938
4181,9200938
4183,9200938
4185,9200938
4186,9200938
4187,9200938
4188,9200938
4189,9200938
4190,9200938
4191,9200938
4193,9200938
4194,9200938
4195,9200938
4198,9200938
4200,9200938
951,9200940
952,9200940
953,9200940
954,9200940
955,9200940
956,9200940
957,9200940
958,9200940
959,9200940
961,9200940
962,9200940
964,9200940
965,9200940
966,9200940
968,9200940
970,9200940
973,9200940
974,9200940
975,9200940
976,9200940
979,9200940
980,9200940
981,9200940
982,9200940
983,9200940
984,9200940
985,9200940
986,9200940
987,9200940
988,9200940
989,9200940
991,9200940
992,9200940
993,9200940
994,9200940
995,9200940
996,9200940
997,9200940
998,9200940
1000,9200940
294302,9210103
294303,9210103
294304,9210103
294305,9210103
294307,9210103
294309,9210103
294310,9210103
294311,9210103
294312,9210103
294313,9210103
294315,9210103
294316,9210103
294317,9210103
294318,9210103
294319,9210103
294320,9210103
294321,9210103
294322,9210103
294323,9210103
294324,9210103
294325,9210103
294327,9210103
294329,9210103
294330,9210103
294331,9210103
294332,9210103
294336,9210103
294338,9210103
294339,9210103
294340,9210103
294341,9210103
294342,9210103
294343,9210103
294344,9210103
294345,9210103
294346,9210103
294347,9210103
294348,9210103
294349,9210103
294350,9210103
8851,9210139
8852,9210139
8853,9210139
8854,9210139
8856,9210139
8857,9210139
8858,9210139
8860,9210139
8861,9210139
8862,9210139
8863,9210139
8864,9210139
8865,9210139
8866,9210139
8867,9210139
8868,9210139
8869,9210139
8870,9210139
8871,9210139
8872,9210139
8873,9210139
8875,9210139
8876,9210139
8878,9210139
8880,9210139
8882,9210139
8885,9210139
8887,9210139
8888,9210139
8889,9210139
8890,9210139
8891,9210139
8892,9210139
8893,9210139
8895,9210139
8896,9210139
8897,9210139
8898,9210139
8899,9210139
8900,9210139
2952,9210141
2953,9210141
2954,9210141
2955,9210141
2956,9210141
2957,9210141
2959,9210141
2960,9210141
2961,9210141
2962,9210141
2963,9210141
2964,9210141
2965,9210141
2966,9210141
2967,9210141
2968,9210141
2969,9210141
2970,9210141
2971,9210141
2972,9210141
2973,9210141
2974,9210141
2975,9210141
2977,9210141
2978,9210141
2979,9210141
2980,9210141
2981,9210141
2983,9210141
2984,9210141
2985,9210141
2986,9210141
2987,9210141
2988,9210141
2989,9210141
2990,9210141
2991,9210141
2996,9210141
2997,9210141
3000,9210141
3703,9210218
3704,9210218
3705,9210218
3706,9210218
3707,9210218
3709,9210218
3710,9210218
3711,9210218
3712,9210218
3713,9210218
3715,9210218
3717,9210218
3718,9210218
3719,9210218
3720,9210218
3722,9210218
3723,9210218
3724,9210218
3726,9210218
3727,9210218
3728,9210218
3729,9210218
3730,9210218
3732,9210218
3733,9210218
3734,9210218
3735,9210218
3736,9210218
3737,9210218
3738,9210218
3739,9210218
3742,9210218
3743,9210218
3744,9210218
3745,9210218
3746,9210218
3747,9210218
3748,9210218
3749,9210218
3750,9210218
1501,9210220
1502,9210220
1503,9210220
1504,9210220
1505,9210220
1506,9210220
1507,9210220
1509,9210220
1510,9210220
1511,9210220
1512,9210220
1513,9210220
1514,9210220
1515,9210220
1516,9210220
1517,9210220
1519,9210220
1521,9210220
1522,9210220
1524,9210220
1525,9210220
1527,9210220
1528,9210220
1529,9210220
1530,9210220
1532,9210220
1533,9210220
1534,9210220
1535,9210220
1536,9210220
1537,9210220
1538,9210220
1539,9210220
1541,9210220
1542,9210220
1543,9210220
1544,9210220
1545,9210220
1548,9210220
1550,9210220
130651,9212163
130652,9212163
130653,9212163
130656,9212163
130657,9212163
130658,9212163
130661,9212163
130662,9212163
130663,9212163
130664,9212163
130665,9212163
130666,9212163
130667,9212163
130669,9212163
130670,9212163
130671,9212163
130672,9212163
130673,9212163
130674,9212163
130675,9212163
130676,9212163
130678,9212163
130679,9212163
130680,9212163
130681,9212163
130683,9212163
130684,9212163
130685,9212163
130687,9212163
130688,9212163
130689,9212163
130690,9212163
130691,9212163
130692,9212163
130693,9212163
130694,9212163
130695,9212163
130696,9212163
130698,9212163
130699,9212163
45702,9221281
45703,9221281
45704,9221281
45706,9221281
45707,9221281
45708,9221281
45709,9221281
45710,9221281
45711,9221281
45712,9221281
45714,9221281
45715,9221281
45717,9221281
45718,9221281
45719,9221281
45720,9221281
45721,9221281
45723,9221281
45724,9221281
45725,9221281
45726,9221281
45727,9221281
45728,9221281
45729,9221281
45730,9221281
45731,9221281
45732,9221281
45733,9221281
45735,9221281
45736,9221281
45737,9221281
45738,9221281
45739,9221281
45740,9221281
45741,9221281
45742,9221281
45743,9221281
45744,9221281
45745,9221281
45750,9221281
12152,9221554
12153,9221554
12154,9221554
12155,9221554
12156,9221554
12157,9221554
12158,9221554
12160,9221554
12162,9221554
12163,9221554
12164,9221554
12166,9221554
12167,9221554
12168,9221554
12169,9221554
12170,9221554
12171,9221554
12172,9221554
12173,9221554
12174,9221554
12175,9221554
12176,9221554
12177,9221554
12178,9221554
12179,9221554
12180,9221554
12181,9221554
12182,9221554
12183,9221554
12185,9221554
12186,9221554
12187,9221554
12188,9221554
12189,9221554
12192,9221554
12193,9221554
12194,9221554
12196,9221554
12198,9221554
12199,9221554
34751,9224726
34752,9224726
34753,9224726
34755,9224726
34756,9224726
34758,9224726
34759,9224726
34761,9224726
34762,9224726
34763,9224726
34764,9224726
34765,9224726
34766,9224726
34767,9224726
34768,9224726
34769,9224726
34771,9224726
34772,9224726
34773,9224726
34774,9224726
34775,9224726
34777,9224726
34778,9224726
34779,9224726
34780,9224726
34781,9224726
34782,9224726
34783,9224726
34786,9224726
34787,9224726
34788,9224726
34789,9224726
34790,9224726
34791,9224726
34793,9224726
34795,9224726
34797,9224726
34798,9224726
34799,9224726
34800,9224726
45001,9226891
45003,9226891
45004,9226891
45005,9226891
45006,9226891
45007,9226891
45008,9226891
45009,9226891
45010,9226891
45011,9226891
45013,9226891
45015,9226891
45016,9226891
45017,9226891
45019,9226891
45020,9226891
45021,9226891
45022,9226891
45023,9226891
45024,9226891
45025,9226891
45026,9226891
45027,9226891
45028,9226891
45029,9226891
45030,9226891
45031,9226891
45032,9226891
45033,9226891
45034,9226891
45035,9226891
45037,9226891
45038,9226891
45039,9226891
45042,9226891
45043,9226891
45045,9226891
45046,9226891
45047,9226891
45048,9226891
351,9226906
352,9226906
353,9226906
354,9226906
355,9226906
356,9226906
357,9226906
358,9226906
359,9226906
361,9226906
363,9226906
364,9226906
365,9226906
367,9226906
368,9226906
369,9226906
372,9226906
374,9226906
376,9226906
377,9226906
378,9226906
380,9226906
383,9226906
384,9226906
385,9226906
386,9226906
387,9226906
388,9226906
389,9226906
390,9226906
391,9226906
392,9226906
393,9226906
394,9226906
395,9226906
396,9226906
397,9226906
398,9226906
399,9226906
400,9226906
4651,9227508
4653,9227508
4654,9227508
4655,9227508
4657,9227508
4658,9227508
4660,9227508
4661,9227508
4663,9227508
4664,9227508
4665,9227508
4666,9227508
4670,9227508
4671,9227508
4672,9227508
4673,9227508
4674,9227508
4675,9227508
4676,9227508
4677,9227508
4679,9227508
4680,9227508
4681,9227508
4682,9227508
4683,9227508
4685,9227508
4686,9227508
4687,9227508
4688,9227508
4689,9227508
4690,9227508
4691,9227508
4692,9227508
4693,9227508
4695,9227508
4696,9227508
4697,9227508
4698,9227508
4699,9227508
4700,9227508
124702,9227510
124703,9227510
124704,9227510
124705,9227510
124706,9227510
124707,9227510
124708,9227510
124709,9227510
124712,9227510
124713,9227510
124714,9227510
124716,9227510
124717,9227510
124718,9227510
124719,9227510
124720,9227510
124721,9227510
124722,9227510
124723,9227510
124724,9227510
124725,9227510
124726,9227510
124728,9227510
124731,9227510
124733,9227510
124734,9227510
124735,9227510
124736,9227510
124737,9227510
124738,9227510
124739,9227510
124740,9227510
124741,9227510
124743,9227510
124744,9227510
124745,9227510
124746,9227510
124748,9227510
124749,9227510
124750,9227510
137401,9228186
137404,9228186
137405,9228186
137406,9228186
137407,9228186
137408,9228186
137409,9228186
137410,9228186
137411,9228186
137412,9228186
137413,9228186
137416,9228186
137418,9228186
137419,9228186
137420,9228186
137421,9228186
137423,9228186
137425,9228186
137426,9228186
137427,9228186
137428,9228186
137429,9228186
137430,9228186
137432,9228186
137433,9228186
137435,9228186
137436,9228186
137437,9228186
137438,9228186
137439,9228186
137440,9228186
137441,9228186
137442,9228186
137443,9228186
137444,9228186
137445,9228186
137446,9228186
137447,9228186
137448,9228186
137449,9228186
16551,9228198
16552,9228198
16553,9228198
16554,9228198
16555,9228198
16556,9228198
16558,9228198
16559,9228198
16560,9228198
16561,9228198
16563,9228198
16564,9228198
16565,9228198
16566,9228198
16567,9228198
16568,9228198
16569,9228198
16570,9228198
16571,9228198
16572,9228198
16573,9228198
16575,9228198
16576,9228198
16578,9228198
16579,9228198
16580,9228198
16581,9228198
16583,9228198
16584,9228198
16585,9228198
16586,9228198
16587,9228198
16589,9228198
16592,9228198
16594,9228198
16595,9228198
16596,9228198
16597,9228198
16598,9228198
16600,9228198
105151,9229659
105152,9229659
105153,9229659
105154,9229659
105155,9229659
105156,9229659
105157,9229659
105158,9229659
105159,9229659
105162,9229659
105163,9229659
105164,9229659
105166,9229659
105167,9229659
105169,9229659
105170,9229659
105172,9229659
105173,9229659
105175,9229659
105176,9229659
105177,9229659
105178,9229659
105179,9229659
105180,9229659
105181,9229659
105183,9229659
105184,9229659
105186,9229659
105187,9229659
105188,9229659
105189,9229659
105190,9229659
105191,9229659
105192,9229659
105193,9229659
105194,9229659
105196,9229659
105197,9229659
105199,9229659
105200,9229659
85001,9230402
85002,9230402
85003,9230402
85004,9230402
85005,9230402
85006,9230402
85008,9230402
85009,9230402
85010,9230402
85011,9230402
85012,9230402
85013,9230402
85014,9230402
85015,9230402
85016,9230402
85017,9230402
85018,9230402
85019,9230402
85020,9230402
85021,9230402
85023,9230402
85025,9230402
85026,9230402
85027,9230402
85028,9230402
85029,9230402
85030,9230402
85032,9230402
85034,9230402
85035,9230402
85036,9230402
85037,9230402
85039,9230402
85041,9230402
85042,9230402
85043,9230402
85044,9230402
85047,9230402
85048,9230402
85050,9230402
260301,9230476
260302,9230476
260304,9230476
260305,9230476
260306,9230476
260307,9230476
260308,9230476
260309,9230476
260310,9230476
260313,9230476
260314,9230476
260316,9230476
260317,9230476
260318,9230476
260319,9230476
260320,9230476
260321,9230476
260322,9230476
260323,9230476
260324,9230476
260325,9230476
260326,9230476
260327,9230476
260328,9230476
260330,9230476
260331,9230476
260332,9230476
260333,9230476
260335,9230476
260337,9230476
260340,9230476
260341,9230476
260342,9230476
260343,9230476
260344,9230476
260345,9230476
260347,9230476
260348,9230476
260349,9230476
260350,9230476
266751,9235866
266752,9235866
266754,9235866
266755,9235866
266756,9235866
266757,9235866
266759,9235866
266761,9235866
266762,9235866
266764,9235866
266766,9235866
266767,9235866
266768,9235866
266769,9235866
266770,9235866
266771,9235866
266773,9235866
266775,9235866
266777,9235866
266778,9235866
266779,9235866
266781,9235866
266782,9235866
266783,9235866
266784,9235866
266785,9235866
266786,9235866
266787,9235866
266788,9235866
266789,9235866
266790,9235866
266791,9235866
266792,9235866
266793,9235866
266794,9235866
266795,9235866
266796,9235866
266797,9235866
266798,9235866
266799,9235866
5651,9237345
5652,9237345
5653,9237345
5654,9237345
5655,9237345
5656,9237345
5657,9237345
5658,9237345
5659,9237345
5661,9237345
5662,9237345
5664,9237345
5665,9237345
5666,9237345
5667,9237345
5668,9237345
5669,9237345
5671,9237345
5672,9237345
5673,9237345
5674,9237345
5676,9237345
5677,9237345
5678,9237345
5679,9237345
5681,9237345
5682,9237345
5683,9237345
5684,9237345
5685,9237345
5686,9237345
5688,9237345
5689,9237345
5690,9237345
5693,9237345
5695,9237345
5696,9237345
5698,9237345
5699,9237345
5700,9237345
308951,9237357
308952,9237357
308953,9237357
308954,9237357
308955,9237357
308956,9237357
308958,9237357
308959,9237357
308960,9237357
308961,9237357
308962,9237357
308963,9237357
308964,9237357
308966,9237357
308967,9237357
308970,9237357
308972,9237357
308973,9237357
308974,9237357
308975,9237357
308976,9237357
308977,9237357
308978,9237357
308979,9237357
308980,9237357
308981,9237357
308982,9237357
308983,9237357
308984,9237357
308985,9237357
308986,9237357
308988,9237357
308989,9237357
308990,9237357
308991,9237357
308995,9237357
308997,9237357
308998,9237357
308999,9237357
309000,9237357
1701,9239795
1703,9239795
1704,9239795
1705,9239795
1706,9239795
1707,9239795
1709,9239795
1710,9239795
1711,9239795
1712,9239795
1715,9239795
1716,9239795
1717,9239795
1720,9239795
1721,9239795
1722,9239795
1723,9239795
1724,9239795
1725,9239795
1726,9239795
1729,9239795
1730,9239795
1731,9239795
1733,9239795
1734,9239795
1735,9239795
1736,9239795
1737,9239795
1738,9239795
1739,9239795
1740,9239795
1741,9239795
1742,9239795
1743,9239795
1745,9239795
1746,9239795
1747,9239795
1748,9239795
1749,9239795
1750,9239795
1,9241061
2,9241061
3,9241061
4,9241061
5,9241061
6,9241061
7,9241061
8,9241061
10,9241061
11,9241061
12,9241061
13,9241061
14,9241061
16,9241061
17,9241061
18,9241061
19,9241061
20,9241061
22,9241061
23,9241061
25,9241061
27,9241061
28,9241061
29,9241061
30,9241061
31,9241061
32,9241061
33,9241061
34,9241061
35,9241061
36,9241061
37,9241061
39,9241061
41,9241061
43,9241061
44,9241061
46,9241061
47,9241061
48,9241061
50,9241061
1452,9243667
1453,9243667
1455,9243667
1456,9243667
1457,9243667
1458,9243667
1460,9243667
1462,9243667
1463,9243667
1464,9243667
1465,9243667
1466,9243667
1467,9243667
1468,9243667
1469,9243667
1470,9243667
1471,9243667
1472,9243667
1473,9243667
1476,9243667
1477,9243667
1478,9243667
1479,9243667
1480,9243667
1481,9243667
1482,9243667
1483,9243667
1484,9243667
1485,9243667
1486,9243667
1488,9243667
1490,9243667
1491,9243667
1492,9243667
1493,9243667
1494,9243667
1495,9243667
1497,9243667
1499,9243667
1500,9243667
386252,9293387
386253,9293387
386254,9293387
386255,9293387
386257,9293387
386259,9293387
386260,9293387
386261,9293387
386262,9293387
386263,9293387
386264,9293387
386266,9293387
386267,9293387
386268,9293387
386269,9293387
386270,9293387
386271,9293387
386272,9293387
386274,9293387
386277,9293387
386278,9293387
386280,9293387
386281,9293387
386282,9293387
386283,9293387
386284,9293387
386285,9293387
386286,9293387
386288,9293387
386289,9293387
386291,9293387
386292,9293387
386293,9293387
386294,9293387
386295,9293387
386296,9293387
386297,9293387
386298,9293387
386299,9293387
386300,9293387
300202,9295854
300203,9295854
300204,9295854
300205,9295854
300207,9295854
300208,9295854
300209,9295854
300210,9295854
300211,9295854
300212,9295854
300214,9295854
300216,9295854
300217,9295854
300219,9295854
300220,9295854
300221,9295854
300222,9295854
300223,9295854
300224,9295854
300225,9295854
300226,9295854
300227,9295854
300230,9295854
300231,9295854
300232,9295854
300233,9295854
300234,9295854
300235,9295854
300236,9295854
300237,9295854
300238,9295854
300241,9295854
300242,9295854
300243,9295854
300244,9295854
300245,9295854
300246,9295854
300247,9295854
300248,9295854
300250,9295854
113651,9299056
113652,9299056
113654,9299056
113655,9299056
113656,9299056
113657,9299056
113658,9299056
113659,9299056
113660,9299056
113661,9299056
113662,9299056
113663,9299056
113664,9299056
113665,9299056
113666,9299056
113667,9299056
113668,9299056
113669,9299056
113670,9299056
113671,9299056
113672,9299056
113673,9299056
113674,9299056
113678,9299056
113680,9299056
113683,9299056
113684,9299056
113685,9299056
113686,9299056
113687,9299056
113688,9299056
113689,9299056
113690,9299056
113691,9299056
113692,9299056
113693,9299056
113694,9299056
113695,9299056
113696,9299056
113699,9299056
3552,9304057
3553,9304057
3554,9304057
3556,9304057
3557,9304057
3558,9304057
3559,9304057
3560,9304057
3562,9304057
3563,9304057
3564,9304057
3565,9304057
3566,9304057
3567,9304057
3568,9304057
3571,9304057
3572,9304057
3573,9304057
3574,9304057
3575,9304057
3576,9304057
3577,9304057
3578,9304057
3580,9304057
3581,9304057
3582,9304057
3585,9304057
3586,9304057
3587,9304057
3588,9304057
3589,9304057
3592,9304057
3593,9304057
3594,9304057
3595,9304057
3596,9304057
3597,9304057
3598,9304057
3599,9304057
3600,9304057
2401,9320087
2402,9320087
2403,9320087
2404,9320087
2405,9320087
2406,9320087
2407,9320087
2408,9320087
2409,9320087
2410,9320087
2411,9320087
2412,9320087
2413,9320087
2414,9320087
2415,9320087
2416,9320087
2418,9320087
2419,9320087
2422,9320087
2423,9320087
2424,9320087
2425,9320087
2426,9320087
2427,9320087
2428,9320087
2429,9320087
2430,9320087
2432,9320087
2433,9320087
2436,9320087
2437,9320087
2438,9320087
2439,9320087
2440,9320087
2441,9320087
2442,9320087
2444,9320087
2448,9320087
2449,9320087
2450,9320087
2501,9320099
2502,9320099
2503,9320099
2504,9320099
2505,9320099
2507,9320099
2508,9320099
2509,9320099
2512,9320099
2513,9320099
2514,9320099
2515,9320099
2516,9320099
2517,9320099
2518,9320099
2519,9320099
2520,9320099
2521,9320099
2523,9320099
2524,9320099
2525,9320099
2526,9320099
2527,9320099
2529,9320099
2530,9320099
2531,9320099
2532,9320099
2533,9320099
2534,9320099
2535,9320099
2537,9320099
2538,9320099
2540,9320099
2541,9320099
2544,9320099
2545,9320099
2546,9320099
2547,9320099
2549,9320099
2550,9320099
13102,9320544
13104,9320544
13105,9320544
13106,9320544
13107,9320544
13109,9320544
13110,9320544
13111,9320544
13112,9320544
13113,9320544
13114,9320544
13115,9320544
13117,9320544
13118,9320544
13120,9320544
13121,9320544
13122,9320544
13124,9320544
13125,9320544
13126,9320544
13127,9320544
13128,9320544
13129,9320544
13131,9320544
13132,9320544
13133,9320544
13134,9320544
13135,9320544
13136,9320544
13137,9320544
13139,9320544
13140,9320544
13141,9320544
13142,9320544
13143,9320544
13144,9320544
13146,9320544
13148,9320544
13149,9320544
13150,9320544
146201,9329095
146202,9329095
146203,9329095
146204,9329095
146205,9329095
146206,9329095
146207,9329095
146208,9329095
146209,9329095
146210,9329095
146211,9329095
146212,9329095
146213,9329095
146214,9329095
146215,9329095
146219,9329095
146220,9329095
146221,9329095
146222,9329095
146223,9329095
146224,9329095
146225,9329095
146226,9329095
146227,9329095
146229,9329095
146230,9329095
146231,9329095
146232,9329095
146233,9329095
146235,9329095
146236,9329095
146239,9329095
146240,9329095
146241,9329095
146244,9329095
146245,9329095
146246,9329095
146247,9329095
146248,9329095
146249,9329095
3302,9333151
3303,9333151
3304,9333151
3307,9333151
3308,9333151
3309,9333151
3310,9333151
3311,9333151
3312,9333151
3313,9333151
3314,9333151
3315,9333151
3316,9333151
3317,9333151
3318,9333151
3320,9333151
3322,9333151
3323,9333151
3324,9333151
3325,9333151
3326,9333151
3328,9333151
3329,9333151
3331,9333151
3332,9333151
3333,9333151
3334,9333151
3335,9333151
3338,9333151
3339,9333151
3340,9333151
3341,9333151
3342,9333151
3343,9333151
3344,9333151
3345,9333151
3346,9333151
3348,9333151
3349,9333151
3350,9333151
17751,9334856
17753,9334856
17754,9334856
17755,9334856
17756,9334856
17757,9334856
17758,9334856
17759,9334856
17760,9334856
17761,9334856
17762,9334856
17763,9334856
17764,9334856
17765,9334856
17767,9334856
17768,9334856
17769,9334856
17771,9334856
17772,9334856
17773,9334856
17774,9334856
17776,9334856
17777,9334856
17779,9334856
17780,9334856
17781,9334856
17783,9334856
17785,9334856
17786,9334856
17787,9334856
17788,9334856
17789,9334856
17791,9334856
17792,9334856
17793,9334856
17794,9334856
17795,9334856
17797,9334856
17799,9334856
17800,9334856
259001,9336529
259002,9336529
259003,9336529
259004,9336529
259005,9336529
259006,9336529
259007,9336529
259008,9336529
259010,9336529
259011,9336529
259012,9336529
259013,9336529
259014,9336529
259015,9336529
259016,9336529
259017,9336529
259018,9336529
259020,9336529
259021,9336529
259022,9336529
259024,9336529
259025,9336529
259027,9336529
259028,9336529
259030,9336529
259032,9336529
259033,9336529
259035,9336529
259036,9336529
259037,9336529
259038,9336529
259039,9336529
259040,9336529
259041,9336529
259042,9336529
259043,9336529
259045,9336529
259046,9336529
259048,9336529
259050,9336529
25251,9355733
25253,9355733
25255,9355733
25256,9355733
25258,9355733
25259,9355733
25261,9355733
25263,9355733
25264,9355733
25265,9355733
25266,9355733
25267,9355733
25268,9355733
25269,9355733
25270,9355733
25271,9355733
25274,9355733
25275,9355733
25277,9355733
25278,9355733
25279,9355733
25280,9355733
25281,9355733
25282,9355733
25283,9355733
25284,9355733
25285,9355733
25286,9355733
25287,9355733
25288,9355733
25289,9355733
25290,9355733
25291,9355733
25292,9355733
25293,9355733
25294,9355733
25296,9355733
25297,9355733
25299,9355733
25300,9355733
6501,9362542
6502,9362542
6503,9362542
6504,9362542
6505,9362542
6506,9362542
6507,9362542
6509,9362542
6510,9362542
6512,9362542
6515,9362542
6516,9362542
6519,9362542
6520,9362542
6521,9362542
6523,9362542
6524,9362542
6525,9362542
6526,9362542
6527,9362542
6528,9362542
6529,9362542
6531,9362542
6532,9362542
6533,9362542
6534,9362542
6535,9362542
6536,9362542
6537,9362542
6538,9362542
6540,9362542
6541,9362542
6542,9362542
6543,9362542
6544,9362542
6545,9362542
6546,9362542
6547,9362542
6548,9362542
6550,9362542
241951,9364980
241952,9364980
241953,9364980
241954,9364980
241955,9364980
241957,9364980
241958,9364980
241959,9364980
241960,9364980
241961,9364980
241962,9364980
241963,9364980
241965,9364980
241967,9364980
241968,9364980
241969,9364980
241970,9364980
241971,9364980
241972,9364980
241974,9364980
241975,9364980
241976,9364980
241977,9364980
241978,9364980
241980,9364980
241982,9364980
241984,9364980
241986,9364980
241988,9364980
241989,9364980
241990,9364980
241991,9364980
241993,9364980
241994,9364980
241995,9364980
241996,9364980
241997,9364980
241998,9364980
241999,9364980
242000,9364980
21752,9378462
21754,9378462
21755,9378462
21756,9378462
21757,9378462
21758,9378462
21759,9378462
21760,9378462
21761,9378462
21762,9378462
21763,9378462
21764,9378462
21765,9378462
21766,9378462
21767,9378462
21768,9378462
21769,9378462
21771,9378462
21772,9378462
21773,9378462
21774,9378462
21776,9378462
21777,9378462
21779,9378462
21780,9378462
21782,9378462
21783,9378462
21784,9378462
21786,9378462
21788,9378462
21789,9378462
21792,9378462
21793,9378462
21794,9378462
21795,9378462
21796,9378462
21797,9378462
21798,9378462
21799,9378462
21800,9378462
2701,9378498
2702,9378498
2703,9378498
2704,9378498
2706,9378498
2707,9378498
2708,9378498
2709,9378498
2710,9378498
2711,9378498
2714,9378498
2715,9378498
2716,9378498
2718,9378498
2719,9378498
2720,9378498
2722,9378498
2723,9378498
2724,9378498
2726,9378498
2728,9378498
2729,9378498
2730,9378498
2731,9378498
2732,9378498
2733,9378498
2734,9378498
2735,9378498
2736,9378498
2737,9378498
2738,9378498
2739,9378498
2740,9378498
2742,9378498
2743,9378498
2744,9378498
2746,9378498
2747,9378498
2748,9378498
2749,9378498
129551,9383948
129552,9383948
129553,9383948
129554,9383948
129556,9383948
129557,9383948
129558,9383948
129559,9383948
129561,9383948
129562,9383948
129563,9383948
129564,9383948
129565,9383948
129566,9383948
129568,9383948
129569,9383948
129570,9383948
129571,9383948
129572,9383948
129574,9383948
129575,9383948
129576,9383948
129578,9383948
129580,9383948
129581,9383948
129582,9383948
129583,9383948
129584,9383948
129587,9383948
129588,9383948
129590,9383948
129591,9383948
129592,9383948
129593,9383948
129594,9383948
129595,9383948
129596,9383948
129598,9383948
129599,9383948
129600,9383948
3801,9387085
3802,9387085
3803,9387085
3804,9387085
3805,9387085
3807,9387085
3808,9387085
3810,9387085
3811,9387085
3812,9387085
3813,9387085
3814,9387085
3815,9387085
3817,9387085
3819,9387085
3820,9387085
3821,9387085
3822,9387085
3823,9387085
3825,9387085
3826,9387085
3827,9387085
3828,9387085
3830,9387085
3831,9387085
3833,9387085
3834,9387085
3835,9387085
3837,9387085
3838,9387085
3839,9387085
3841,9387085
3842,9387085
3843,9387085
3845,9387085
3846,9387085
3847,9387085
3848,9387085
3849,9387085
3850,9387085
322151,9398010
322153,9398010
322154,9398010
322155,9398010
322156,9398010
322157,9398010
322158,9398010
322161,9398010
322162,9398010
322163,9398010
322165,9398010
322166,9398010
322167,9398010
322168,9398010
322169,9398010
322170,9398010
322171,9398010
322172,9398010
322173,9398010
322174,9398010
322177,9398010
322179,9398010
322180,9398010
322181,9398010
322182,9398010
322184,9398010
322185,9398010
322186,9398010
322188,9398010
322189,9398010
322190,9398010
322191,9398010
322193,9398010
322194,9398010
322195,9398010
322196,9398010
322197,9398010
322198,9398010
322199,9398010
322200,9398010
4901,9398888
4902,9398888
4904,9398888
4905,9398888
4906,9398888
4907,9398888
4908,9398888
4910,9398888
4911,9398888
4912,9398888
4913,9398888
4914,9398888
4915,9398888
4916,9398888
4917,9398888
4919,9398888
4921,9398888
4922,9398888
4923,9398888
4924,9398888
4925,9398888
4926,9398888
4928,9398888
4929,9398888
4931,9398888
4932,9398888
4933,9398888
4934,9398888
4935,9398888
4936,9398888
4937,9398888
4939,9398888
4941,9398888
4942,9398888
4943,9398888
4944,9398888
4945,9398888
4946,9398888
4948,9398888
4949,9398888
4401,9398905
4403,9398905
4404,9398905
4405,9398905
4406,9398905
4407,9398905
4408,9398905
4409,9398905
4410,9398905
4411,9398905
4412,9398905
4413,9398905
4414,9398905
4415,9398905
4416,9398905
4418,9398905
4419,9398905
4420,9398905
4421,9398905
4423,9398905
4424,9398905
4425,9398905
4426,9398905
4429,9398905
4430,9398905
4431,9398905
4432,9398905
4433,9398905
4435,9398905
4438,9398905
4439,9398905
4440,9398905
4441,9398905
4444,9398905
4445,9398905
4446,9398905
4447,9398905
4448,9398905
4449,9398905
4450,9398905
5401,9398917
5403,9398917
5404,9398917
5406,9398917
5408,9398917
5409,9398917
5410,9398917
5412,9398917
5413,9398917
5414,9398917
5415,9398917
5417,9398917
5419,9398917
5420,9398917
5421,9398917
5422,9398917
5423,9398917
5424,9398917
5425,9398917
5427,9398917
5428,9398917
5429,9398917
5430,9398917
5431,9398917
5432,9398917
5433,9398917
5434,9398917
5435,9398917
5436,9398917
5437,9398917
5438,9398917
5439,9398917
5442,9398917
5443,9398917
5444,9398917
5445,9398917
5447,9398917
5448,9398917
5449,9398917
5450,9398917
4601,9404314
4602,9404314
4603,9404314
4604,9404314
4605,9404314
4606,9404314
4607,9404314
4609,9404314
4610,9404314
4611,9404314
4613,9404314
4614,9404314
4615,9404314
4616,9404314
4617,9404314
4618,9404314
4619,9404314
4620,9404314
4621,9404314
4622,9404314
4624,9404314
4625,9404314
4626,9404314
4628,9404314
4629,9404314
4630,9404314
4631,9404314
4632,9404314
4633,9404314
4635,9404314
4638,9404314
4639,9404314
4640,9404314
4641,9404314
4642,9404314
4645,9404314
4646,9404314
4648,9404314
4649,9404314
4650,9404314
10651,9410569
10652,9410569
10653,9410569
10654,9410569
10655,9410569
10656,9410569
10657,9410569
10658,9410569
10659,9410569
10661,9410569
10662,9410569
10663,9410569
10664,9410569
10665,9410569
10666,9410569
10669,9410569
10670,9410569
10671,9410569
10672,9410569
10674,9410569
10675,9410569
10676,9410569
10677,9410569
10678,9410569
10679,9410569
10681,9410569
10683,9410569
10684,9410569
10685,9410569
10686,9410569
10687,9410569
10688,9410569
10689,9410569
10690,9410569
10691,9410569
10692,9410569
10693,9410569
10694,9410569
10697,9410569
10700,9410569
10601,9417086
10602,9417086
10603,9417086
10604,9417086
10606,9417086
10607,9417086
10608,9417086
10611,9417086
10612,9417086
10613,9417086
10614,9417086
10616,9417086
10618,9417086
10619,9417086
10620,9417086
10621,9417086
10622,9417086
10623,9417086
10624,9417086
10625,9417086
10626,9417086
10627,9417086
10628,9417086
10630,9417086
10631,9417086
10632,9417086
10633,9417086
10634,9417086
10635,9417086
10637,9417086
10638,9417086
10639,9417086
10640,9417086
10642,9417086
10643,9417086
10644,9417086
10645,9417086
10647,9417086
10649,9417086
10650,9417086
101651,9432799
101652,9432799
101653,9432799
101654,9432799
101656,9432799
101657,9432799
101658,9432799
101660,9432799
101661,9432799
101662,9432799
101663,9432799
101665,9432799
101666,9432799
101667,9432799
101668,9432799
101669,9432799
101670,9432799
101671,9432799
101672,9432799
101673,9432799
101675,9432799
101676,9432799
101677,9432799
101678,9432799
101682,9432799
101683,9432799
101685,9432799
101686,9432799
101687,9432799
101689,9432799
101690,9432799
101691,9432799
101692,9432799
101693,9432799
101694,9432799
101695,9432799
101696,9432799
101697,9432799
101698,9432799
101700,9432799
16301,9437866
16302,9437866
16303,9437866
16304,9437866
16305,9437866
16306,9437866
16308,9437866
16310,9437866
16314,9437866
16315,9437866
16316,9437866
16317,9437866
16318,9437866
16319,9437866
16322,9437866
16323,9437866
16324,9437866
16325,9437866
16326,9437866
16327,9437866
16328,9437866
16329,9437866
16330,9437866
16331,9437866
16332,9437866
16333,9437866
16334,9437866
16335,9437866
16336,9437866
16337,9437866
16338,9437866
16339,9437866
16341,9437866
16342,9437866
16343,9437866
16345,9437866
16347,9437866
16348,9437866
16349,9437866
16350,9437866
9201,9451094
9202,9451094
9203,9451094
9204,9451094
9205,9451094
9206,9451094
9208,9451094
9209,9451094
9210,9451094
9211,9451094
9213,9451094
9216,9451094
9217,9451094
9218,9451094
9219,9451094
9220,9451094
9221,9451094
9222,9451094
9223,9451094
9224,9451094
9225,9451094
9226,9451094
9228,9451094
9229,9451094
9230,9451094
9231,9451094
9232,9451094
9233,9451094
9234,9451094
9236,9451094
9237,9451094
9239,9451094
9242,9451094
9243,9451094
9245,9451094
9246,9451094
9247,9451094
9248,9451094
9249,9451094
9250,9451094
851,9477438
853,9477438
854,9477438
855,9477438
856,9477438
857,9477438
858,9477438
860,9477438
861,9477438
863,9477438
865,9477438
866,9477438
867,9477438
868,9477438
869,9477438
870,9477438
871,9477438
872,9477438
874,9477438
876,9477438
877,9477438
878,9477438
879,9477438
880,9477438
881,9477438
882,9477438
883,9477438
884,9477438
885,9477438
886,9477438
887,9477438
889,9477438
890,9477438
892,9477438
893,9477438
894,9477438
895,9477438
896,9477438
899,9477438
900,9477438
48303,9479852
48305,9479852
48306,9479852
48307,9479852
48309,9479852
48310,9479852
48311,9479852
48313,9479852
48314,9479852
48315,9479852
48316,9479852
48317,9479852
48318,9479852
48319,9479852
48320,9479852
48321,9479852
48322,9479852
48323,9479852
48324,9479852
48325,9479852
48326,9479852
48328,9479852
48329,9479852
48330,9479852
48331,9479852
48332,9479852
48335,9479852
48336,9479852
48337,9479852
48338,9479852
48339,9479852
48340,9479852
48341,9479852
48342,9479852
48343,9479852
48344,9479852
48345,9479852
48346,9479852
48347,9479852
48350,9479852
82301,9479864
82303,9479864
82304,9479864
82306,9479864
82307,9479864
82308,9479864
82310,9479864
82311,9479864
82315,9479864
82316,9479864
82317,9479864
82318,9479864
82319,9479864
82320,9479864
82321,9479864
82322,9479864
82323,9479864
82324,9479864
82325,9479864
82327,9479864
82328,9479864
82330,9479864
82331,9479864
82332,9479864
82333,9479864
82334,9479864
82335,9479864
82336,9479864
82337,9479864
82338,9479864
82339,9479864
82341,9479864
82342,9479864
82343,9479864
82344,9479864
82345,9479864
82347,9479864
82348,9479864
82349,9479864
82350,9479864
5351,9490040
5352,9490040
5353,9490040
5354,9490040
5357,9490040
5358,9490040
5359,9490040
5360,9490040
5362,9490040
5363,9490040
5364,9490040
5366,9490040
5367,9490040
5368,9490040
5370,9490040
5371,9490040
5372,9490040
5373,9490040
5374,9490040
5375,9490040
5376,9490040
5379,9490040
5380,9490040
5381,9490040
5382,9490040
5384,9490040
5385,9490040
5387,9490040
5388,9490040
5389,9490040
5390,9490040
5391,9490040
5392,9490040
5394,9490040
5395,9490040
5396,9490040
5397,9490040
5398,9490040
5399,9490040
5400,9490040
24201,9490052
24202,9490052
24203,9490052
24204,9490052
24207,9490052
24208,9490052
24209,9490052
24210,9490052
24211,9490052
24212,9490052
24213,9490052
24214,9490052
24215,9490052
24216,9490052
24217,9490052
24218,9490052
24219,9490052
24221,9490052
24222,9490052
24223,9490052
24224,9490052
24225,9490052
24226,9490052
24227,9490052
24231,9490052
24232,9490052
24233,9490052
24234,9490052
24235,9490052
24236,9490052
24237,9490052
24238,9490052
24239,9490052
24242,9490052
24244,9490052
24246,9490052
24247,9490052
24248,9490052
24249,9490052
24250,9490052
7451,9502506
7452,9502506
7453,9502506
7455,9502506
7456,9502506
7457,9502506
7458,9502506
7459,9502506
7460,9502506
7462,9502506
7464,9502506
7465,9502506
7466,9502506
7467,9502506
7468,9502506
7469,9502506
7470,9502506
7471,9502506
7473,9502506
7474,9502506
7475,9502506
7477,9502506
7478,9502506
7479,9502506
7480,9502506
7481,9502506
7483,9502506
7484,9502506
7485,9502506
7486,9502506
7487,9502506
7488,9502506
7489,9502506
7490,9502506
7491,9502506
7492,9502506
7496,9502506
7497,9502506
7498,9502506
7499,9502506
346251,9512537
346252,9512537
346253,9512537
346254,9512537
346255,9512537
346256,9512537
346257,9512537
346258,9512537
346259,9512537
346261,9512537
346262,9512537
346263,9512537
346264,9512537
346265,9512537
346266,9512537
346267,9512537
346269,9512537
346270,9512537
346272,9512537
346273,9512537
346274,9512537
346275,9512537
346276,9512537
346278,9512537
346279,9512537
346280,9512537
346281,9512537
346282,9512537
346283,9512537
346285,9512537
346286,9512537
346287,9512537
346288,9512537
346289,9512537
346294,9512537
346295,9512537
346296,9512537
346297,9512537
346298,9512537
346299,9512537
206651,9555723
206653,9555723
206654,9555723
206655,9555723
206656,9555723
206657,9555723
206658,9555723
206659,9555723
206660,9555723
206661,9555723
206663,9555723
206664,9555723
206665,9555723
206668,9555723
206669,9555723
206670,9555723
206671,9555723
206673,9555723
206674,9555723
206675,9555723
206676,9555723
206678,9555723
206679,9555723
206680,9555723
206684,9555723
206685,9555723
206686,9555723
206687,9555723
206688,9555723
206689,9555723
206690,9555723
206691,9555723
206692,9555723
206693,9555723
206694,9555723
206695,9555723
206696,9555723
206697,9555723
206698,9555723
206699,9555723
22101,9584712
22102,9584712
22103,9584712
22104,9584712
22105,9584712
22108,9584712
22110,9584712
22111,9584712
22113,9584712
22114,9584712
22115,9584712
22117,9584712
22118,9584712
22119,9584712
22120,9584712
22121,9584712
22122,9584712
22123,9584712
22124,9584712
22125,9584712
22126,9584712
22127,9584712
22128,9584712
22129,9584712
22130,9584712
22132,9584712
22133,9584712
22134,9584712
22136,9584712
22137,9584712
22138,9584712
22139,9584712
22141,9584712
22142,9584712
22143,9584712
22144,9584712
22145,9584712
22146,9584712
22148,9584712
22150,9584712
13502,9585285
13503,9585285
13504,9585285
13506,9585285
13507,9585285
13508,9585285
13510,9585285
13511,9585285
13513,9585285
13515,9585285
13516,9585285
13517,9585285
13518,9585285
13519,9585285
13520,9585285
13521,9585285
13522,9585285
13523,9585285
13524,9585285
13525,9585285
13526,9585285
13527,9585285
13528,9585285
13529,9585285
13531,9585285
13532,9585285
13533,9585285
13536,9585285
13537,9585285
13539,9585285
13540,9585285
13541,9585285
13542,9585285
13543,9585285
13544,9585285
13545,9585285
13546,9585285
13547,9585285
13548,9585285
13550,9585285
9701,9601132
9702,9601132
9703,9601132
9704,9601132
9705,9601132
9707,9601132
9708,9601132
9709,9601132
9710,9601132
9712,9601132
9713,9601132
9714,9601132
9715,9601132
9716,9601132
9717,9601132
9718,9601132
9719,9601132
9720,9601132
9723,9601132
9724,9601132
9726,9601132
9728,9601132
9729,9601132
9730,9601132
9731,9601132
9732,9601132
9733,9601132
9734,9601132
9735,9601132
9736,9601132
9737,9601132
9738,9601132
9739,9601132
9740,9601132
9742,9601132
9743,9601132
9744,9601132
9745,9601132
9747,9601132
9750,9601132
9651,9616230
9652,9616230
9653,9616230
9654,9616230
9657,9616230
9658,9616230
9660,9616230
9661,9616230
9662,9616230
9663,9616230
9664,9616230
9665,9616230
9666,9616230
9667,9616230
9668,9616230
9669,9616230
9670,9616230
9672,9616230
9673,9616230
9674,9616230
9675,9616230
9679,9616230
9680,9616230
9683,9616230
9684,9616230
9685,9616230
9686,9616230
9687,9616230
9689,9616230
9690,9616230
9691,9616230
9692,9616230
9693,9616230
9694,9616230
9695,9616230
9696,9616230
9697,9616230
9698,9616230
9699,9616230
9700,9616230
48251,9641730
48253,9641730
48256,9641730
48259,9641730
48260,9641730
48261,9641730
48262,9641730
48263,9641730
48264,9641730
48265,9641730
48267,9641730
48268,9641730
48269,9641730
48270,9641730
48271,9641730
48272,9641730
48273,9641730
48274,9641730
48276,9641730
48277,9641730
48278,9641730
48279,9641730
48280,9641730
48281,9641730
48282,9641730
48283,9641730
48284,9641730
48285,9641730
48287,9641730
48289,9641730
48290,9641730
48291,9641730
48292,9641730
48294,9641730
48295,9641730
48296,9641730
48297,9641730
48298,9641730
48299,9641730
48300,9641730
166552,9650418
166553,9650418
166554,9650418
166555,9650418
166556,9650418
166558,9650418
166559,9650418
166560,9650418
166564,9650418
166565,9650418
166566,9650418
166567,9650418
166568,9650418
166569,9650418
166570,9650418
166571,9650418
166572,9650418
166574,9650418
166575,9650418
166576,9650418
166577,9650418
166578,9650418
166579,9650418
166580,9650418
166581,9650418
166582,9650418
166583,9650418
166584,9650418
166587,9650418
166588,9650418
166589,9650418
166590,9650418
166591,9650418
166592,9650418
166594,9650418
166595,9650418
166596,9650418
166598,9650418
166599,9650418
166600,9650418
373401,9657090
373402,9657090
373404,9657090
373405,9657090
373406,9657090
373409,9657090
373411,9657090
373412,9657090
373413,9657090
373415,9657090
373416,9657090
373417,9657090
373418,9657090
373419,9657090
373420,9657090
373421,9657090
373422,9657090
373423,9657090
373424,9657090
373425,9657090
373426,9657090
373429,9657090
373430,9657090
373432,9657090
373433,9657090
373434,9657090
373435,9657090
373436,9657090
373437,9657090
373438,9657090
373440,9657090
373441,9657090
373442,9657090
373443,9657090
373444,9657090
373445,9657090
373447,9657090
373448,9657090
373449,9657090
373450,9657090
