216151,5044893
216155,5044893
216156,5044893
216157,5044893
216161,5044893
216162,5044893
216163,5044893
216164,5044893
216166,5044893
216167,5044893
216168,5044893
216169,5044893
216170,5044893
216171,5044893
216172,5044893
216173,5044893
216174,5044893
216175,5044893
216176,5044893
216177,5044893
216178,5044893
216179,5044893
216180,5044893
216181,5044893
216182,5044893
216183,5044893
216184,5044893
216185,5044893
216186,5044893
216187,5044893
216188,5044893
216189,5044893
216190,5044893
216191,5044893
216193,5044893
216195,5044893
216196,5044893
216198,5044893
216199,5044893
216200,5044893
276854,5103924
276855,5103924
276856,5103924
276857,5103924
276858,5103924
276859,5103924
276861,5103924
276862,5103924
276863,5103924
276864,5103924
276865,5103924
276866,5103924
276867,5103924
276868,5103924
276869,5103924
276870,5103924
276871,5103924
276872,5103924
276873,5103924
276874,5103924
276875,5103924
276876,5103924
276878,5103924
276879,5103924
276880,5103924
276882,5103924
276883,5103924
276885,5103924
276886,5103924
276887,5103924
276888,5103924
276889,5103924
276892,5103924
276893,5103924
276894,5103924
276895,5103924
276896,5103924
276897,5103924
276898,5103924
276899,5103924
36752,5119143
36753,5119143
36755,5119143
36756,5119143
36757,5119143
36760,5119143
36761,5119143
36762,5119143
36763,5119143
36764,5119143
36765,5119143
36766,5119143
36767,5119143
36768,5119143
36769,5119143
36770,5119143
36771,5119143
36772,5119143
36773,5119143
36774,5119143
36775,5119143
36777,5119143
36778,5119143
36780,5119143
36781,5119143
36784,5119143
36785,5119143
36787,5119143
36788,5119143
36789,5119143
36790,5119143
36791,5119143
36793,5119143
36794,5119143
36795,5119143
36796,5119143
36797,5119143
36798,5119143
36799,5119143
36800,5119143
15252,5142657
15254,5142657
15255,5142657
15256,5142657
15257,5142657
15258,5142657
15259,5142657
15260,5142657
15261,5142657
15262,5142657
15263,5142657
15264,5142657
15265,5142657
15266,5142657
15268,5142657
15269,5142657
15271,5142657
15272,5142657
15273,5142657
15274,5142657
15275,5142657
15276,5142657
15277,5142657
15278,5142657
15279,5142657
15281,5142657
15282,5142657
15283,5142657
15284,5142657
15285,5142657
15286,5142657
15290,5142657
15291,5142657
15292,5142657
15294,5142657
15295,5142657
15296,5142657
15298,5142657
15299,5142657
15300,5142657
252051,5240904
252052,5240904
252053,5240904
252054,5240904
252055,5240904
252057,5240904
252058,5240904
252059,5240904
252061,5240904
252062,5240904
252064,5240904
252065,5240904
252067,5240904
252068,5240904
252069,5240904
252070,5240904
252071,5240904
252072,5240904
252073,5240904
252074,5240904
252075,5240904
252077,5240904
252078,5240904
252079,5240904
252080,5240904
252083,5240904
252084,5240904
252085,5240904
252086,5240904
252087,5240904
252088,5240904
252089,5240904
252092,5240904
252093,5240904
252094,5240904
252095,5240904
252096,5240904
252097,5240904
252098,5240904
252099,5240904
52101,5260679
52102,5260679
52103,5260679
52105,5260679
52106,5260679
52107,5260679
52108,5260679
52109,5260679
52112,5260679
52113,5260679
52115,5260679
52117,5260679
52118,5260679
52120,5260679
52121,5260679
52122,5260679
52123,5260679
52124,5260679
52125,5260679
52126,5260679
52127,5260679
52128,5260679
52129,5260679
52132,5260679
52133,5260679
52134,5260679
52135,5260679
52136,5260679
52137,5260679
52138,5260679
52139,5260679
52140,5260679
52141,5260679
52142,5260679
52143,5260679
52145,5260679
52146,5260679
52147,5260679
52148,5260679
52150,5260679
9351,5282483
9353,5282483
9354,5282483
9355,5282483
9356,5282483
9357,5282483
9358,5282483
9360,5282483
9361,5282483
9363,5282483
9364,5282483
9365,5282483
9366,5282483
9367,5282483
9368,5282483
9369,5282483
9370,5282483
9371,5282483
9372,5282483
9373,5282483
9374,5282483
9376,5282483
9377,5282483
9378,5282483
9379,5282483
9380,5282483
9382,5282483
9383,5282483
9385,5282483
9387,5282483
9388,5282483
9389,5282483
9391,5282483
9393,5282483
9395,5282483
9396,5282483
9397,5282483
9398,5282483
9399,5282483
9400,5282483
5851,5282627
5852,5282627
5853,5282627
5854,5282627
5855,5282627
5856,5282627
5857,5282627
5858,5282627
5859,5282627
5860,5282627
5864,5282627
5866,5282627
5868,5282627
5869,5282627
5870,5282627
5871,5282627
5872,5282627
5873,5282627
5875,5282627
5876,5282627
5878,5282627
5879,5282627
5880,5282627
5881,5282627
5882,5282627
5884,5282627
5885,5282627
5887,5282627
5888,5282627
5889,5282627
5890,5282627
5891,5282627
5892,5282627
5893,5282627
5894,5282627
5895,5282627
5896,5282627
5898,5282627
5899,5282627
5900,5282627
373102,5298652
373103,5298652
373104,5298652
373105,5298652
373108,5298652
373109,5298652
373111,5298652
373112,5298652
373113,5298652
373114,5298652
373115,5298652
373117,5298652
373118,5298652
373119,5298652
373121,5298652
373122,5298652
373123,5298652
373124,5298652
373125,5298652
373126,5298652
373127,5298652
373128,5298652
373129,5298652
373130,5298652
373131,5298652
373132,5298652
373133,5298652
373134,5298652
373135,5298652
373136,5298652
373137,5298652
373138,5298652
373139,5298652
373140,5298652
373142,5298652
373143,5298652
373144,5298652
373146,5298652
373149,5298652
373150,5298652
252001,5344592
252002,5344592
252003,5344592
252004,5344592
252007,5344592
252009,5344592
252010,5344592
252011,5344592
252013,5344592
252014,5344592
252015,5344592
252016,5344592
252018,5344592
252019,5344592
252020,5344592
252021,5344592
252022,5344592
252023,5344592
252024,5344592
252025,5344592
252026,5344592
252027,5344592
252028,5344592
252030,5344592
252031,5344592
252032,5344592
252033,5344592
252034,5344592
252035,5344592
252036,5344592
252037,5344592
252038,5344592
252040,5344592
252041,5344592
252043,5344592
252044,5344592
252046,5344592
252047,5344592
252049,5344592
252050,5344592
12001,5386954
12002,5386954
12004,5386954
12005,5386954
12006,5386954
12007,5386954
12008,5386954
12009,5386954
12010,5386954
12011,5386954
12012,5386954
12014,5386954
12015,5386954
12016,5386954
12019,5386954
12020,5386954
12021,5386954
12022,5386954
12023,5386954
12025,5386954
12026,5386954
12027,5386954
12028,5386954
12029,5386954
12030,5386954
12032,5386954
12033,5386954
12034,5386954
12035,5386954
12036,5386954
12037,5386954
12038,5386954
12039,5386954
12040,5386954
12041,5386954
12042,5386954
12043,5386954
12046,5386954
12047,5386954
12049,5386954
201851,6409351
201852,6409351
201853,6409351
201854,6409351
201855,6409351
201856,6409351
201858,6409351
201859,6409351
201860,6409351
201861,6409351
201862,6409351
201863,6409351
201864,6409351
201865,6409351
201866,6409351
201867,6409351
201868,6409351
201869,6409351
201870,6409351
201871,6409351
201873,6409351
201874,6409351
201876,6409351
201877,6409351
201879,6409351
201882,6409351
201884,6409351
201885,6409351
201887,6409351
201888,6409351
201890,6409351
201891,6409351
201892,6409351
201893,6409351
201894,6409351
201895,6409351
201896,6409351
201898,6409351
201899,6409351
201900,6409351
4351,6416043
4352,6416043
4353,6416043
4354,6416043
4356,6416043
4357,6416043
4358,6416043
4359,6416043
4361,6416043
4364,6416043
4365,6416043
4366,6416043
4367,6416043
4368,6416043
4369,6416043
4370,6416043
4372,6416043
4373,6416043
4375,6416043
4378,6416043
4379,6416043
4380,6416043
4381,6416043
4382,6416043
4383,6416043
4384,6416043
4385,6416043
4386,6416043
4387,6416043
4388,6416043
4390,6416043
4391,6416043
4392,6416043
4393,6416043
4394,6416043
4395,6416043
4396,6416043
4397,6416043
4399,6416043
4400,6416043
702,6417097
703,6417097
704,6417097
705,6417097
707,6417097
708,6417097
710,6417097
711,6417097
712,6417097
715,6417097
718,6417097
719,6417097
720,6417097
721,6417097
722,6417097
723,6417097
724,6417097
725,6417097
726,6417097
727,6417097
728,6417097
729,6417097
730,6417097
731,6417097
732,6417097
733,6417097
734,6417097
735,6417097
737,6417097
738,6417097
739,6417097
740,6417097
742,6417097
743,6417097
745,6417097
746,6417097
747,6417097
748,6417097
749,6417097
750,6417097
132651,6513994
132652,6513994
132653,6513994
132654,6513994
132655,6513994
132656,6513994
132658,6513994
132659,6513994
132660,6513994
132661,6513994
132663,6513994
132665,6513994
132666,6513994
132667,6513994
132668,6513994
132669,6513994
132672,6513994
132673,6513994
132674,6513994
132675,6513994
132676,6513994
132677,6513994
132678,6513994
132679,6513994
132680,6513994
132681,6513994
132682,6513994
132684,6513994
132686,6513994
132687,6513994
132688,6513994
132689,6513994
132690,6513994
132691,6513994
132692,6513994
132693,6513994
132694,6513994
132697,6513994
132699,6513994
132700,6513994
7351,6602898
7352,6602898
7353,6602898
7355,6602898
7356,6602898
7357,6602898
7360,6602898
7361,6602898
7362,6602898
7363,6602898
7364,6602898
7366,6602898
7367,6602898
7369,6602898
7370,6602898
7371,6602898
7373,6602898
7374,6602898
7375,6602898
7376,6602898
7377,6602898
7378,6602898
7379,6602898
7381,6602898
7382,6602898
7383,6602898
7384,6602898
7385,6602898
7387,6602898
7388,6602898
7389,6602898
7390,6602898
7391,6602898
7392,6602898
7393,6602898
7394,6602898
7395,6602898
7397,6602898
7398,6602898
7399,6602898
129101,6604834
129102,6604834
129104,6604834
129105,6604834
129107,6604834
129109,6604834
129110,6604834
129111,6604834
129112,6604834
129113,6604834
129114,6604834
129115,6604834
129116,6604834
129117,6604834
129118,6604834
129119,6604834
129120,6604834
129121,6604834
129123,6604834
129124,6604834
129125,6604834
129126,6604834
129128,6604834
129129,6604834
129130,6604834
129132,6604834
129133,6604834
129135,6604834
129136,6604834
129137,6604834
129138,6604834
129139,6604834
129140,6604834
129141,6604834
129143,6604834
129144,6604834
129146,6604834
129147,6604834
129149,6604834
129150,6604834
336505,6611863
336506,6611863
336507,6611863
336508,6611863
336509,6611863
336510,6611863
336511,6611863
336513,6611863
336514,6611863
336516,6611863
336517,6611863
336518,6611863
336519,6611863
336520,6611863
336521,6611863
336522,6611863
336523,6611863
336526,6611863
336527,6611863
336528,6611863
336529,6611863
336531,6611863
336532,6611863
336533,6611863
336534,6611863
336535,6611863
336536,6611863
336537,6611863
336538,6611863
336539,6611863
336540,6611863
336542,6611863
336543,6611863
336544,6611863
336545,6611863
336546,6611863
336547,6611863
336548,6611863
336549,6611863
336550,6611863
46102,6613328
46103,6613328
46104,6613328
46105,6613328
46106,6613328
46108,6613328
46109,6613328
46110,6613328
46112,6613328
46113,6613328
46114,6613328
46115,6613328
46116,6613328
46118,6613328
46119,6613328
46120,6613328
46123,6613328
46124,6613328
46125,6613328
46126,6613328
46127,6613328
46129,6613328
46130,6613328
46131,6613328
46132,6613328
46133,6613328
46134,6613328
46135,6613328
46136,6613328
46137,6613328
46139,6613328
46141,6613328
46142,6613328
46143,6613328
46145,6613328
46146,6613328
46147,6613328
46148,6613328
46149,6613328
46150,6613328
101,6725418
102,6725418
103,6725418
104,6725418
105,6725418
106,6725418
107,6725418
108,6725418
110,6725418
112,6725418
113,6725418
114,6725418
115,6725418
116,6725418
117,6725418
120,6725418
124,6725418
125,6725418
126,6725418
127,6725418
129,6725418
130,6725418
132,6725418
133,6725418
134,6725418
135,6725418
136,6725418
138,6725418
139,6725418
140,6725418
141,6725418
142,6725418
143,6725418
144,6725418
145,6725418
146,6725418
147,6725418
148,6725418
149,6725418
150,6725418
4701,6810627
4702,6810627
4703,6810627
4705,6810627
4706,6810627
4707,6810627
4708,6810627
4709,6810627
4710,6810627
4711,6810627
4712,6810627
4713,6810627
4714,6810627
4716,6810627
4717,6810627
4718,6810627
4719,6810627
4720,6810627
4721,6810627
4723,6810627
4724,6810627
4725,6810627
4727,6810627
4728,6810627
4729,6810627
4730,6810627
4731,6810627
4732,6810627
4734,6810627
4736,6810627
4737,6810627
4739,6810627
4740,6810627
4742,6810627
4743,6810627
4745,6810627
4746,6810627
4748,6810627
4749,6810627
4750,6810627
10551,6910544
10553,6910544
10556,6910544
10557,6910544
10559,6910544
10560,6910544
10561,6910544
10562,6910544
10563,6910544
10566,6910544
10567,6910544
10568,6910544
10569,6910544
10570,6910544
10571,6910544
10572,6910544
10573,6910544
10574,6910544
10575,6910544
10577,6910544
10579,6910544
10580,6910544
10581,6910544
10582,6910544
10583,6910544
10584,6910544
10585,6910544
10586,6910544
10587,6910544
10588,6910544
10589,6910544
10590,6910544
10592,6910544
10593,6910544
10594,6910544
10595,6910544
10596,6910544
10598,6910544
10599,6910544
10600,6910544
69102,7005190
69103,7005190
69106,7005190
69107,7005190
69108,7005190
69109,7005190
69110,7005190
69111,7005190
69113,7005190
69114,7005190
69115,7005190
69117,7005190
69118,7005190
69119,7005190
69120,7005190
69121,7005190
69124,7005190
69125,7005190
69126,7005190
69127,7005190
69128,7005190
69129,7005190
69130,7005190
69131,7005190
69132,7005190
69133,7005190
69134,7005190
69136,7005190
69138,7005190
69139,7005190
69141,7005190
69142,7005190
69143,7005190
69144,7005190
69145,7005190
69146,7005190
69147,7005190
69148,7005190
69149,7005190
69150,7005190
132601,7032997
132602,7032997
132604,7032997
132605,7032997
132606,7032997
132607,7032997
132609,7032997
132610,7032997
132611,7032997
132612,7032997
132614,7032997
132615,7032997
132617,7032997
132619,7032997
132620,7032997
132622,7032997
132623,7032997
132624,7032997
132625,7032997
132626,7032997
132627,7032997
132628,7032997
132629,7032997
132630,7032997
132631,7032997
132633,7032997
132634,7032997
132635,7032997
132636,7032997
132637,7032997
132639,7032997
132641,7032997
132642,7032997
132643,7032997
132644,7032997
132645,7032997
132646,7032997
132648,7032997
132649,7032997
132650,7032997
2153,7108514
2154,7108514
2155,7108514
2156,7108514
2157,7108514
2160,7108514
2162,7108514
2163,7108514
2164,7108514
2165,7108514
2167,7108514
2168,7108514
2169,7108514
2170,7108514
2171,7108514
2172,7108514
2173,7108514
2174,7108514
2175,7108514
2176,7108514
2178,7108514
2179,7108514
2180,7108514
2181,7108514
2182,7108514
2183,7108514
2184,7108514
2185,7108514
2186,7108514
2188,7108514
2189,7108514
2190,7108514
2192,7108514
2193,7108514
2194,7108514
2195,7108514
2197,7108514
2198,7108514
2199,7108514
2200,7108514
142101,7214545
142102,7214545
142104,7214545
142105,7214545
142107,7214545
142108,7214545
142110,7214545
142111,7214545
142112,7214545
142113,7214545
142114,7214545
142115,7214545
142116,7214545
142118,7214545
142119,7214545
142120,7214545
142121,7214545
142122,7214545
142123,7214545
142124,7214545
142125,7214545
142126,7214545
142127,7214545
142129,7214545
142130,7214545
142131,7214545
142133,7214545
142134,7214545
142137,7214545
142138,7214545
142139,7214545
142140,7214545
142141,7214545
142142,7214545
142143,7214545
142144,7214545
142146,7214545
142147,7214545
142148,7214545
142150,7214545
201,7214715
202,7214715
203,7214715
204,7214715
205,7214715
206,7214715
207,7214715
208,7214715
209,7214715
210,7214715
211,7214715
212,7214715
213,7214715
214,7214715
215,7214715
218,7214715
221,7214715
222,7214715
223,7214715
224,7214715
226,7214715
227,7214715
229,7214715
230,7214715
231,7214715
232,7214715
234,7214715
235,7214715
237,7214715
238,7214715
239,7214715
240,7214715
242,7214715
243,7214715
244,7214715
245,7214715
246,7214715
248,7214715
249,7214715
250,7214715
1801,7218395
1802,7218395
1803,7218395
1804,7218395
1805,7218395
1806,7218395
1807,7218395
1808,7218395
1809,7218395
1812,7218395
1813,7218395
1814,7218395
1816,7218395
1817,7218395
1818,7218395
1819,7218395
1820,7218395
1822,7218395
1823,7218395
1825,7218395
1827,7218395
1828,7218395
1830,7218395
1831,7218395
1833,7218395
1834,7218395
1835,7218395
1837,7218395
1838,7218395
1839,7218395
1840,7218395
1841,7218395
1842,7218395
1843,7218395
1844,7218395
1845,7218395
1846,7218395
1847,7218395
1848,7218395
1850,7218395
230151,7302914
230152,7302914
230153,7302914
230154,7302914
230155,7302914
230157,7302914
230158,7302914
230159,7302914
230161,7302914
230162,7302914
230163,7302914
230164,7302914
230166,7302914
230167,7302914
230168,7302914
230169,7302914
230170,7302914
230171,7302914
230173,7302914
230174,7302914
230175,7302914
230177,7302914
230178,7302914
230179,7302914
230180,7302914
230181,7302914
230182,7302914
230183,7302914
230186,7302914
230187,7302914
230188,7302914
230189,7302914
230190,7302914
230192,7302914
230193,7302914
230195,7302914
230196,7302914
230197,7302914
230198,7302914
230199,7302914
451,7304314
452,7304314
453,7304314
454,7304314
455,7304314
456,7304314
457,7304314
459,7304314
460,7304314
462,7304314
463,7304314
464,7304314
465,7304314
467,7304314
468,7304314
469,7304314
471,7304314
472,7304314
473,7304314
475,7304314
476,7304314
478,7304314
479,7304314
480,7304314
482,7304314
484,7304314
485,7304314
486,7304314
487,7304314
488,7304314
489,7304314
491,7304314
493,7304314
494,7304314
495,7304314
496,7304314
497,7304314
498,7304314
499,7304314
500,7304314
3501,7347536
3502,7347536
3503,7347536
3505,7347536
3506,7347536
3507,7347536
3510,7347536
3511,7347536
3512,7347536
3513,7347536
3514,7347536
3515,7347536
3517,7347536
3518,7347536
3520,7347536
3522,7347536
3523,7347536
3524,7347536
3525,7347536
3527,7347536
3528,7347536
3529,7347536
3530,7347536
3531,7347536
3532,7347536
3533,7347536
3534,7347536
3535,7347536
3536,7347536
3537,7347536
3538,7347536
3539,7347536
3540,7347536
3541,7347536
3542,7347536
3543,7347536
3544,7347536
3547,7347536
3549,7347536
3550,7347536
6151,7358561
6153,7358561
6155,7358561
6156,7358561
6157,7358561
6158,7358561
6159,7358561
6160,7358561
6161,7358561
6162,7358561
6163,7358561
6164,7358561
6165,7358561
6166,7358561
6167,7358561
6168,7358561
6169,7358561
6170,7358561
6171,7358561
6172,7358561
6173,7358561
6177,7358561
6178,7358561
6179,7358561
6180,7358561
6181,7358561
6183,7358561
6184,7358561
6185,7358561
6186,7358561
6187,7358561
6188,7358561
6189,7358561
6190,7358561
6191,7358561
6192,7358561
6195,7358561
6197,7358561
6198,7358561
6200,7358561
329401,7359498
329402,7359498
329403,7359498
329404,7359498
329405,7359498
329406,7359498
329407,7359498
329408,7359498
329410,7359498
329411,7359498
329412,7359498
329413,7359498
329415,7359498
329416,7359498
329417,7359498
329418,7359498
329420,7359498
329421,7359498
329422,7359498
329423,7359498
329425,7359498
329426,7359498
329429,7359498
329431,7359498
329432,7359498
329433,7359498
329434,7359498
329435,7359498
329437,7359498
329438,7359498
329440,7359498
329441,7359498
329442,7359498
329443,7359498
329444,7359498
329445,7359498
329446,7359498
329447,7359498
329448,7359498
329450,7359498
5102,7625811
5103,7625811
5104,7625811
5105,7625811
5106,7625811
5107,7625811
5108,7625811
5109,7625811
5110,7625811
5112,7625811
5113,7625811
5114,7625811
5115,7625811
5116,7625811
5117,7625811
5118,7625811
5119,7625811
5120,7625811
5122,7625811
5123,7625811
5125,7625811
5126,7625811
5127,7625811
5128,7625811
5129,7625811
5130,7625811
5131,7625811
5132,7625811
5133,7625811
5135,7625811
5137,7625811
5138,7625811
5140,7625811
5141,7625811
5143,7625811
5145,7625811
5146,7625811
5148,7625811
5149,7625811
5150,7625811
31102,7902295
31103,7902295
31104,7902295
31105,7902295
31106,7902295
31109,7902295
31110,7902295
31111,7902295
31112,7902295
31113,7902295
31114,7902295
31116,7902295
31117,7902295
31119,7902295
31120,7902295
31121,7902295
31123,7902295
31124,7902295
31125,7902295
31126,7902295
31127,7902295
31128,7902295
31129,7902295
31131,7902295
31132,7902295
31133,7902295
31134,7902295
31135,7902295
31136,7902295
31137,7902295
31138,7902295
31141,7902295
31142,7902295
31143,7902295
31144,7902295
31145,7902295
31146,7902295
31147,7902295
31148,7902295
31149,7902295
751,8000214
752,8000214
753,8000214
754,8000214
755,8000214
756,8000214
758,8000214
759,8000214
760,8000214
761,8000214
762,8000214
764,8000214
765,8000214
766,8000214
768,8000214
769,8000214
770,8000214
771,8000214
772,8000214
774,8000214
776,8000214
777,8000214
778,8000214
779,8000214
780,8000214
781,8000214
783,8000214
784,8000214
786,8000214
788,8000214
789,8000214
790,8000214
791,8000214
793,8000214
794,8000214
795,8000214
796,8000214
797,8000214
798,8000214
800,8000214
43551,8019356
43552,8019356
43553,8019356
43554,8019356
43555,8019356
43556,8019356
43557,8019356
43558,8019356
43559,8019356
43560,8019356
43561,8019356
43564,8019356
43565,8019356
43566,8019356
43567,8019356
43568,8019356
43569,8019356
43570,8019356
43572,8019356
43574,8019356
43575,8019356
43577,8019356
43580,8019356
43582,8019356
43583,8019356
43584,8019356
43585,8019356
43586,8019356
43587,8019356
43588,8019356
43589,8019356
43590,8019356
43591,8019356
43592,8019356
43594,8019356
43595,8019356
43597,8019356
43598,8019356
43599,8019356
43600,8019356
3901,8024014
3902,8024014
3903,8024014
3904,8024014
3906,8024014
3907,8024014
3908,8024014
3909,8024014
3911,8024014
3912,8024014
3913,8024014
3915,8024014
3916,8024014
3917,8024014
3919,8024014
3920,8024014
3921,8024014
3922,8024014
3924,8024014
3925,8024014
3926,8024014
3927,8024014
3928,8024014
3929,8024014
3930,8024014
3931,8024014
3933,8024014
3934,8024014
3935,8024014
3936,8024014
3938,8024014
3941,8024014
3942,8024014
3943,8024014
3944,8024014
3945,8024014
3946,8024014
3947,8024014
3948,8024014
3950,8024014
70601,8101276
70602,8101276
70603,8101276
70604,8101276
70605,8101276
70607,8101276
70608,8101276
70610,8101276
70611,8101276
70613,8101276
70614,8101276
70615,8101276
70616,8101276
70617,8101276
70618,8101276
70619,8101276
70622,8101276
70623,8101276
70624,8101276
70625,8101276
70626,8101276
70627,8101276
70628,8101276
70629,8101276
70632,8101276
70633,8101276
70635,8101276
70636,8101276
70637,8101276
70638,8101276
70639,8101276
70641,8101276
70643,8101276
70644,8101276
70645,8101276
70646,8101276
70647,8101276
70648,8101276
70649,8101276
70650,8101276
76751,8314122
76756,8314122
76757,8314122
76758,8314122
76760,8314122
76761,8314122
76762,8314122
76764,8314122
76765,8314122
76767,8314122
76768,8314122
76769,8314122
76770,8314122
76771,8314122
76772,8314122
76773,8314122
76774,8314122
76775,8314122
76776,8314122
76777,8314122
76778,8314122
76779,8314122
76780,8314122
76781,8314122
76782,8314122
76783,8314122
76784,8314122
76786,8314122
76788,8314122
76789,8314122
76790,8314122
76791,8314122
76792,8314122
76793,8314122
76794,8314122
76795,8314122
76796,8314122
76797,8314122
76798,8314122
76800,8314122
18401,8314134
18402,8314134
18403,8314134
18404,8314134
18405,8314134
18406,8314134
18407,8314134
18408,8314134
18409,8314134
18411,8314134
18412,8314134
18413,8314134
18414,8314134
18415,8314134
18416,8314134
18417,8314134
18420,8314134
18421,8314134
18422,8314134
18423,8314134
18424,8314134
18425,8314134
18427,8314134
18429,8314134
18430,8314134
18433,8314134
18434,8314134
18435,8314134
18436,8314134
18438,8314134
18440,8314134
18441,8314134
18442,8314134
18443,8314134
18444,8314134
18445,8314134
18447,8314134
18448,8314134
18449,8314134
18450,8314134
283052,8331467
283053,8331467
283054,8331467
283055,8331467
283056,8331467
283057,8331467
283060,8331467
283061,8331467
283063,8331467
283065,8331467
283066,8331467
283067,8331467
283068,8331467
283069,8331467
283070,8331467
283071,8331467
283072,8331467
283073,8331467
283074,8331467
283075,8331467
283076,8331467
283077,8331467
283078,8331467
283080,8331467
283081,8331467
283082,8331467
283086,8331467
283087,8331467
283088,8331467
283089,8331467
283090,8331467
283091,8331467
283092,8331467
283093,8331467
283094,8331467
283095,8331467
283096,8331467
283097,8331467
283098,8331467
283100,8331467
319051,8331479
319052,8331479
319053,8331479
319054,8331479
319055,8331479
319056,8331479
319057,8331479
319059,8331479
319061,8331479
319062,8331479
319063,8331479
319065,8331479
319066,8331479
319067,8331479
319068,8331479
319070,8331479
319071,8331479
319073,8331479
319074,8331479
319076,8331479
319077,8331479
319078,8331479
319079,8331479
319080,8331479
319081,8331479
319082,8331479
319084,8331479
319085,8331479
319086,8331479
319087,8331479
319088,8331479
319089,8331479
319091,8331479
319092,8331479
319093,8331479
319094,8331479
319095,8331479
319096,8331479
319099,8331479
319100,8331479
257051,8333635
257053,8333635
257054,8333635
257055,8333635
257056,8333635
257057,8333635
257059,8333635
257060,8333635
257062,8333635
257063,8333635
257065,8333635
257066,8333635
257068,8333635
257069,8333635
257070,8333635
257071,8333635
257073,8333635
257074,8333635
257075,8333635
257077,8333635
257078,8333635
257079,8333635
257080,8333635
257081,8333635
257082,8333635
257083,8333635
257084,8333635
257085,8333635
257086,8333635
257087,8333635
257088,8333635
257089,8333635
257090,8333635
257091,8333635
257092,8333635
257093,8333635
257094,8333635
257096,8333635
257098,8333635
257100,8333635
552,8506294
554,8506294
555,8506294
556,8506294
558,8506294
559,8506294
560,8506294
561,8506294
562,8506294
564,8506294
565,8506294
566,8506294
567,8506294
568,8506294
569,8506294
570,8506294
571,8506294
572,8506294
573,8506294
575,8506294
576,8506294
578,8506294
579,8506294
580,8506294
581,8506294
582,8506294
583,8506294
585,8506294
586,8506294
588,8506294
589,8506294
590,8506294
591,8506294
592,8506294
593,8506294
594,8506294
596,8506294
597,8506294
598,8506294
600,8506294
1001,8506373
1002,8506373
1003,8506373
1004,8506373
1005,8506373
1006,8506373
1007,8506373
1008,8506373
1009,8506373
1011,8506373
1014,8506373
1015,8506373
1016,8506373
1017,8506373
1018,8506373
1019,8506373
1020,8506373
1021,8506373
1023,8506373
1025,8506373
1026,8506373
1028,8506373
1029,8506373
1030,8506373
1031,8506373
1032,8506373
1033,8506373
1034,8506373
1036,8506373
1038,8506373
1039,8506373
1040,8506373
1041,8506373
1042,8506373
1043,8506373
1044,8506373
1045,8506373
1047,8506373
1048,8506373
1050,8506373
35501,8512281
35502,8512281
35503,8512281
35504,8512281
35506,8512281
35507,8512281
35508,8512281
35510,8512281
35511,8512281
35512,8512281
35513,8512281
35516,8512281
35517,8512281
35518,8512281
35519,8512281
35520,8512281
35521,8512281
35523,8512281
35524,8512281
35525,8512281
35526,8512281
35527,8512281
35528,8512281
35529,8512281
35531,8512281
35532,8512281
35534,8512281
35535,8512281
35536,8512281
35537,8512281
35538,8512281
35539,8512281
35540,8512281
35543,8512281
35544,8512281
35546,8512281
35547,8512281
35548,8512281
35549,8512281
35550,8512281
3951,8521220
3952,8521220
3953,8521220
3954,8521220
3955,8521220
3956,8521220
3957,8521220
3958,8521220
3960,8521220
3961,8521220
3962,8521220
3963,8521220
3964,8521220
3965,8521220
3968,8521220
3969,8521220
3972,8521220
3973,8521220
3974,8521220
3975,8521220
3977,8521220
3978,8521220
3979,8521220
3980,8521220
3981,8521220
3983,8521220
3984,8521220
3985,8521220
3986,8521220
3987,8521220
3988,8521220
3989,8521220
3991,8521220
3993,8521220
3994,8521220
3995,8521220
3997,8521220
3998,8521220
3999,8521220
4000,8521220
11251,8611398
11252,8611398
11253,8611398
11254,8611398
11255,8611398
11256,8611398
11257,8611398
11260,8611398
11261,8611398
11262,8611398
11263,8611398
11264,8611398
11265,8611398
11266,8611398
11267,8611398
11269,8611398
11270,8611398
11271,8611398
11272,8611398
11274,8611398
11275,8611398
11276,8611398
11278,8611398
11279,8611398
11280,8611398
11281,8611398
11282,8611398
11283,8611398
11284,8611398
11285,8611398
11286,8611398
11287,8611398
11289,8611398
11291,8611398
11292,8611398
11293,8611398
11294,8611398
11297,8611398
11299,8611398
11300,8611398
390101,8644967
390102,8644967
390104,8644967
390105,8644967
390106,8644967
390107,8644967
390108,8644967
390109,8644967
390110,8644967
390111,8644967
390112,8644967
390113,8644967
390114,8644967
390115,8644967
390116,8644967
390117,8644967
390118,8644967
390119,8644967
390120,8644967
390121,8644967
390122,8644967
390124,8644967
390125,8644967
390126,8644967
390128,8644967
390133,8644967
390134,8644967
390135,8644967
390136,8644967
390137,8644967
390138,8644967
390139,8644967
390140,8644967
390141,8644967
390142,8644967
390143,8644967
390145,8644967
390147,8644967
390149,8644967
390150,8644967
43502,8657031
43503,8657031
43504,8657031
43505,8657031
43506,8657031
43508,8657031
43509,8657031
43510,8657031
43511,8657031
43513,8657031
43514,8657031
43515,8657031
43517,8657031
43518,8657031
43519,8657031
43520,8657031
43522,8657031
43523,8657031
43524,8657031
43525,8657031
43526,8657031
43529,8657031
43530,8657031
43531,8657031
43532,8657031
43533,8657031
43534,8657031
43535,8657031
43537,8657031
43538,8657031
43539,8657031
43540,8657031
43541,8657031
43544,8657031
43545,8657031
43546,8657031
43547,8657031
43548,8657031
43549,8657031
43550,8657031
151,8700280
152,8700280
153,8700280
154,8700280
157,8700280
159,8700280
160,8700280
161,8700280
163,8700280
164,8700280
165,8700280
166,8700280
167,8700280
168,8700280
169,8700280
170,8700280
171,8700280
172,8700280
173,8700280
176,8700280
178,8700280
179,8700280
180,8700280
181,8700280
182,8700280
183,8700280
184,8700280
185,8700280
186,8700280
187,8700280
188,8700280
189,8700280
192,8700280
194,8700280
195,8700280
196,8700280
197,8700280
198,8700280
199,8700280
200,8700280
5051,8700785
5052,8700785
5053,8700785
5054,8700785
5055,8700785
5056,8700785
5057,8700785
5058,8700785
5059,8700785
5060,8700785
5062,8700785
5063,8700785
5064,8700785
5065,8700785
5066,8700785
5067,8700785
5068,8700785
5069,8700785
5072,8700785
5073,8700785
5074,8700785
5075,8700785
5077,8700785
5078,8700785
5081,8700785
5084,8700785
5085,8700785
5086,8700785
5087,8700785
5088,8700785
5089,8700785
5091,8700785
5092,8700785
5093,8700785
5094,8700785
5096,8700785
5097,8700785
5098,8700785
5099,8700785
5100,8700785
7101,8701193
7103,8701193
7104,8701193
7105,8701193
7106,8701193
7107,8701193
7110,8701193
7111,8701193
7112,8701193
7113,8701193
7114,8701193
7115,8701193
7116,8701193
7117,8701193
7118,8701193
7119,8701193
7121,8701193
7122,8701193
7123,8701193
7124,8701193
7125,8701193
7126,8701193
7129,8701193
7130,8701193
7131,8701193
7132,8701193
7133,8701193
7135,8701193
7136,8701193
7137,8701193
7138,8701193
7139,8701193
7140,8701193
7142,8701193
7143,8701193
7144,8701193
7146,8701193
7147,8701193
7148,8701193
7149,8701193
3001,8707343
3002,8707343
3003,8707343
3004,8707343
3005,8707343
3007,8707343
3008,8707343
3010,8707343
3012,8707343
3013,8707343
3014,8707343
3015,8707343
3016,8707343
3017,8707343
3018,8707343
3019,8707343
3020,8707343
3021,8707343
3022,8707343
3025,8707343
3026,8707343
3027,8707343
3028,8707343
3029,8707343
3030,8707343
3031,8707343
3032,8707343
3034,8707343
3035,8707343
3038,8707343
3039,8707343
3040,8707343
3041,8707343
3042,8707343
3044,8707343
3045,8707343
3046,8707343
3047,8707343
3048,8707343
3049,8707343
86101,8708672
86102,8708672
86103,8708672
86104,8708672
86105,8708672
86106,8708672
86107,8708672
86109,8708672
86110,8708672
86112,8708672
86113,8708672
86114,8708672
86115,8708672
86116,8708672
86118,8708672
86121,8708672
86123,8708672
86124,8708672
86125,8708672
86126,8708672
86127,8708672
86128,8708672
86129,8708672
86130,8708672
86131,8708672
86132,8708672
86133,8708672
86134,8708672
86135,8708672
86136,8708672
86137,8708672
86139,8708672
86140,8708672
86141,8708672
86142,8708672
86143,8708672
86145,8708672
86146,8708672
86147,8708672
86148,8708672
3051,8716899
3052,8716899
3053,8716899
3054,8716899
3055,8716899
3056,8716899
3058,8716899
3059,8716899
3060,8716899
3061,8716899
3062,8716899
3063,8716899
3064,8716899
3065,8716899
3067,8716899
3068,8716899
3070,8716899
3071,8716899
3072,8716899
3073,8716899
3074,8716899
3075,8716899
3077,8716899
3078,8716899
3079,8716899
3081,8716899
3082,8716899
3083,8716899
3085,8716899
3088,8716899
3089,8716899
3091,8716899
3092,8716899
3093,8716899
3094,8716899
3095,8716899
3096,8716899
3098,8716899
3099,8716899
3100,8716899
135051,8800195
135052,8800195
135055,8800195
135056,8800195
135057,8800195
135059,8800195
135060,8800195
135061,8800195
135063,8800195
135064,8800195
135065,8800195
135066,8800195
135067,8800195
135068,8800195
135069,8800195
135070,8800195
135072,8800195
135073,8800195
135074,8800195
135075,8800195
135076,8800195
135077,8800195
135078,8800195
135079,8800195
135080,8800195
135081,8800195
135082,8800195
135084,8800195
135085,8800195
135087,8800195
135088,8800195
135089,8800195
135090,8800195
135093,8800195
135094,8800195
135096,8800195
135097,8800195
135098,8800195
135099,8800195
135100,8800195
282351,8802868
282352,8802868
282354,8802868
282355,8802868
282356,8802868
282357,8802868
282359,8802868
282360,8802868
282361,8802868
282362,8802868
282363,8802868
282364,8802868
282365,8802868
282366,8802868
282367,8802868
282368,8802868
282369,8802868
282370,8802868
282372,8802868
282373,8802868
282374,8802868
282375,8802868
282376,8802868
282378,8802868
282381,8802868
282382,8802868
282383,8802868
282384,8802868
282385,8802868
282388,8802868
282389,8802868
282390,8802868
282391,8802868
282393,8802868
282394,8802868
282395,8802868
282396,8802868
282398,8802868
282399,8802868
282400,8802868
67251,8802882
67253,8802882
67254,8802882
67255,8802882
67256,8802882
67257,8802882
67258,8802882
67261,8802882
67262,8802882
67264,8802882
67265,8802882
67268,8802882
67269,8802882
67270,8802882
67272,8802882
67273,8802882
67274,8802882
67275,8802882
67276,8802882
67277,8802882
67278,8802882
67279,8802882
67280,8802882
67281,8802882
67282,8802882
67283,8802882
67284,8802882
67285,8802882
67287,8802882
67289,8802882
67291,8802882
67292,8802882
67293,8802882
67294,8802882
67295,8802882
67296,8802882
67297,8802882
67298,8802882
67299,8802882
67300,8802882
17401,8806204
17402,8806204
17403,8806204
17405,8806204
17406,8806204
17407,8806204
17408,8806204
17410,8806204
17411,8806204
17412,8806204
17413,8806204
17414,8806204
17415,8806204
17416,8806204
17417,8806204
17418,8806204
17419,8806204
17420,8806204
17421,8806204
17424,8806204
17426,8806204
17429,8806204
17430,8806204
17431,8806204
17432,8806204
17433,8806204
17436,8806204
17437,8806204
17438,8806204
17439,8806204
17440,8806204
17441,8806204
17442,8806204
17443,8806204
17444,8806204
17445,8806204
17446,8806204
17447,8806204
17448,8806204
17449,8806204
6401,8807088
6402,8807088
6403,8807088
6404,8807088
6405,8807088
6406,8807088
6409,8807088
6410,8807088
6412,8807088
6413,8807088
6414,8807088
6416,8807088
6419,8807088
6420,8807088
6423,8807088
6425,8807088
6426,8807088
6427,8807088
6428,8807088
6429,8807088
6430,8807088
6431,8807088
6432,8807088
6433,8807088
6434,8807088
6435,8807088
6436,8807088
6437,8807088
6438,8807088
6439,8807088
6440,8807088
6441,8807088
6442,8807088
6443,8807088
6444,8807088
6445,8807088
6447,8807088
6448,8807088
6449,8807088
6450,8807088
10151,8814744
10152,8814744
10153,8814744
10154,8814744
10155,8814744
10156,8814744
10157,8814744
10159,8814744
10160,8814744
10161,8814744
10162,8814744
10163,8814744
10165,8814744
10166,8814744
10167,8814744
10168,8814744
10169,8814744
10170,8814744
10171,8814744
10172,8814744
10173,8814744
10174,8814744
10175,8814744
10179,8814744
10180,8814744
10181,8814744
10183,8814744
10184,8814744
10185,8814744
10186,8814744
10188,8814744
10189,8814744
10190,8814744
10191,8814744
10192,8814744
10194,8814744
10195,8814744
10196,8814744
10198,8814744
10199,8814744
11101,8843446
11102,8843446
11103,8843446
11105,8843446
11106,8843446
11107,8843446
11108,8843446
11109,8843446
11111,8843446
11112,8843446
11113,8843446
11114,8843446
11116,8843446
11117,8843446
11118,8843446
11119,8843446
11120,8843446
11122,8843446
11123,8843446
11124,8843446
11125,8843446
11126,8843446
11127,8843446
11128,8843446
11129,8843446
11130,8843446
11132,8843446
11133,8843446
11134,8843446
11135,8843446
11137,8843446
11138,8843446
11139,8843446
11141,8843446
11142,8843446
11143,8843446
11145,8843446
11146,8843446
11149,8843446
11150,8843446
380351,8843927
380352,8843927
380353,8843927
380354,8843927
380355,8843927
380356,8843927
380357,8843927
380358,8843927
380359,8843927
380360,8843927
380361,8843927
380362,8843927
380364,8843927
380365,8843927
380366,8843927
380368,8843927
380369,8843927
380370,8843927
380371,8843927
380372,8843927
380375,8843927
380376,8843927
380377,8843927
380378,8843927
380381,8843927
380382,8843927
380383,8843927
380385,8843927
380386,8843927
380387,8843927
380388,8843927
380389,8843927
380390,8843927
380393,8843927
380394,8843927
380396,8843927
380397,8843927
380398,8843927
380399,8843927
380400,8843927
1402,8903923
1403,8903923
1405,8903923
1407,8903923
1410,8903923
1412,8903923
1413,8903923
1414,8903923
1415,8903923
1416,8903923
1417,8903923
1418,8903923
1419,8903923
1420,8903923
1421,8903923
1422,8903923
1423,8903923
1424,8903923
1425,8903923
1426,8903923
1427,8903923
1428,8903923
1430,8903923
1431,8903923
1432,8903923
1433,8903923
1435,8903923
1436,8903923
1437,8903923
1439,8903923
1440,8903923
1441,8903923
1442,8903923
1443,8903923
1444,8903923
1446,8903923
1447,8903923
1448,8903923
1449,8903923
1450,8903923
399301,8913916
399302,8913916
399303,8913916
399304,8913916
399306,8913916
399308,8913916
399309,8913916
399310,8913916
399311,8913916
399312,8913916
399313,8913916
399314,8913916
399316,8913916
399317,8913916
399318,8913916
399319,8913916
399320,8913916
399321,8913916
399322,8913916
399326,8913916
399327,8913916
399328,8913916
399329,8913916
399330,8913916
399331,8913916
399332,8913916
399333,8913916
399334,8913916
399335,8913916
399337,8913916
399339,8913916
399340,8913916
399342,8913916
399343,8913916
399344,8913916
399345,8913916
399346,8913916
399347,8913916
399348,8913916
399349,8913916
244852,8914219
244853,8914219
244854,8914219
244855,8914219
244856,8914219
244857,8914219
244858,8914219
244859,8914219
244860,8914219
244861,8914219
244862,8914219
244863,8914219
244864,8914219
244865,8914219
244866,8914219
244867,8914219
244868,8914219
244869,8914219
244870,8914219
244871,8914219
244872,8914219
244873,8914219
244874,8914219
244877,8914219
244878,8914219
244879,8914219
244880,8914219
244882,8914219
244883,8914219
244885,8914219
244886,8914219
244888,8914219
244890,8914219
244891,8914219
244892,8914219
244894,8914219
244897,8914219
244898,8914219
244899,8914219
244900,8914219
80351,8915445
80352,8915445
80353,8915445
80354,8915445
80355,8915445
80356,8915445
80357,8915445
80359,8915445
80360,8915445
80361,8915445
80362,8915445
80363,8915445
80364,8915445
80365,8915445
80366,8915445
80367,8915445
80368,8915445
80369,8915445
80370,8915445
80371,8915445
80372,8915445
80373,8915445
80374,8915445
80375,8915445
80377,8915445
80378,8915445
80379,8915445
80380,8915445
80382,8915445
80383,8915445
80384,8915445
80387,8915445
80388,8915445
80391,8915445
80392,8915445
80393,8915445
80395,8915445
80396,8915445
80398,8915445
80400,8915445
74851,8916126
74852,8916126
74853,8916126
74854,8916126
74855,8916126
74856,8916126
74857,8916126
74858,8916126
74860,8916126
74862,8916126
74863,8916126
74864,8916126
74866,8916126
74867,8916126
74868,8916126
74869,8916126
74870,8916126
74871,8916126
74872,8916126
74873,8916126
74874,8916126
74876,8916126
74877,8916126
74878,8916126
74879,8916126
74880,8916126
74882,8916126
74884,8916126
74885,8916126
74886,8916126
74887,8916126
74888,8916126
74890,8916126
74891,8916126
74892,8916126
74894,8916126
74896,8916126
74897,8916126
74899,8916126
74900,8916126
6351,8918136
6352,8918136
6353,8918136
6354,8918136
6355,8918136
6356,8918136
6357,8918136
6359,8918136
6361,8918136
6362,8918136
6363,8918136
6364,8918136
6365,8918136
6366,8918136
6368,8918136
6369,8918136
6370,8918136
6372,8918136
6374,8918136
6375,8918136
6376,8918136
6377,8918136
6378,8918136
6379,8918136
6380,8918136
6383,8918136
6384,8918136
6386,8918136
6388,8918136
6389,8918136
6390,8918136
6391,8918136
6392,8918136
6393,8918136
6394,8918136
6395,8918136
6396,8918136
6397,8918136
6399,8918136
6400,8918136
48002,8919245
48003,8919245
48004,8919245
48005,8919245
48008,8919245
48010,8919245
48011,8919245
48012,8919245
48013,8919245
48015,8919245
48017,8919245
48018,8919245
48019,8919245
48020,8919245
48021,8919245
48022,8919245
48024,8919245
48025,8919245
48027,8919245
48028,8919245
48029,8919245
48030,8919245
48032,8919245
48033,8919245
48034,8919245
48035,8919245
48036,8919245
48037,8919245
48038,8919245
48039,8919245
48040,8919245
48042,8919245
48043,8919245
48044,8919245
48045,8919245
48046,8919245
48047,8919245
48048,8919245
48049,8919245
48050,8919245
5501,8919257
5502,8919257
5503,8919257
5504,8919257
5506,8919257
5508,8919257
5509,8919257
5510,8919257
5511,8919257
5512,8919257
5514,8919257
5515,8919257
5516,8919257
5517,8919257
5519,8919257
5520,8919257
5521,8919257
5522,8919257
5524,8919257
5525,8919257
5526,8919257
5527,8919257
5529,8919257
5530,8919257
5531,8919257
5532,8919257
5533,8919257
5534,8919257
5536,8919257
5537,8919257
5539,8919257
5540,8919257
5541,8919257
5542,8919257
5543,8919257
5544,8919257
5547,8919257
5548,8919257
5549,8919257
5550,8919257
6301,9007491
6302,9007491
6303,9007491
6304,9007491
6306,9007491
6307,9007491
6309,9007491
6310,9007491
6311,9007491
6312,9007491
6313,9007491
6314,9007491
6315,9007491
6316,9007491
6319,9007491
6320,9007491
6321,9007491
6322,9007491
6324,9007491
6325,9007491
6326,9007491
6328,9007491
6330,9007491
6331,9007491
6333,9007491
6334,9007491
6335,9007491
6336,9007491
6337,9007491
6338,9007491
6339,9007491
6341,9007491
6342,9007491
6343,9007491
6344,9007491
6345,9007491
6346,9007491
6348,9007491
6349,9007491
6350,9007491
369551,9008407
369553,9008407
369556,9008407
369558,9008407
369559,9008407
369561,9008407
369563,9008407
369565,9008407
369566,9008407
369567,9008407
369568,9008407
369569,9008407
369571,9008407
369573,9008407
369574,9008407
369575,9008407
369576,9008407
369577,9008407
369578,9008407
369579,9008407
369580,9008407
369582,9008407
369583,9008407
369584,9008407
369585,9008407
369586,9008407
369587,9008407
369588,9008407
369589,9008407
369590,9008407
369591,9008407
369592,9008407
369593,9008407
369594,9008407
369595,9008407
369596,9008407
369597,9008407
369598,9008407
369599,9008407
369600,9008407
112701,9008419
112703,9008419
112704,9008419
112705,9008419
112706,9008419
112708,9008419
112709,9008419
112710,9008419
112711,9008419
112713,9008419
112714,9008419
112715,9008419
112716,9008419
112717,9008419
112718,9008419
112719,9008419
112721,9008419
112723,9008419
112725,9008419
112726,9008419
112727,9008419
112728,9008419
112730,9008419
112731,9008419
112732,9008419
112733,9008419
112734,9008419
112735,9008419
112736,9008419
112737,9008419
112738,9008419
112739,9008419
112741,9008419
112742,9008419
112744,9008419
112745,9008419
112746,9008419
112747,9008419
112749,9008419
112750,9008419
7201,9008598
7202,9008598
7203,9008598
7204,9008598
7205,9008598
7206,9008598
7207,9008598
7208,9008598
7209,9008598
7210,9008598
7211,9008598
7212,9008598
7213,9008598
7215,9008598
7216,9008598
7218,9008598
7220,9008598
7221,9008598
7222,9008598
7223,9008598
7224,9008598
7225,9008598
7227,9008598
7228,9008598
7229,9008598
7230,9008598
7233,9008598
7234,9008598
7235,9008598
7237,9008598
7238,9008598
7239,9008598
7240,9008598
7241,9008598
7242,9008598
7244,9008598
7245,9008598
7247,9008598
7248,9008598
7249,9008598
191801,9070058
191802,9070058
191805,9070058
191807,9070058
191808,9070058
191809,9070058
191810,9070058
191811,9070058
191812,9070058
191813,9070058
191814,9070058
191816,9070058
191817,9070058
191818,9070058
191820,9070058
191821,9070058
191822,9070058
191823,9070058
191824,9070058
191825,9070058
191826,9070058
191827,9070058
191828,9070058
191830,9070058
191831,9070058
191833,9070058
191834,9070058
191835,9070058
191837,9070058
191838,9070058
191839,9070058
191840,9070058
191841,9070058
191842,9070058
191843,9070058
191845,9070058
191846,9070058
191847,9070058
191848,9070058
191850,9070058
8501,9070620
8502,9070620
8503,9070620
8504,9070620
8505,9070620
8507,9070620
8508,9070620
8510,9070620
8512,9070620
8514,9070620
8515,9070620
8516,9070620
8518,9070620
8519,9070620
8520,9070620
8521,9070620
8522,9070620
8523,9070620
8524,9070620
8525,9070620
8526,9070620
8527,9070620
8528,9070620
8529,9070620
8530,9070620
8532,9070620
8533,9070620
8534,9070620
8535,9070620
8536,9070620
8538,9070620
8539,9070620
8540,9070620
8541,9070620
8542,9070620
8543,9070620
8544,9070620
8547,9070620
8549,9070620
8550,9070620
49151,9102978
49152,9102978
49153,9102978
49154,9102978
49155,9102978
49156,9102978
49157,9102978
49158,9102978
49159,9102978
49161,9102978
49163,9102978
49165,9102978
49166,9102978
49167,9102978
49168,9102978
49169,9102978
49170,9102978
49171,9102978
49173,9102978
49174,9102978
49175,9102978
49176,9102978
49178,9102978
49179,9102978
49181,9102978
49182,9102978
49183,9102978
49184,9102978
49185,9102978
49186,9102978
49188,9102978
49189,9102978
49190,9102978
49191,9102978
49193,9102978
49194,9102978
49196,9102978
49197,9102978
49198,9102978
49199,9102978
2001,9104005
2003,9104005
2004,9104005
2005,9104005
2006,9104005
2007,9104005
2008,9104005
2009,9104005
2010,9104005
2011,9104005
2014,9104005
2015,9104005
2017,9104005
2019,9104005
2020,9104005
2021,9104005
2022,9104005
2023,9104005
2024,9104005
2025,9104005
2026,9104005
2028,9104005
2029,9104005
2030,9104005
2031,9104005
2033,9104005
2034,9104005
2036,9104005
2037,9104005
2038,9104005
2039,9104005
2040,9104005
2041,9104005
2043,9104005
2044,9104005
2045,9104005
2046,9104005
2048,9104005
2049,9104005
2050,9104005
8101,9106302
8103,9106302
8104,9106302
8105,9106302
8106,9106302
8107,9106302
8108,9106302
8109,9106302
8110,9106302
8111,9106302
8112,9106302
8113,9106302
8114,9106302
8115,9106302
8116,9106302
8117,9106302
8118,9106302
8119,9106302
8120,9106302
8122,9106302
8124,9106302
8126,9106302
8128,9106302
8129,9106302
8130,9106302
8131,9106302
8132,9106302
8133,9106302
8134,9106302
8136,9106302
8138,9106302
8139,9106302
8140,9106302
8141,9106302
8143,9106302
8144,9106302
8145,9106302
8147,9106302
8149,9106302
8150,9106302
275151,9111802
275152,9111802
275153,9111802
275154,9111802
275155,9111802
275157,9111802
275158,9111802
275159,9111802
275161,9111802
275162,9111802
275163,9111802
275164,9111802
275165,9111802
275167,9111802
275168,9111802
275170,9111802
275171,9111802
275173,9111802
275174,9111802
275176,9111802
275177,9111802
275178,9111802
275181,9111802
275182,9111802
275184,9111802
275186,9111802
275187,9111802
275188,9111802
275189,9111802
275190,9111802
275191,9111802
275192,9111802
275193,9111802
275194,9111802
275195,9111802
275196,9111802
275197,9111802
275198,9111802
275199,9111802
275200,9111802
28751,9116864
28752,9116864
28754,9116864
28756,9116864
28757,9116864
28758,9116864
28759,9116864
28760,9116864
28761,9116864
28762,9116864
28763,9116864
28764,9116864
28765,9116864
28766,9116864
28768,9116864
28769,9116864
28770,9116864
28771,9116864
28773,9116864
28774,9116864
28775,9116864
28776,9116864
28778,9116864
28779,9116864
28780,9116864
28781,9116864
28782,9116864
28783,9116864
28784,9116864
28785,9116864
28787,9116864
28789,9116864
28790,9116864
28793,9116864
28794,9116864
28795,9116864
28796,9116864
28797,9116864
28799,9116864
28800,9116864
9101,9126807
9102,9126807
9104,9126807
9105,9126807
9107,9126807
9108,9126807
9109,9126807
9110,9126807
9113,9126807
9114,9126807
9115,9126807
9116,9126807
9117,9126807
9119,9126807
9120,9126807
9121,9126807
9122,9126807
9123,9126807
9124,9126807
9126,9126807
9127,9126807
9128,9126807
9129,9126807
9130,9126807
9131,9126807
9133,9126807
9135,9126807
9136,9126807
9137,9126807
9138,9126807
9139,9126807
9140,9126807
9141,9126807
9142,9126807
9143,9126807
9145,9126807
9146,9126807
9147,9126807
9149,9126807
9150,9126807
398451,9126819
398452,9126819
398453,9126819
398455,9126819
398456,9126819
398457,9126819
398458,9126819
398460,9126819
398461,9126819
398463,9126819
398465,9126819
398466,9126819
398467,9126819
398469,9126819
398470,9126819
398471,9126819
398472,9126819
398473,9126819
398474,9126819
398475,9126819
398476,9126819
398478,9126819
398480,9126819
398482,9126819
398484,9126819
398485,9126819
398486,9126819
398488,9126819
398489,9126819
398490,9126819
398491,9126819
398492,9126819
398493,9126819
398494,9126819
398495,9126819
398496,9126819
398497,9126819
398498,9126819
398499,9126819
398500,9126819
1051,9138329
1052,9138329
1053,9138329
1054,9138329
1055,9138329
1056,9138329
1057,9138329
1058,9138329
1059,9138329
1060,9138329
1061,9138329
1062,9138329
1064,9138329
1066,9138329
1067,9138329
1068,9138329
1069,9138329
1071,9138329
1072,9138329
1074,9138329
1077,9138329
1079,9138329
1080,9138329
1082,9138329
1083,9138329
1085,9138329
1086,9138329
1087,9138329
1088,9138329
1089,9138329
1090,9138329
1091,9138329
1092,9138329
1093,9138329
1094,9138329
1095,9138329
1096,9138329
1097,9138329
1098,9138329
1099,9138329
103551,9141077
103552,9141077
103554,9141077
103555,9141077
103556,9141077
103557,9141077
103558,9141077
103559,9141077
103560,9141077
103561,9141077
103562,9141077
103564,9141077
103566,9141077
103567,9141077
103568,9141077
103570,9141077
103571,9141077
103572,9141077
103573,9141077
103575,9141077
103577,9141077
103578,9141077
103579,9141077
103580,9141077
103581,9141077
103582,9141077
103583,9141077
103584,9141077
103588,9141077
103589,9141077
103590,9141077
103591,9141077
103592,9141077
103593,9141077
103595,9141077
103596,9141077
103597,9141077
103598,9141077
103599,9141077
103600,9141077
301,9141807
302,9141807
303,9141807
305,9141807
306,9141807
307,9141807
308,9141807
309,9141807
310,9141807
311,9141807
312,9141807
313,9141807
314,9141807
316,9141807
317,9141807
318,9141807
321,9141807
322,9141807
324,9141807
325,9141807
326,9141807
328,9141807
329,9141807
330,9141807
331,9141807
333,9141807
334,9141807
337,9141807
338,9141807
339,9141807
340,9141807
341,9141807
342,9141807
344,9141807
345,9141807
346,9141807
347,9141807
348,9141807
349,9141807
350,9141807
1551,9156462
1554,9156462
1555,9156462
1556,9156462
1558,9156462
1561,9156462
1562,9156462
1564,9156462
1565,9156462
1566,9156462
1567,9156462
1568,9156462
1569,9156462
1570,9156462
1572,9156462
1573,9156462
1575,9156462
1577,9156462
1579,9156462
1580,9156462
1581,9156462
1582,9156462
1583,9156462
1584,9156462
1585,9156462
1586,9156462
1587,9156462
1588,9156462
1589,9156462
1590,9156462
1591,9156462
1592,9156462
1593,9156462
1594,9156462
1595,9156462
1596,9156462
1597,9156462
1598,9156462
1599,9156462
1600,9156462
3201,9156474
3202,9156474
3203,9156474
3204,9156474
3206,9156474
3208,9156474
3209,9156474
3210,9156474
3211,9156474
3213,9156474
3214,9156474
3215,9156474
3216,9156474
3217,9156474
3218,9156474
3219,9156474
3220,9156474
3223,9156474
3224,9156474
3225,9156474
3226,9156474
3228,9156474
3229,9156474
3230,9156474
3231,9156474
3232,9156474
3233,9156474
3236,9156474
3237,9156474
3238,9156474
3239,9156474
3240,9156474
3241,9156474
3243,9156474
3244,9156474
3245,9156474
3246,9156474
3247,9156474
3248,9156474
3249,9156474
17901,9156515
17902,9156515
17903,9156515
17904,9156515
17905,9156515
17909,9156515
17910,9156515
17911,9156515
17912,9156515
17913,9156515
17914,9156515
17915,9156515
17916,9156515
17917,9156515
17918,9156515
17919,9156515
17920,9156515
17921,9156515
17922,9156515
17923,9156515
17925,9156515
17926,9156515
17927,9156515
17928,9156515
17930,9156515
17931,9156515
17932,9156515
17933,9156515
17935,9156515
17936,9156515
17938,9156515
17939,9156515
17940,9156515
17941,9156515
17943,9156515
17944,9156515
17945,9156515
17947,9156515
17948,9156515
17950,9156515
100751,9160011
100752,9160011
100753,9160011
100755,9160011
100757,9160011
100760,9160011
100761,9160011
100762,9160011
100763,9160011
100764,9160011
100765,9160011
100766,9160011
100767,9160011
100769,9160011
100770,9160011
100771,9160011
100772,9160011
100773,9160011
100774,9160011
100775,9160011
100777,9160011
100778,9160011
100779,9160011
100780,9160011
100781,9160011
100783,9160011
100784,9160011
100785,9160011
100786,9160011
100788,9160011
100789,9160011
100790,9160011
100791,9160011
100792,9160011
100793,9160011
100795,9160011
100797,9160011
100798,9160011
100799,9160011
100800,9160011
14404,9161728
14405,9161728
14406,9161728
14407,9161728
14408,9161728
14409,9161728
14410,9161728
14411,9161728
14412,9161728
14413,9161728
14414,9161728
14415,9161728
14416,9161728
14417,9161728
14418,9161728
14420,9161728
14421,9161728
14425,9161728
14426,9161728
14427,9161728
14428,9161728
14429,9161728
14430,9161728
14431,9161728
14432,9161728
14433,9161728
14434,9161728
14435,9161728
14436,9161728
14437,9161728
14438,9161728
14439,9161728
14442,9161728
14443,9161728
14444,9161728
14446,9161728
14447,9161728
14448,9161728
14449,9161728
14450,9161728
2552,9169550
2553,9169550
2554,9169550
2555,9169550
2556,9169550
2557,9169550
2558,9169550
2559,9169550
2560,9169550
2561,9169550
2562,9169550
2563,9169550
2565,9169550
2567,9169550
2568,9169550
2569,9169550
2570,9169550
2571,9169550
2572,9169550
2573,9169550
2574,9169550
2576,9169550
2577,9169550
2578,9169550
2579,9169550
2580,9169550
2581,9169550
2582,9169550
2583,9169550
2584,9169550
2585,9169550
2588,9169550
2589,9169550
2590,9169550
2591,9169550
2593,9169550
2594,9169550
2597,9169550
2599,9169550
2600,9169550
157202,9172648
157204,9172648
157206,9172648
157207,9172648
157208,9172648
157209,9172648
157210,9172648
157211,9172648
157213,9172648
157214,9172648
157216,9172648
157217,9172648
157218,9172648
157219,9172648
157220,9172648
157221,9172648
157222,9172648
157223,9172648
157225,9172648
157226,9172648
157227,9172648
157228,9172648
157230,9172648
157231,9172648
157232,9172648
157233,9172648
157234,9172648
157235,9172648
157236,9172648
157237,9172648
157238,9172648
157239,9172648
157240,9172648
157241,9172648
157243,9172648
157244,9172648
157245,9172648
157247,9172648
157248,9172648
157249,9172648
1851,9172777
1853,9172777
1854,9172777
1856,9172777
1857,9172777
1859,9172777
1860,9172777
1864,9172777
1865,9172777
1866,9172777
1867,9172777
1868,9172777
1869,9172777
1870,9172777
1871,9172777
1872,9172777
1873,9172777
1874,9172777
1875,9172777
1877,9172777
1878,9172777
1879,9172777
1880,9172777
1881,9172777
1882,9172777
1883,9172777
1884,9172777
1885,9172777
1886,9172777
1887,9172777
1888,9172777
1890,9172777
1891,9172777
1892,9172777
1895,9172777
1896,9172777
1897,9172777
1898,9172777
1899,9172777
1900,9172777
243651,9179191
243652,9179191
243653,9179191
243654,9179191
243655,9179191
243656,9179191
243658,9179191
243660,9179191
243661,9179191
243662,9179191
243663,9179191
243664,9179191
243666,9179191
243667,9179191
243668,9179191
243669,9179191
243670,9179191
243671,9179191
243672,9179191
243673,9179191
243674,9179191
243675,9179191
243677,9179191
243678,9179191
243679,9179191
243681,9179191
243682,9179191
243683,9179191
243685,9179191
243686,9179191
243687,9179191
243688,9179191
243689,9179191
243690,9179191
243692,9179191
243696,9179191
243697,9179191
243698,9179191
243699,9179191
243700,9179191
501,9183855
502,9183855
503,9183855
505,9183855
507,9183855
509,9183855
510,9183855
512,9183855
513,9183855
514,9183855
515,9183855
517,9183855
518,9183855
519,9183855
520,9183855
521,9183855
523,9183855
524,9183855
525,9183855
526,9183855
527,9183855
528,9183855
530,9183855
531,9183855
532,9183855
533,9183855
534,9183855
536,9183855
537,9183855
539,9183855
540,9183855
541,9183855
542,9183855
543,9183855
544,9183855
545,9183855
546,9183855
547,9183855
548,9183855
549,9183855
6251,9187796
6252,9187796
6253,9187796
6254,9187796
6255,9187796
6256,9187796
6257,9187796
6260,9187796
6261,9187796
6262,9187796
6263,9187796
6264,9187796
6267,9187796
6268,9187796
6269,9187796
6270,9187796
6271,9187796
6273,9187796
6274,9187796
6275,9187796
6276,9187796
6277,9187796
6278,9187796
6280,9187796
6281,9187796
6282,9187796
6285,9187796
6286,9187796
6288,9187796
6289,9187796
6290,9187796
6291,9187796
6292,9187796
6293,9187796
6294,9187796
6295,9187796
6296,9187796
6298,9187796
6299,9187796
6300,9187796
16701,9187887
16702,9187887
16703,9187887
16704,9187887
16705,9187887
16706,9187887
16707,9187887
16708,9187887
16709,9187887
16710,9187887
16711,9187887
16712,9187887
16717,9187887
16718,9187887
16719,9187887
16720,9187887
16721,9187887
16723,9187887
16725,9187887
16726,9187887
16727,9187887
16728,9187887
16729,9187887
16730,9187887
16731,9187887
16732,9187887
16733,9187887
16734,9187887
16735,9187887
16736,9187887
16737,9187887
16738,9187887
16740,9187887
16743,9187887
16744,9187887
16745,9187887
16746,9187887
16747,9187887
16749,9187887
16750,9187887
10953,9187899
10954,9187899
10955,9187899
10956,9187899
10957,9187899
10959,9187899
10960,9187899
10961,9187899
10962,9187899
10963,9187899
10964,9187899
10965,9187899
10966,9187899
10967,9187899
10968,9187899
10970,9187899
10971,9187899
10972,9187899
10973,9187899
10974,9187899
10975,9187899
10976,9187899
10977,9187899
10980,9187899
10981,9187899
10982,9187899
10985,9187899
10987,9187899
10988,9187899
10989,9187899
10990,9187899
10991,9187899
10992,9187899
10993,9187899
10995,9187899
10996,9187899
10997,9187899
10998,9187899
10999,9187899
11000,9187899
15151,9188037
15152,9188037
15153,9188037
15154,9188037
15155,9188037
15156,9188037
15157,9188037
15159,9188037
15160,9188037
15161,9188037
15163,9188037
15164,9188037
15165,9188037
15167,9188037
15168,9188037
15169,9188037
15170,9188037
15171,9188037
15174,9188037
15175,9188037
15176,9188037
15177,9188037
15178,9188037
15179,9188037
15180,9188037
15182,9188037
15183,9188037
15185,9188037
15187,9188037
15188,9188037
15189,9188037
15190,9188037
15191,9188037
15192,9188037
15194,9188037
15195,9188037
15196,9188037
15197,9188037
15199,9188037
15200,9188037
30451,9189421
30453,9189421
30454,9189421
30456,9189421
30457,9189421
30458,9189421
30459,9189421
30460,9189421
30461,9189421
30462,9189421
30463,9189421
30464,9189421
30465,9189421
30467,9189421
30468,9189421
30469,9189421
30470,9189421
30471,9189421
30472,9189421
30473,9189421
30474,9189421
30475,9189421
30476,9189421
30477,9189421
30478,9189421
30479,9189421
30480,9189421
30481,9189421
30483,9189421
30484,9189421
30485,9189421
30486,9189421
30488,9189421
30489,9189421
30490,9189421
30493,9189421
30494,9189421
30496,9189421
30498,9189421
30499,9189421
4202,9192363
4203,9192363
4205,9192363
4206,9192363
4207,9192363
4208,9192363
4209,9192363
4210,9192363
4211,9192363
4213,9192363
4215,9192363
4216,9192363
4217,9192363
4218,9192363
4219,9192363
4220,9192363
4221,9192363
4222,9192363
4224,9192363
4225,9192363
4226,9192363
4227,9192363
4228,9192363
4230,9192363
4232,9192363
4233,9192363
4234,9192363
4236,9192363
4237,9192363
4238,9192363
4239,9192363
4240,9192363
4241,9192363
4242,9192363
4243,9192363
4244,9192363
4247,9192363
4248,9192363
4249,9192363
4250,9192363
31951,9192387
31952,9192387
31953,9192387
31955,9192387
31956,9192387
31957,9192387
31958,9192387
31960,9192387
31962,9192387
31964,9192387
31965,9192387
31966,9192387
31967,9192387
31969,9192387
31971,9192387
31972,9192387
31973,9192387
31974,9192387
31975,9192387
31977,9192387
31978,9192387
31979,9192387
31980,9192387
31981,9192387
31982,9192387
31983,9192387
31984,9192387
31985,9192387
31986,9192387
31987,9192387
31988,9192387
31989,9192387
31990,9192387
31991,9192387
31992,9192387
31995,9192387
31996,9192387
31998,9192387
31999,9192387
32000,9192387
16601,9195169
16602,9195169
16603,9195169
16604,9195169
16605,9195169
16606,9195169
16608,9195169
16609,9195169
16611,9195169
16612,9195169
16613,9195169
16614,9195169
16615,9195169
16617,9195169
16618,9195169
16619,9195169
16620,9195169
16622,9195169
16624,9195169
16625,9195169
16626,9195169
16628,9195169
16630,9195169
16631,9195169
16632,9195169
16633,9195169
16634,9195169
16635,9195169
16636,9195169
16637,9195169
16638,9195169
16640,9195169
16642,9195169
16643,9195169
16644,9195169
16646,9195169
16647,9195169
16648,9195169
16649,9195169
16650,9195169
4301,9195200
4302,9195200
4303,9195200
4304,9195200
4306,9195200
4307,9195200
4309,9195200
4310,9195200
4311,9195200
4312,9195200
4315,9195200
4316,9195200
4317,9195200
4318,9195200
4319,9195200
4320,9195200
4321,9195200
4322,9195200
4323,9195200
4324,9195200
4325,9195200
4327,9195200
4328,9195200
4330,9195200
4333,9195200
4334,9195200
4335,9195200
4336,9195200
4337,9195200
4338,9195200
4339,9195200
4340,9195200
4341,9195200
4344,9195200
4345,9195200
4346,9195200
4347,9195200
4348,9195200
4349,9195200
4350,9195200
388051,9198355
388053,9198355
388054,9198355
388055,9198355
388056,9198355
388058,9198355
388059,9198355
388060,9198355
388061,9198355
388062,9198355
388063,9198355
388064,9198355
388066,9198355
388068,9198355
388069,9198355
388070,9198355
388071,9198355
388072,9198355
388073,9198355
388075,9198355
388076,9198355
388077,9198355
388079,9198355
388080,9198355
388083,9198355
388085,9198355
388086,9198355
388087,9198355
388088,9198355
388089,9198355
388090,9198355
388091,9198355
388092,9198355
388093,9198355
388094,9198355
388095,9198355
388096,9198355
388097,9198355
388098,9198355
388099,9198355
238151,9198367
238153,9198367
238154,9198367
238155,9198367
238157,9198367
238158,9198367
238160,9198367
238161,9198367
238162,9198367
238163,9198367
238164,9198367
238165,9198367
238166,9198367
238169,9198367
238170,9198367
238172,9198367
238173,9198367
238174,9198367
238175,9198367
238176,9198367
238177,9198367
238179,9198367
238180,9198367
238182,9198367
238183,9198367
238184,9198367
238185,9198367
238187,9198367
238188,9198367
238189,9198367
238190,9198367
238191,9198367
238193,9198367
238194,9198367
238195,9198367
238196,9198367
238197,9198367
238198,9198367
238199,9198367
238200,9198367
4151,9200938
4152,9200938
4153,9200938
4154,9200938
4157,9200938
4158,9200938
4159,9200938
4161,9200938
4162,9200938
4163,9200938
4165,9200938
4166,9200938
4167,9200938
4169,9200938
4170,9200938
4171,9200938
4172,9200938
4173,9200938
4175,9200938
4176,9200938
4177,9200938
4178,9200938
4179,9200938
4180,9200938
4181,9200938
4182,9200938
4183,9200938
4184,9200938
4185,9200938
4186,9200938
4187,9200938
4188,9200938
4190,9200938
4192,9200938
4194,9200938
4195,9200938
4196,9200938
4197,9200938
4199,9200938
4200,9200938
952,9200940
953,9200940
954,9200940
955,9200940
956,9200940
957,9200940
958,9200940
959,9200940
960,9200940
961,9200940
962,9200940
963,9200940
964,9200940
965,9200940
966,9200940
967,9200940
969,9200940
971,9200940
972,9200940
973,9200940
974,9200940
975,9200940
976,9200940
977,9200940
978,9200940
979,9200940
980,9200940
982,9200940
984,9200940
985,9200940
988,9200940
990,9200940
991,9200940
993,9200940
994,9200940
995,9200940
997,9200940
998,9200940
999,9200940
1000,9200940
294301,9210103
294302,9210103
294303,9210103
294304,9210103
294305,9210103
294306,9210103
294307,9210103
294308,9210103
294309,9210103
294310,9210103
294313,9210103
294314,9210103
294315,9210103
294316,9210103
294317,9210103
294318,9210103
294320,9210103
294321,9210103
294322,9210103
294323,9210103
294324,9210103
294325,9210103
294326,9210103
294327,9210103
294328,9210103
294329,9210103
294330,9210103
294331,9210103
294332,9210103
294333,9210103
294334,9210103
294335,9210103
294336,9210103
294337,9210103
294340,9210103
294343,9210103
294345,9210103
294347,9210103
294348,9210103
294349,9210103
8852,9210139
8853,9210139
8854,9210139
8855,9210139
8856,9210139
8857,9210139
8859,9210139
8860,9210139
8861,9210139
8862,9210139
8864,9210139
8865,9210139
8867,9210139
8868,9210139
8869,9210139
8870,9210139
8871,9210139
8872,9210139
8873,9210139
8874,9210139
8875,9210139
8877,9210139
8878,9210139
8879,9210139
8880,9210139
8881,9210139
8882,9210139
8883,9210139
8884,9210139
8886,9210139
8887,9210139
8888,9210139
8889,9210139
8890,9210139
8893,9210139
8894,9210139
8895,9210139
8897,9210139
8898,9210139
8899,9210139
2951,9210141
2952,9210141
2953,9210141
2954,9210141
2955,9210141
2957,9210141
2958,9210141
2959,9210141
2960,9210141
2961,9210141
2963,9210141
2964,9210141
2965,9210141
2967,9210141
2968,9210141
2969,9210141
2971,9210141
2973,9210141
2974,9210141
2975,9210141
2976,9210141
2978,9210141
2979,9210141
2980,9210141
2981,9210141
2982,9210141
2983,9210141
2984,9210141
2985,9210141
2986,9210141
2989,9210141
2991,9210141
2992,9210141
2993,9210141
2994,9210141
2995,9210141
2996,9210141
2997,9210141
2998,9210141
2999,9210141
3701,9210218
3702,9210218
3704,9210218
3705,9210218
3706,9210218
3707,9210218
3708,9210218
3709,9210218
3710,9210218
3712,9210218
3713,9210218
3714,9210218
3715,9210218
3716,9210218
3718,9210218
3719,9210218
3720,9210218
3721,9210218
3722,9210218
3723,9210218
3724,9210218
3725,9210218
3727,9210218
3730,9210218
3731,9210218
3732,9210218
3733,9210218
3734,9210218
3735,9210218
3738,9210218
3739,9210218
3740,9210218
3741,9210218
3742,9210218
3743,9210218
3744,9210218
3745,9210218
3746,9210218
3748,9210218
3749,9210218
1504,9210220
1506,9210220
1507,9210220
1508,9210220
1509,9210220
1510,9210220
1511,9210220
1512,9210220
1513,9210220
1514,9210220
1515,9210220
1516,9210220
1517,9210220
1518,9210220
1519,9210220
1520,9210220
1522,9210220
1523,9210220
1524,9210220
1526,9210220
1528,9210220
1531,9210220
1532,9210220
1533,9210220
1534,9210220
1535,9210220
1536,9210220
1537,9210220
1538,9210220
1539,9210220
1540,9210220
1541,9210220
1542,9210220
1543,9210220
1545,9210220
1546,9210220
1547,9210220
1548,9210220
1549,9210220
1550,9210220
130652,9212163
130653,9212163
130654,9212163
130655,9212163
130656,9212163
130659,9212163
130660,9212163
130661,9212163
130663,9212163
130665,9212163
130666,9212163
130667,9212163
130668,9212163
130670,9212163
130671,9212163
130672,9212163
130673,9212163
130674,9212163
130675,9212163
130676,9212163
130677,9212163
130678,9212163
130679,9212163
130680,9212163
130681,9212163
130682,9212163
130683,9212163
130684,9212163
130685,9212163
130686,9212163
130687,9212163
130689,9212163
130690,9212163
130692,9212163
130693,9212163
130695,9212163
130696,9212163
130697,9212163
130699,9212163
130700,9212163
45701,9221281
45702,9221281
45704,9221281
45705,9221281
45706,9221281
45708,9221281
45709,9221281
45710,9221281
45711,9221281
45713,9221281
45714,9221281
45716,9221281
45719,9221281
45720,9221281
45721,9221281
45722,9221281
45723,9221281
45724,9221281
45725,9221281
45726,9221281
45728,9221281
45729,9221281
45730,9221281
45731,9221281
45732,9221281
45733,9221281
45734,9221281
45737,9221281
45738,9221281
45739,9221281
45740,9221281
45741,9221281
45743,9221281
45744,9221281
45745,9221281
45746,9221281
45747,9221281
45748,9221281
45749,9221281
45750,9221281
12151,9221554
12152,9221554
12153,9221554
12154,9221554
12156,9221554
12157,9221554
12158,9221554
12159,9221554
12160,9221554
12161,9221554
12164,9221554
12165,9221554
12166,9221554
12167,9221554
12168,9221554
12169,9221554
12170,9221554
12172,9221554
12173,9221554
12174,9221554
12175,9221554
12176,9221554
12177,9221554
12178,9221554
12180,9221554
12183,9221554
12184,9221554
12185,9221554
12187,9221554
12189,9221554
12190,9221554
12191,9221554
12193,9221554
12194,9221554
12195,9221554
12196,9221554
12197,9221554
12198,9221554
12199,9221554
12200,9221554
34751,9224726
34752,9224726
34754,9224726
34756,9224726
34757,9224726
34758,9224726
34759,9224726
34760,9224726
34762,9224726
34763,9224726
34764,9224726
34766,9224726
34767,9224726
34768,9224726
34769,9224726
34770,9224726
34771,9224726
34772,9224726
34773,9224726
34776,9224726
34779,9224726
34780,9224726
34782,9224726
34783,9224726
34784,9224726
34785,9224726
34786,9224726
34787,9224726
34788,9224726
34789,9224726
34790,9224726
34791,9224726
34792,9224726
34793,9224726
34794,9224726
34795,9224726
34796,9224726
34797,9224726
34798,9224726
34800,9224726
45001,9226891
45002,9226891
45004,9226891
45005,9226891
45006,9226891
45008,9226891
45009,9226891
45011,9226891
45012,9226891
45013,9226891
45014,9226891
45015,9226891
45016,9226891
45017,9226891
45018,9226891
45020,9226891
45021,9226891
45023,9226891
45024,9226891
45026,9226891
45027,9226891
45028,9226891
45029,9226891
45031,9226891
45032,9226891
45033,9226891
45034,9226891
45036,9226891
45037,9226891
45039,9226891
45040,9226891
45041,9226891
45042,9226891
45044,9226891
45045,9226891
45046,9226891
45047,9226891
45048,9226891
45049,9226891
45050,9226891
351,9226906
353,9226906
355,9226906
356,9226906
357,9226906
358,9226906
359,9226906
360,9226906
362,9226906
363,9226906
364,9226906
365,9226906
366,9226906
367,9226906
368,9226906
369,9226906
370,9226906
371,9226906
373,9226906
375,9226906
376,9226906
377,9226906
378,9226906
379,9226906
380,9226906
381,9226906
382,9226906
383,9226906
384,9226906
385,9226906
386,9226906
387,9226906
388,9226906
390,9226906
391,9226906
392,9226906
393,9226906
396,9226906
398,9226906
399,9226906
4652,9227508
4653,9227508
4654,9227508
4655,9227508
4656,9227508
4657,9227508
4658,9227508
4659,9227508
4661,9227508
4662,9227508
4663,9227508
4664,9227508
4665,9227508
4666,9227508
4667,9227508
4668,9227508
4669,9227508
4671,9227508
4672,9227508
4673,9227508
4675,9227508
4677,9227508
4678,9227508
4679,9227508
4680,9227508
4684,9227508
4685,9227508
4686,9227508
4687,9227508
4688,9227508
4690,9227508
4691,9227508
4692,9227508
4694,9227508
4695,9227508
4696,9227508
4697,9227508
4698,9227508
4699,9227508
4700,9227508
124701,9227510
124703,9227510
124704,9227510
124705,9227510
124706,9227510
124708,9227510
124710,9227510
124711,9227510
124713,9227510
124714,9227510
124715,9227510
124716,9227510
124717,9227510
124718,9227510
124719,9227510
124720,9227510
124721,9227510
124722,9227510
124723,9227510
124726,9227510
124727,9227510
124728,9227510
124729,9227510
124730,9227510
124731,9227510
124732,9227510
124734,9227510
124736,9227510
124737,9227510
124738,9227510
124739,9227510
124740,9227510
124741,9227510
124742,9227510
124745,9227510
124746,9227510
124747,9227510
124748,9227510
124749,9227510
124750,9227510
137401,9228186
137402,9228186
137403,9228186
137404,9228186
137405,9228186
137406,9228186
137407,9228186
137408,9228186
137409,9228186
137411,9228186
137412,9228186
137414,9228186
137415,9228186
137416,9228186
137417,9228186
137418,9228186
137421,9228186
137422,9228186
137423,9228186
137424,9228186
137425,9228186
137426,9228186
137427,9228186
137429,9228186
137430,9228186
137431,9228186
137432,9228186
137433,9228186
137434,9228186
137435,9228186
137436,9228186
137438,9228186
137439,9228186
137442,9228186
137443,9228186
137445,9228186
137446,9228186
137448,9228186
137449,9228186
137450,9228186
16551,9228198
16552,9228198
16553,9228198
16554,9228198
16555,9228198
16557,9228198
16558,9228198
16559,9228198
16560,9228198
16561,9228198
16562,9228198
16564,9228198
16566,9228198
16568,9228198
16570,9228198
16571,9228198
16572,9228198
16573,9228198
16574,9228198
16576,9228198
16577,9228198
16578,9228198
16581,9228198
16582,9228198
16583,9228198
16584,9228198
16585,9228198
16586,9228198
16587,9228198
16588,9228198
16589,9228198
16590,9228198
16591,9228198
16592,9228198
16593,9228198
16594,9228198
16595,9228198
16596,9228198
16598,9228198
16599,9228198
105153,9229659
105155,9229659
105157,9229659
105158,9229659
105160,9229659
105161,9229659
105162,9229659
105163,9229659
105164,9229659
105165,9229659
105166,9229659
105167,9229659
105168,9229659
105169,9229659
105170,9229659
105171,9229659
105174,9229659
105175,9229659
105176,9229659
105177,9229659
105178,9229659
105179,9229659
105180,9229659
105181,9229659
105182,9229659
105184,9229659
105185,9229659
105186,9229659
105187,9229659
105188,9229659
105189,9229659
105191,9229659
105192,9229659
105193,9229659
105195,9229659
105196,9229659
105197,9229659
105198,9229659
105199,9229659
105200,9229659
85002,9230402
85003,9230402
85004,9230402
85005,9230402
85006,9230402
85007,9230402
85008,9230402
85009,9230402
85011,9230402
85013,9230402
85014,9230402
85016,9230402
85017,9230402
85019,9230402
85020,9230402
85021,9230402
85022,9230402
85023,9230402
85024,9230402
85025,9230402
85027,9230402
85028,9230402
85029,9230402
85030,9230402
85031,9230402
85033,9230402
85034,9230402
85036,9230402
85038,9230402
85039,9230402
85040,9230402
85041,9230402
85043,9230402
85044,9230402
85045,9230402
85046,9230402
85047,9230402
85048,9230402
85049,9230402
85050,9230402
260301,9230476
260302,9230476
260303,9230476
260304,9230476
260305,9230476
260310,9230476
260311,9230476
260312,9230476
260313,9230476
260314,9230476
260315,9230476
260317,9230476
260319,9230476
260320,9230476
260321,9230476
260322,9230476
260324,9230476
260325,9230476
260326,9230476
260327,9230476
260328,9230476
260329,9230476
260330,9230476
260331,9230476
260332,9230476
260333,9230476
260334,9230476
260335,9230476
260336,9230476
260337,9230476
260338,9230476
260339,9230476
260340,9230476
260341,9230476
260344,9230476
260346,9230476
260347,9230476
260348,9230476
260349,9230476
260350,9230476
266751,9235866
266752,9235866
266753,9235866
266754,9235866
266755,9235866
266757,9235866
266758,9235866
266759,9235866
266760,9235866
266762,9235866
266763,9235866
266764,9235866
266765,9235866
266766,9235866
266767,9235866
266770,9235866
266771,9235866
266772,9235866
266773,9235866
266774,9235866
266775,9235866
266776,9235866
266777,9235866
266778,9235866
266779,9235866
266780,9235866
266781,9235866
266782,9235866
266784,9235866
266785,9235866
266786,9235866
266787,9235866
266788,9235866
266789,9235866
266790,9235866
266791,9235866
266794,9235866
266797,9235866
266799,9235866
266800,9235866
5651,9237345
5652,9237345
5653,9237345
5654,9237345
5655,9237345
5656,9237345
5657,9237345
5658,9237345
5660,9237345
5661,9237345
5663,9237345
5664,9237345
5665,9237345
5666,9237345
5667,9237345
5668,9237345
5670,9237345
5671,9237345
5672,9237345
5675,9237345
5676,9237345
5678,9237345
5679,9237345
5680,9237345
5681,9237345
5682,9237345
5683,9237345
5684,9237345
5685,9237345
5686,9237345
5687,9237345
5690,9237345
5691,9237345
5692,9237345
5694,9237345
5695,9237345
5696,9237345
5697,9237345
5699,9237345
5700,9237345
308951,9237357
308952,9237357
308953,9237357
308954,9237357
308955,9237357
308957,9237357
308959,9237357
308961,9237357
308962,9237357
308964,9237357
308965,9237357
308966,9237357
308967,9237357
308968,9237357
308969,9237357
308970,9237357
308971,9237357
308972,9237357
308973,9237357
308974,9237357
308975,9237357
308977,9237357
308978,9237357
308979,9237357
308980,9237357
308981,9237357
308982,9237357
308983,9237357
308985,9237357
308986,9237357
308987,9237357
308988,9237357
308989,9237357
308990,9237357
308992,9237357
308993,9237357
308994,9237357
308995,9237357
308996,9237357
309000,9237357
1701,9239795
1702,9239795
1703,9239795
1704,9239795
1705,9239795
1706,9239795
1707,9239795
1708,9239795
1710,9239795
1711,9239795
1713,9239795
1714,9239795
1716,9239795
1718,9239795
1719,9239795
1721,9239795
1722,9239795
1723,9239795
1724,9239795
1725,9239795
1726,9239795
1727,9239795
1728,9239795
1729,9239795
1730,9239795
1732,9239795
1733,9239795
1735,9239795
1736,9239795
1737,9239795
1738,9239795
1740,9239795
1741,9239795
1744,9239795
1745,9239795
1746,9239795
1747,9239795
1748,9239795
1749,9239795
1750,9239795
1,9241061
3,9241061
4,9241061
5,9241061
6,9241061
7,9241061
9,9241061
10,9241061
11,9241061
12,9241061
14,9241061
15,9241061
16,9241061
17,9241061
18,9241061
19,9241061
20,9241061
21,9241061
22,9241061
24,9241061
25,9241061
26,9241061
27,9241061
28,9241061
30,9241061
32,9241061
33,9241061
34,9241061
37,9241061
38,9241061
39,9241061
40,9241061
42,9241061
44,9241061
45,9241061
46,9241061
47,9241061
48,9241061
49,9241061
50,9241061
1451,9243667
1452,9243667
1453,9243667
1454,9243667
1455,9243667
1457,9243667
1458,9243667
1459,9243667
1460,9243667
1461,9243667
1462,9243667
1464,9243667
1466,9243667
1467,9243667
1468,9243667
1471,9243667
1472,9243667
1473,9243667
1474,9243667
1475,9243667
1476,9243667
1477,9243667
1479,9243667
1481,9243667
1483,9243667
1484,9243667
1485,9243667
1486,9243667
1487,9243667
1488,9243667
1489,9243667
1490,9243667
1491,9243667
1493,9243667
1494,9243667
1495,9243667
1496,9243667
1497,9243667
1498,9243667
1500,9243667
386251,9293387
386252,9293387
386253,9293387
386254,9293387
386255,9293387
386256,9293387
386257,9293387
386258,9293387
386259,9293387
386260,9293387
386261,9293387
386263,9293387
386264,9293387
386265,9293387
386267,9293387
386268,9293387
386270,9293387
386271,9293387
386272,9293387
386273,9293387
386274,9293387
386275,9293387
386276,9293387
386279,9293387
386280,9293387
386282,9293387
386283,9293387
386284,9293387
386285,9293387
386286,9293387
386287,9293387
386290,9293387
386291,9293387
386292,9293387
386293,9293387
386294,9293387
386295,9293387
386296,9293387
386299,9293387
386300,9293387
300201,9295854
300202,9295854
300203,9295854
300204,9295854
300206,9295854
300208,9295854
300209,9295854
300210,9295854
300212,9295854
300213,9295854
300214,9295854
300215,9295854
300216,9295854
300217,9295854
300218,9295854
300221,9295854
300222,9295854
300223,9295854
300224,9295854
300225,9295854
300226,9295854
300227,9295854
300228,9295854
300229,9295854
300230,9295854
300231,9295854
300232,9295854
300233,9295854
300236,9295854
300237,9295854
300238,9295854
300239,9295854
300240,9295854
300241,9295854
300242,9295854
300243,9295854
300245,9295854
300248,9295854
300249,9295854
300250,9295854
113651,9299056
113653,9299056
113655,9299056
113656,9299056
113657,9299056
113658,9299056
113659,9299056
113660,9299056
113662,9299056
113663,9299056
113664,9299056
113665,9299056
113667,9299056
113668,9299056
113671,9299056
113672,9299056
113673,9299056
113674,9299056
113675,9299056
113676,9299056
113677,9299056
113678,9299056
113679,9299056
113680,9299056
113681,9299056
113682,9299056
113683,9299056
113684,9299056
113685,9299056
113686,9299056
113687,9299056
113688,9299056
113689,9299056
113690,9299056
113694,9299056
113695,9299056
113697,9299056
113698,9299056
113699,9299056
113700,9299056
3551,9304057
3552,9304057
3554,9304057
3555,9304057
3556,9304057
3559,9304057
3561,9304057
3563,9304057
3564,9304057
3565,9304057
3566,9304057
3568,9304057
3569,9304057
3570,9304057
3571,9304057
3573,9304057
3574,9304057
3575,9304057
3576,9304057
3577,9304057
3578,9304057
3579,9304057
3580,9304057
3581,9304057
3582,9304057
3583,9304057
3584,9304057
3585,9304057
3586,9304057
3587,9304057
3588,9304057
3590,9304057
3591,9304057
3593,9304057
3594,9304057
3596,9304057
3597,9304057
3598,9304057
3599,9304057
3600,9304057
2401,9320087
2402,9320087
2403,9320087
2404,9320087
2405,9320087
2406,9320087
2407,9320087
2408,9320087
2410,9320087
2412,9320087
2413,9320087
2414,9320087
2415,9320087
2416,9320087
2417,9320087
2418,9320087
2419,9320087
2420,9320087
2421,9320087
2424,9320087
2425,9320087
2426,9320087
2430,9320087
2431,9320087
2432,9320087
2433,9320087
2434,9320087
2435,9320087
2436,9320087
2437,9320087
2438,9320087
2439,9320087
2440,9320087
2441,9320087
2443,9320087
2445,9320087
2446,9320087
2447,9320087
2448,9320087
2449,9320087
2501,9320099
2502,9320099
2503,9320099
2504,9320099
2505,9320099
2506,9320099
2507,9320099
2509,9320099
2510,9320099
2511,9320099
2512,9320099
2513,9320099
2514,9320099
2516,9320099
2517,9320099
2519,9320099
2521,9320099
2522,9320099
2523,9320099
2524,9320099
2526,9320099
2527,9320099
2528,9320099
2529,9320099
2530,9320099
2533,9320099
2534,9320099
2535,9320099
2536,9320099
2539,9320099
2540,9320099
2542,9320099
2543,9320099
2544,9320099
2545,9320099
2546,9320099
2547,9320099
2548,9320099
2549,9320099
2550,9320099
13101,9320544
13102,9320544
13103,9320544
13104,9320544
13105,9320544
13106,9320544
13107,9320544
13108,9320544
13109,9320544
13110,9320544
13112,9320544
13113,9320544
13114,9320544
13116,9320544
13118,9320544
13119,9320544
13121,9320544
13122,9320544
13123,9320544
13126,9320544
13127,9320544
13128,9320544
13129,9320544
13130,9320544
13132,9320544
13134,9320544
13135,9320544
13136,9320544
13137,9320544
13138,9320544
13139,9320544
13142,9320544
13143,9320544
13144,9320544
13145,9320544
13146,9320544
13147,9320544
13148,9320544
13149,9320544
13150,9320544
146201,9329095
146202,9329095
146203,9329095
146205,9329095
146206,9329095
146207,9329095
146209,9329095
146210,9329095
146211,9329095
146212,9329095
146213,9329095
146215,9329095
146216,9329095
146217,9329095
146218,9329095
146220,9329095
146221,9329095
146223,9329095
146225,9329095
146227,9329095
146228,9329095
146229,9329095
146231,9329095
146232,9329095
146233,9329095
146234,9329095
146235,9329095
146236,9329095
146237,9329095
146238,9329095
146239,9329095
146240,9329095
146241,9329095
146242,9329095
146243,9329095
146245,9329095
146246,9329095
146247,9329095
146249,9329095
146250,9329095
3301,9333151
3302,9333151
3303,9333151
3305,9333151
3306,9333151
3307,9333151
3308,9333151
3309,9333151
3311,9333151
3313,9333151
3315,9333151
3316,9333151
3319,9333151
3320,9333151
3321,9333151
3322,9333151
3323,9333151
3324,9333151
3325,9333151
3326,9333151
3327,9333151
3330,9333151
3331,9333151
3332,9333151
3333,9333151
3334,9333151
3335,9333151
3336,9333151
3337,9333151
3338,9333151
3339,9333151
3340,9333151
3341,9333151
3343,9333151
3345,9333151
3346,9333151
3347,9333151
3348,9333151
3349,9333151
3350,9333151
17751,9334856
17752,9334856
17753,9334856
17754,9334856
17755,9334856
17756,9334856
17759,9334856
17761,9334856
17762,9334856
17763,9334856
17764,9334856
17766,9334856
17767,9334856
17768,9334856
17769,9334856
17770,9334856
17771,9334856
17772,9334856
17773,9334856
17774,9334856
17775,9334856
17778,9334856
17779,9334856
17780,9334856
17782,9334856
17783,9334856
17784,9334856
17785,9334856
17786,9334856
17788,9334856
17789,9334856
17790,9334856
17791,9334856
17792,9334856
17793,9334856
17794,9334856
17795,9334856
17796,9334856
17798,9334856
17800,9334856
259001,9336529
259003,9336529
259006,9336529
259007,9336529
259009,9336529
259010,9336529
259011,9336529
259012,9336529
259013,9336529
259014,9336529
259016,9336529
259019,9336529
259021,9336529
259022,9336529
259023,9336529
259024,9336529
259025,9336529
259026,9336529
259027,9336529
259028,9336529
259029,9336529
259030,9336529
259031,9336529
259032,9336529
259033,9336529
259034,9336529
259035,9336529
259036,9336529
259037,9336529
259038,9336529
259039,9336529
259040,9336529
259041,9336529
259042,9336529
259044,9336529
259045,9336529
259047,9336529
259048,9336529
259049,9336529
259050,9336529
25251,9355733
25252,9355733
25253,9355733
25254,9355733
25255,9355733
25257,9355733
25258,9355733
25259,9355733
25260,9355733
25262,9355733
25263,9355733
25264,9355733
25265,9355733
25266,9355733
25267,9355733
25268,9355733
25270,9355733
25271,9355733
25272,9355733
25273,9355733
25274,9355733
25276,9355733
25278,9355733
25279,9355733
25280,9355733
25281,9355733
25282,9355733
25283,9355733
25284,9355733
25285,9355733
25286,9355733
25287,9355733
25288,9355733
25290,9355733
25292,9355733
25294,9355733
25295,9355733
25297,9355733
25298,9355733
25299,9355733
6501,9362542
6503,9362542
6505,9362542
6506,9362542
6508,9362542
6511,9362542
6512,9362542
6513,9362542
6514,9362542
6515,9362542
6516,9362542
6517,9362542
6518,9362542
6520,9362542
6521,9362542
6522,9362542
6523,9362542
6524,9362542
6525,9362542
6526,9362542
6527,9362542
6528,9362542
6529,9362542
6530,9362542
6531,9362542
6532,9362542
6534,9362542
6536,9362542
6538,9362542
6539,9362542
6540,9362542
6541,9362542
6543,9362542
6544,9362542
6545,9362542
6546,9362542
6547,9362542
6548,9362542
6549,9362542
6550,9362542
241951,9364980
241952,9364980
241953,9364980
241954,9364980
241955,9364980
241956,9364980
241957,9364980
241958,9364980
241960,9364980
241961,9364980
241962,9364980
241964,9364980
241966,9364980
241967,9364980
241968,9364980
241970,9364980
241972,9364980
241973,9364980
241974,9364980
241976,9364980
241977,9364980
241978,9364980
241979,9364980
241980,9364980
241981,9364980
241982,9364980
241983,9364980
241984,9364980
241985,9364980
241986,9364980
241987,9364980
241989,9364980
241990,9364980
241992,9364980
241993,9364980
241995,9364980
241997,9364980
241998,9364980
241999,9364980
242000,9364980
21751,9378462
21752,9378462
21753,9378462
21754,9378462
21755,9378462
21756,9378462
21760,9378462
21761,9378462
21763,9378462
21764,9378462
21765,9378462
21766,9378462
21767,9378462
21768,9378462
21770,9378462
21771,9378462
21772,9378462
21774,9378462
21775,9378462
21777,9378462
21778,9378462
21779,9378462
21780,9378462
21781,9378462
21782,9378462
21784,9378462
21785,9378462
21786,9378462
21787,9378462
21788,9378462
21789,9378462
21790,9378462
21791,9378462
21792,9378462
21793,9378462
21795,9378462
21796,9378462
21798,9378462
21799,9378462
21800,9378462
2701,9378498
2703,9378498
2704,9378498
2705,9378498
2706,9378498
2708,9378498
2712,9378498
2713,9378498
2714,9378498
2715,9378498
2716,9378498
2717,9378498
2719,9378498
2720,9378498
2721,9378498
2722,9378498
2723,9378498
2724,9378498
2725,9378498
2726,9378498
2727,9378498
2728,9378498
2729,9378498
2731,9378498
2732,9378498
2734,9378498
2735,9378498
2736,9378498
2737,9378498
2740,9378498
2741,9378498
2742,9378498
2743,9378498
2744,9378498
2745,9378498
2746,9378498
2747,9378498
2748,9378498
2749,9378498
2750,9378498
129551,9383948
129553,9383948
129554,9383948
129555,9383948
129557,9383948
129558,9383948
129559,9383948
129560,9383948
129561,9383948
129563,9383948
129564,9383948
129565,9383948
129566,9383948
129567,9383948
129568,9383948
129570,9383948
129572,9383948
129573,9383948
129574,9383948
129575,9383948
129577,9383948
129578,9383948
129579,9383948
129580,9383948
129581,9383948
129583,9383948
129584,9383948
129585,9383948
129586,9383948
129587,9383948
129588,9383948
129589,9383948
129590,9383948
129591,9383948
129593,9383948
129594,9383948
129595,9383948
129596,9383948
129597,9383948
129598,9383948
3801,9387085
3803,9387085
3804,9387085
3806,9387085
3807,9387085
3808,9387085
3809,9387085
3810,9387085
3812,9387085
3813,9387085
3814,9387085
3815,9387085
3816,9387085
3817,9387085
3818,9387085
3820,9387085
3822,9387085
3824,9387085
3825,9387085
3826,9387085
3827,9387085
3828,9387085
3829,9387085
3830,9387085
3831,9387085
3832,9387085
3834,9387085
3835,9387085
3836,9387085
3838,9387085
3840,9387085
3841,9387085
3842,9387085
3844,9387085
3845,9387085
3846,9387085
3847,9387085
3848,9387085
3849,9387085
3850,9387085
322152,9398010
322153,9398010
322154,9398010
322155,9398010
322156,9398010
322157,9398010
322158,9398010
322159,9398010
322160,9398010
322161,9398010
322162,9398010
322163,9398010
322164,9398010
322166,9398010
322167,9398010
322168,9398010
322169,9398010
322170,9398010
322171,9398010
322172,9398010
322174,9398010
322175,9398010
322176,9398010
322178,9398010
322179,9398010
322181,9398010
322182,9398010
322183,9398010
322184,9398010
322185,9398010
322186,9398010
322187,9398010
322188,9398010
322189,9398010
322190,9398010
322192,9398010
322193,9398010
322194,9398010
322195,9398010
322199,9398010
4901,9398888
4902,9398888
4903,9398888
4904,9398888
4906,9398888
4907,9398888
4908,9398888
4909,9398888
4910,9398888
4911,9398888
4912,9398888
4913,9398888
4914,9398888
4915,9398888
4916,9398888
4917,9398888
4918,9398888
4919,9398888
4920,9398888
4921,9398888
4922,9398888
4923,9398888
4924,9398888
4925,9398888
4926,9398888
4927,9398888
4928,9398888
4929,9398888
4930,9398888
4936,9398888
4937,9398888
4938,9398888
4939,9398888
4940,9398888
4941,9398888
4942,9398888
4943,9398888
4947,9398888
4949,9398888
4950,9398888
4401,9398905
4402,9398905
4404,9398905
4406,9398905
4409,9398905
4410,9398905
4411,9398905
4412,9398905
4413,9398905
4414,9398905
4415,9398905
4416,9398905
4417,9398905
4418,9398905
4420,9398905
4421,9398905
4422,9398905
4423,9398905
4425,9398905
4426,9398905
4427,9398905
4428,9398905
4429,9398905
4430,9398905
4431,9398905
4432,9398905
4433,9398905
4434,9398905
4436,9398905
4437,9398905
4438,9398905
4439,9398905
4441,9398905
4442,9398905
4443,9398905
4445,9398905
4446,9398905
4447,9398905
4449,9398905
4450,9398905
5401,9398917
5402,9398917
5403,9398917
5405,9398917
5407,9398917
5408,9398917
5409,9398917
5410,9398917
5411,9398917
5413,9398917
5414,9398917
5415,9398917
5416,9398917
5417,9398917
5418,9398917
5419,9398917
5420,9398917
5421,9398917
5423,9398917
5424,9398917
5425,9398917
5426,9398917
5429,9398917
5431,9398917
5433,9398917
5434,9398917
5435,9398917
5436,9398917
5437,9398917
5438,9398917
5439,9398917
5440,9398917
5441,9398917
5443,9398917
5444,9398917
5445,9398917
5446,9398917
5447,9398917
5448,9398917
5449,9398917
4601,9404314
4602,9404314
4603,9404314
4604,9404314
4605,9404314
4606,9404314
4608,9404314
4609,9404314
4611,9404314
4612,9404314
4614,9404314
4615,9404314
4616,9404314
4617,9404314
4620,9404314
4621,9404314
4622,9404314
4623,9404314
4624,9404314
4625,9404314
4626,9404314
4627,9404314
4628,9404314
4630,9404314
4631,9404314
4632,9404314
4633,9404314
4634,9404314
4635,9404314
4636,9404314
4637,9404314
4638,9404314
4640,9404314
4641,9404314
4643,9404314
4644,9404314
4645,9404314
4647,9404314
4649,9404314
4650,9404314
10653,9410569
10655,9410569
10657,9410569
10658,9410569
10659,9410569
10660,9410569
10661,9410569
10662,9410569
10663,9410569
10665,9410569
10667,9410569
10668,9410569
10669,9410569
10671,9410569
10672,9410569
10673,9410569
10674,9410569
10675,9410569
10676,9410569
10677,9410569
10678,9410569
10679,9410569
10680,9410569
10682,9410569
10683,9410569
10684,9410569
10685,9410569
10686,9410569
10688,9410569
10689,9410569
10690,9410569
10691,9410569
10692,9410569
10693,9410569
10694,9410569
10695,9410569
10696,9410569
10697,9410569
10698,9410569
10699,9410569
10602,9417086
10603,9417086
10605,9417086
10606,9417086
10607,9417086
10608,9417086
10609,9417086
10610,9417086
10612,9417086
10613,9417086
10615,9417086
10617,9417086
10618,9417086
10620,9417086
10622,9417086
10623,9417086
10624,9417086
10625,9417086
10626,9417086
10627,9417086
10628,9417086
10629,9417086
10630,9417086
10631,9417086
10632,9417086
10633,9417086
10634,9417086
10636,9417086
10637,9417086
10638,9417086
10640,9417086
10641,9417086
10642,9417086
10643,9417086
10644,9417086
10645,9417086
10646,9417086
10647,9417086
10648,9417086
10649,9417086
101651,9432799
101652,9432799
101653,9432799
101654,9432799
101655,9432799
101658,9432799
101659,9432799
101660,9432799
101661,9432799
101662,9432799
101663,9432799
101664,9432799
101665,9432799
101666,9432799
101667,9432799
101671,9432799
101672,9432799
101674,9432799
101675,9432799
101676,9432799
101677,9432799
101679,9432799
101680,9432799
101681,9432799
101682,9432799
101683,9432799
101684,9432799
101685,9432799
101686,9432799
101688,9432799
101689,9432799
101690,9432799
101691,9432799
101692,9432799
101693,9432799
101694,9432799
101695,9432799
101697,9432799
101699,9432799
101700,9432799
16301,9437866
16302,9437866
16303,9437866
16307,9437866
16308,9437866
16309,9437866
16310,9437866
16311,9437866
16312,9437866
16313,9437866
16314,9437866
16315,9437866
16316,9437866
16317,9437866
16318,9437866
16319,9437866
16320,9437866
16321,9437866
16322,9437866
16324,9437866
16325,9437866
16327,9437866
16329,9437866
16331,9437866
16333,9437866
16334,9437866
16335,9437866
16336,9437866
16337,9437866
16338,9437866
16339,9437866
16340,9437866
16341,9437866
16342,9437866
16343,9437866
16344,9437866
16346,9437866
16348,9437866
16349,9437866
16350,9437866
9201,9451094
9202,9451094
9203,9451094
9205,9451094
9206,9451094
9207,9451094
9208,9451094
9209,9451094
9211,9451094
9212,9451094
9214,9451094
9215,9451094
9216,9451094
9217,9451094
9218,9451094
9220,9451094
9221,9451094
9222,9451094
9224,9451094
9225,9451094
9227,9451094
9228,9451094
9230,9451094
9231,9451094
9232,9451094
9233,9451094
9234,9451094
9235,9451094
9236,9451094
9237,9451094
9238,9451094
9240,9451094
9241,9451094
9242,9451094
9243,9451094
9244,9451094
9245,9451094
9246,9451094
9248,9451094
9250,9451094
851,9477438
852,9477438
853,9477438
854,9477438
855,9477438
857,9477438
858,9477438
859,9477438
860,9477438
861,9477438
862,9477438
863,9477438
864,9477438
865,9477438
866,9477438
867,9477438
868,9477438
869,9477438
870,9477438
872,9477438
873,9477438
875,9477438
876,9477438
877,9477438
878,9477438
880,9477438
881,9477438
882,9477438
884,9477438
885,9477438
886,9477438
887,9477438
888,9477438
889,9477438
890,9477438
891,9477438
893,9477438
896,9477438
897,9477438
898,9477438
48301,9479852
48302,9479852
48303,9479852
48304,9479852
48305,9479852
48308,9479852
48309,9479852
48310,9479852
48311,9479852
48312,9479852
48313,9479852
48317,9479852
48318,9479852
48319,9479852
48320,9479852
48321,9479852
48322,9479852
48323,9479852
48324,9479852
48325,9479852
48327,9479852
48328,9479852
48331,9479852
48333,9479852
48334,9479852
48335,9479852
48336,9479852
48337,9479852
48338,9479852
48339,9479852
48340,9479852
48341,9479852
48342,9479852
48343,9479852
48344,9479852
48345,9479852
48346,9479852
48347,9479852
48348,9479852
48349,9479852
82302,9479864
82303,9479864
82304,9479864
82305,9479864
82306,9479864
82307,9479864
82308,9479864
82309,9479864
82310,9479864
82311,9479864
82312,9479864
82313,9479864
82314,9479864
82316,9479864
82318,9479864
82319,9479864
82320,9479864
82321,9479864
82322,9479864
82323,9479864
82324,9479864
82325,9479864
82326,9479864
82327,9479864
82329,9479864
82330,9479864
82331,9479864
82333,9479864
82336,9479864
82337,9479864
82338,9479864
82339,9479864
82340,9479864
82341,9479864
82342,9479864
82343,9479864
82344,9479864
82346,9479864
82348,9479864
82349,9479864
5351,9490040
5352,9490040
5353,9490040
5354,9490040
5355,9490040
5356,9490040
5357,9490040
5359,9490040
5360,9490040
5361,9490040
5362,9490040
5363,9490040
5365,9490040
5366,9490040
5367,9490040
5369,9490040
5370,9490040
5371,9490040
5373,9490040
5374,9490040
5376,9490040
5377,9490040
5378,9490040
5380,9490040
5381,9490040
5383,9490040
5384,9490040
5385,9490040
5386,9490040
5387,9490040
5388,9490040
5389,9490040
5390,9490040
5391,9490040
5393,9490040
5394,9490040
5395,9490040
5396,9490040
5397,9490040
5400,9490040
24201,9490052
24203,9490052
24204,9490052
24205,9490052
24206,9490052
24207,9490052
24208,9490052
24209,9490052
24212,9490052
24213,9490052
24214,9490052
24215,9490052
24216,9490052
24217,9490052
24218,9490052
24219,9490052
24220,9490052
24221,9490052
24222,9490052
24226,9490052
24227,9490052
24228,9490052
24229,9490052
24230,9490052
24231,9490052
24232,9490052
24233,9490052
24234,9490052
24235,9490052
24236,9490052
24237,9490052
24238,9490052
24239,9490052
24240,9490052
24241,9490052
24242,9490052
24243,9490052
24245,9490052
24247,9490052
24249,9490052
7452,9502506
7453,9502506
7454,9502506
7455,9502506
7456,9502506
7457,9502506
7458,9502506
7460,9502506
7461,9502506
7462,9502506
7463,9502506
7464,9502506
7465,9502506
7467,9502506
7468,9502506
7469,9502506
7470,9502506
7472,9502506
7475,9502506
7476,9502506
7477,9502506
7478,9502506
7480,9502506
7481,9502506
7482,9502506
7483,9502506
7484,9502506
7486,9502506
7487,9502506
7488,9502506
7490,9502506
7491,9502506
7492,9502506
7493,9502506
7494,9502506
7495,9502506
7496,9502506
7497,9502506
7499,9502506
7500,9502506
346252,9512537
346253,9512537
346255,9512537
346256,9512537
346257,9512537
346259,9512537
346260,9512537
346261,9512537
346263,9512537
346265,9512537
346266,9512537
346267,9512537
346268,9512537
346269,9512537
346271,9512537
346272,9512537
346273,9512537
346274,9512537
346275,9512537
346276,9512537
346277,9512537
346278,9512537
346280,9512537
346281,9512537
346282,9512537
346283,9512537
346284,9512537
346285,9512537
346286,9512537
346289,9512537
346290,9512537
346291,9512537
346292,9512537
346293,9512537
346294,9512537
346295,9512537
346297,9512537
346298,9512537
346299,9512537
346300,9512537
206651,9555723
206652,9555723
206653,9555723
206654,9555723
206655,9555723
206656,9555723
206657,9555723
206660,9555723
206661,9555723
206662,9555723
206663,9555723
206664,9555723
206665,9555723
206666,9555723
206667,9555723
206668,9555723
206670,9555723
206672,9555723
206673,9555723
206674,9555723
206675,9555723
206676,9555723
206677,9555723
206678,9555723
206679,9555723
206680,9555723
206681,9555723
206682,9555723
206683,9555723
206684,9555723
206687,9555723
206688,9555723
206691,9555723
206693,9555723
206694,9555723
206695,9555723
206696,9555723
206697,9555723
206698,9555723
206700,9555723
22101,9584712
22103,9584712
22105,9584712
22106,9584712
22107,9584712
22108,9584712
22109,9584712
22110,9584712
22112,9584712
22113,9584712
22114,9584712
22115,9584712
22116,9584712
22117,9584712
22119,9584712
22121,9584712
22122,9584712
22124,9584712
22125,9584712
22126,9584712
22127,9584712
22128,9584712
22129,9584712
22130,9584712
22131,9584712
22132,9584712
22133,9584712
22135,9584712
22136,9584712
22137,9584712
22139,9584712
22140,9584712
22141,9584712
22142,9584712
22144,9584712
22146,9584712
22147,9584712
22148,9584712
22149,9584712
22150,9584712
13501,9585285
13502,9585285
13503,9585285
13504,9585285
13505,9585285
13506,9585285
13507,9585285
13508,9585285
13509,9585285
13510,9585285
13512,9585285
13513,9585285
13514,9585285
13515,9585285
13517,9585285
13518,9585285
13519,9585285
13523,9585285
13524,9585285
13525,9585285
13526,9585285
13527,9585285
13528,9585285
13529,9585285
13530,9585285
13531,9585285
13533,9585285
13534,9585285
13535,9585285
13536,9585285
13538,9585285
13539,9585285
13541,9585285
13542,9585285
13543,9585285
13544,9585285
13546,9585285
13547,9585285
13549,9585285
13550,9585285
9701,9601132
9703,9601132
9704,9601132
9706,9601132
9707,9601132
9708,9601132
9709,9601132
9710,9601132
9711,9601132
9712,9601132
9713,9601132
9716,9601132
9717,9601132
9720,9601132
9721,9601132
9722,9601132
9723,9601132
9724,9601132
9725,9601132
9727,9601132
9728,9601132
9729,9601132
9730,9601132
9731,9601132
9732,9601132
9733,9601132
9734,9601132
9735,9601132
9738,9601132
9739,9601132
9741,9601132
9742,9601132
9743,9601132
9744,9601132
9745,9601132
9746,9601132
9747,9601132
9748,9601132
9749,9601132
9750,9601132
9652,9616230
9653,9616230
9654,9616230
9655,9616230
9656,9616230
9657,9616230
9659,9616230
9660,9616230
9662,9616230
9663,9616230
9664,9616230
9665,9616230
9666,9616230
9669,9616230
9671,9616230
9672,9616230
9673,9616230
9674,9616230
9675,9616230
9676,9616230
9677,9616230
9678,9616230
9679,9616230
9680,9616230
9681,9616230
9682,9616230
9684,9616230
9685,9616230
9686,9616230
9687,9616230
9688,9616230
9689,9616230
9690,9616230
9691,9616230
9692,9616230
9694,9616230
9695,9616230
9696,9616230
9698,9616230
9700,9616230
48251,9641730
48252,9641730
48253,9641730
48254,9641730
48255,9641730
48256,9641730
48257,9641730
48258,9641730
48259,9641730
48260,9641730
48261,9641730
48262,9641730
48263,9641730
48264,9641730
48266,9641730
48267,9641730
48269,9641730
48270,9641730
48271,9641730
48272,9641730
48273,9641730
48275,9641730
48276,9641730
48277,9641730
48278,9641730
48279,9641730
48280,9641730
48281,9641730
48284,9641730
48285,9641730
48286,9641730
48288,9641730
48290,9641730
48291,9641730
48292,9641730
48293,9641730
48295,9641730
48297,9641730
48298,9641730
48299,9641730
166551,9650418
166552,9650418
166553,9650418
166554,9650418
166556,9650418
166557,9650418
166559,9650418
166560,9650418
166561,9650418
166562,9650418
166563,9650418
166564,9650418
166565,9650418
166567,9650418
166568,9650418
166569,9650418
166570,9650418
166571,9650418
166573,9650418
166576,9650418
166577,9650418
166578,9650418
166579,9650418
166583,9650418
166584,9650418
166585,9650418
166586,9650418
166587,9650418
166588,9650418
166589,9650418
166590,9650418
166591,9650418
166592,9650418
166593,9650418
166594,9650418
166595,9650418
166597,9650418
166598,9650418
166599,9650418
166600,9650418
373402,9657090
373403,9657090
373405,9657090
373407,9657090
373408,9657090
373409,9657090
373410,9657090
373412,9657090
373413,9657090
373414,9657090
373415,9657090
373416,9657090
373418,9657090
373419,9657090
373420,9657090
373421,9657090
373422,9657090
373423,9657090
373424,9657090
373425,9657090
373426,9657090
373427,9657090
373428,9657090
373429,9657090
373430,9657090
373431,9657090
373432,9657090
373436,9657090
373437,9657090
373438,9657090
373439,9657090
373440,9657090
373441,9657090
373443,9657090
373445,9657090
373446,9657090
373447,9657090
373448,9657090
373449,9657090
373450,9657090
