290551,7400704
290552,7400704
290553,7400704
290554,7400704
290555,7400704
290556,7400704
290557,7400704
290559,7400704
290560,7400704
290561,7400704
290562,7400704
290563,7400704
290564,7400704
290566,7400704
290567,7400704
290568,7400704
290569,7400704
290570,7400704
290571,7400704
290573,7400704
290574,7400704
290575,7400704
290576,7400704
290578,7400704
290579,7400704
290580,7400704
290581,7400704
290582,7400704
290584,7400704
290585,7400704
290586,7400704
290587,7400704
290588,7400704
290589,7400704
290590,7400704
290592,7400704
290594,7400704
290597,7400704
290599,7400704
290600,7400704
132101,8203232
132102,8203232
132104,8203232
132107,8203232
132108,8203232
132109,8203232
132110,8203232
132111,8203232
132112,8203232
132113,8203232
132114,8203232
132115,8203232
132117,8203232
132119,8203232
132120,8203232
132121,8203232
132122,8203232
132123,8203232
132124,8203232
132125,8203232
132126,8203232
132127,8203232
132128,8203232
132129,8203232
132131,8203232
132132,8203232
132133,8203232
132136,8203232
132137,8203232
132138,8203232
132139,8203232
132140,8203232
132141,8203232
132143,8203232
132144,8203232
132145,8203232
132146,8203232
132147,8203232
132148,8203232
132150,8203232
68701,8716514
68702,8716514
68703,8716514
68705,8716514
68706,8716514
68707,8716514
68709,8716514
68710,8716514
68711,8716514
68712,8716514
68714,8716514
68715,8716514
68716,8716514
68719,8716514
68720,8716514
68721,8716514
68722,8716514
68723,8716514
68724,8716514
68725,8716514
68726,8716514
68727,8716514
68728,8716514
68729,8716514
68730,8716514
68731,8716514
68732,8716514
68733,8716514
68735,8716514
68736,8716514
68737,8716514
68739,8716514
68740,8716514
68741,8716514
68743,8716514
68744,8716514
68745,8716514
68747,8716514
68748,8716514
68750,8716514
58751,8800298
58752,8800298
58753,8800298
58754,8800298
58755,8800298
58756,8800298
58758,8800298
58759,8800298
58761,8800298
58763,8800298
58764,8800298
58765,8800298
58766,8800298
58767,8800298
58768,8800298
58769,8800298
58770,8800298
58773,8800298
58774,8800298
58775,8800298
58776,8800298
58777,8800298
58778,8800298
58780,8800298
58781,8800298
58783,8800298
58785,8800298
58786,8800298
58787,8800298
58788,8800298
58790,8800298
58791,8800298
58792,8800298
58793,8800298
58794,8800298
58795,8800298
58797,8800298
58798,8800298
58799,8800298
58800,8800298
101151,8810700
101152,8810700
101153,8810700
101154,8810700
101155,8810700
101156,8810700
101157,8810700
101158,8810700
101159,8810700
101160,8810700
101161,8810700
101162,8810700
101163,8810700
101164,8810700
101165,8810700
101166,8810700
101167,8810700
101168,8810700
101169,8810700
101170,8810700
101172,8810700
101173,8810700
101174,8810700
101175,8810700
101177,8810700
101179,8810700
101181,8810700
101182,8810700
101183,8810700
101185,8810700
101186,8810700
101187,8810700
101191,8810700
101192,8810700
101193,8810700
101194,8810700
101195,8810700
101197,8810700
101198,8810700
101200,8810700
370103,8811754
370104,8811754
370105,8811754
370106,8811754
370107,8811754
370108,8811754
370109,8811754
370110,8811754
370111,8811754
370112,8811754
370114,8811754
370115,8811754
370116,8811754
370117,8811754
370118,8811754
370119,8811754
370120,8811754
370121,8811754
370122,8811754
370123,8811754
370124,8811754
370125,8811754
370127,8811754
370128,8811754
370129,8811754
370130,8811754
370131,8811754
370132,8811754
370133,8811754
370134,8811754
370135,8811754
370136,8811754
370138,8811754
370142,8811754
370143,8811754
370144,8811754
370146,8811754
370147,8811754
370148,8811754
370149,8811754
141351,8811766
141352,8811766
141354,8811766
141355,8811766
141356,8811766
141358,8811766
141359,8811766
141360,8811766
141361,8811766
141363,8811766
141364,8811766
141365,8811766
141366,8811766
141367,8811766
141371,8811766
141372,8811766
141373,8811766
141374,8811766
141375,8811766
141376,8811766
141377,8811766
141378,8811766
141379,8811766
141380,8811766
141381,8811766
141383,8811766
141384,8811766
141385,8811766
141386,8811766
141387,8811766
141389,8811766
141390,8811766
141391,8811766
141392,8811766
141393,8811766
141395,8811766
141396,8811766
141397,8811766
141398,8811766
141400,8811766
352851,8813116
352852,8813116
352853,8813116
352854,8813116
352857,8813116
352858,8813116
352859,8813116
352860,8813116
352861,8813116
352862,8813116
352863,8813116
352864,8813116
352865,8813116
352866,8813116
352867,8813116
352869,8813116
352870,8813116
352871,8813116
352872,8813116
352873,8813116
352875,8813116
352876,8813116
352877,8813116
352879,8813116
352880,8813116
352881,8813116
352882,8813116
352883,8813116
352884,8813116
352885,8813116
352886,8813116
352887,8813116
352888,8813116
352889,8813116
352890,8813116
352891,8813116
352893,8813116
352896,8813116
352899,8813116
352900,8813116
110901,8817693
110902,8817693
110903,8817693
110904,8817693
110905,8817693
110907,8817693
110909,8817693
110910,8817693
110912,8817693
110913,8817693
110914,8817693
110915,8817693
110916,8817693
110917,8817693
110918,8817693
110919,8817693
110921,8817693
110922,8817693
110924,8817693
110925,8817693
110926,8817693
110928,8817693
110929,8817693
110930,8817693
110932,8817693
110933,8817693
110934,8817693
110935,8817693
110936,8817693
110937,8817693
110938,8817693
110941,8817693
110942,8817693
110943,8817693
110944,8817693
110945,8817693
110946,8817693
110947,8817693
110948,8817693
110949,8817693
311201,8818817
311203,8818817
311204,8818817
311206,8818817
311207,8818817
311208,8818817
311209,8818817
311211,8818817
311212,8818817
311215,8818817
311216,8818817
311217,8818817
311218,8818817
311219,8818817
311220,8818817
311222,8818817
311223,8818817
311224,8818817
311225,8818817
311227,8818817
311228,8818817
311229,8818817
311230,8818817
311231,8818817
311232,8818817
311233,8818817
311234,8818817
311235,8818817
311236,8818817
311237,8818817
311238,8818817
311239,8818817
311240,8818817
311241,8818817
311242,8818817
311243,8818817
311245,8818817
311247,8818817
311249,8818817
311250,8818817
215151,9003275
215153,9003275
215154,9003275
215155,9003275
215156,9003275
215158,9003275
215160,9003275
215161,9003275
215163,9003275
215164,9003275
215165,9003275
215166,9003275
215167,9003275
215168,9003275
215169,9003275
215170,9003275
215171,9003275
215172,9003275
215173,9003275
215174,9003275
215175,9003275
215177,9003275
215178,9003275
215180,9003275
215181,9003275
215183,9003275
215184,9003275
215185,9003275
215186,9003275
215187,9003275
215188,9003275
215189,9003275
215192,9003275
215193,9003275
215194,9003275
215195,9003275
215196,9003275
215197,9003275
215198,9003275
215199,9003275
250801,9003287
250803,9003287
250804,9003287
250805,9003287
250806,9003287
250807,9003287
250809,9003287
250810,9003287
250812,9003287
250813,9003287
250814,9003287
250815,9003287
250816,9003287
250817,9003287
250820,9003287
250822,9003287
250823,9003287
250824,9003287
250826,9003287
250827,9003287
250828,9003287
250829,9003287
250830,9003287
250832,9003287
250833,9003287
250834,9003287
250836,9003287
250837,9003287
250838,9003287
250839,9003287
250840,9003287
250841,9003287
250842,9003287
250843,9003287
250844,9003287
250845,9003287
250846,9003287
250847,9003287
250848,9003287
250850,9003287
98652,9034509
98653,9034509
98654,9034509
98655,9034509
98656,9034509
98657,9034509
98658,9034509
98659,9034509
98661,9034509
98663,9034509
98664,9034509
98665,9034509
98666,9034509
98667,9034509
98668,9034509
98669,9034509
98670,9034509
98671,9034509
98672,9034509
98674,9034509
98675,9034509
98677,9034509
98678,9034509
98681,9034509
98683,9034509
98685,9034509
98686,9034509
98687,9034509
98688,9034509
98689,9034509
98690,9034509
98691,9034509
98692,9034509
98693,9034509
98694,9034509
98695,9034509
98696,9034509
98698,9034509
98699,9034509
98700,9034509
96401,9034511
96402,9034511
96403,9034511
96405,9034511
96406,9034511
96407,9034511
96408,9034511
96409,9034511
96411,9034511
96412,9034511
96413,9034511
96416,9034511
96417,9034511
96418,9034511
96419,9034511
96421,9034511
96423,9034511
96424,9034511
96425,9034511
96427,9034511
96428,9034511
96429,9034511
96430,9034511
96431,9034511
96432,9034511
96433,9034511
96434,9034511
96435,9034511
96436,9034511
96438,9034511
96439,9034511
96440,9034511
96441,9034511
96442,9034511
96444,9034511
96445,9034511
96446,9034511
96448,9034511
96449,9034511
96450,9034511
96351,9034523
96352,9034523
96353,9034523
96354,9034523
96355,9034523
96356,9034523
96357,9034523
96359,9034523
96361,9034523
96363,9034523
96365,9034523
96366,9034523
96369,9034523
96370,9034523
96371,9034523
96372,9034523
96374,9034523
96375,9034523
96376,9034523
96377,9034523
96378,9034523
96379,9034523
96380,9034523
96381,9034523
96383,9034523
96384,9034523
96385,9034523
96386,9034523
96388,9034523
96389,9034523
96390,9034523
96391,9034523
96392,9034523
96393,9034523
96395,9034523
96396,9034523
96397,9034523
96398,9034523
96399,9034523
96400,9034523
200602,9040170
200603,9040170
200604,9040170
200605,9040170
200606,9040170
200607,9040170
200608,9040170
200609,9040170
200610,9040170
200611,9040170
200612,9040170
200613,9040170
200614,9040170
200615,9040170
200616,9040170
200617,9040170
200619,9040170
200620,9040170
200621,9040170
200623,9040170
200625,9040170
200626,9040170
200627,9040170
200628,9040170
200629,9040170
200630,9040170
200633,9040170
200634,9040170
200635,9040170
200636,9040170
200637,9040170
200639,9040170
200640,9040170
200641,9040170
200642,9040170
200643,9040170
200644,9040170
200645,9040170
200648,9040170
200649,9040170
140951,9070072
140952,9070072
140953,9070072
140954,9070072
140955,9070072
140956,9070072
140957,9070072
140958,9070072
140959,9070072
140960,9070072
140961,9070072
140962,9070072
140963,9070072
140964,9070072
140966,9070072
140967,9070072
140969,9070072
140971,9070072
140972,9070072
140974,9070072
140976,9070072
140977,9070072
140978,9070072
140979,9070072
140980,9070072
140983,9070072
140986,9070072
140987,9070072
140988,9070072
140989,9070072
140990,9070072
140992,9070072
140993,9070072
140994,9070072
140995,9070072
140996,9070072
140997,9070072
140998,9070072
140999,9070072
141000,9070072
295601,9102198
295602,9102198
295604,9102198
295606,9102198
295607,9102198
295609,9102198
295610,9102198
295612,9102198
295613,9102198
295614,9102198
295615,9102198
295616,9102198
295617,9102198
295619,9102198
295621,9102198
295622,9102198
295623,9102198
295624,9102198
295625,9102198
295626,9102198
295628,9102198
295629,9102198
295630,9102198
295631,9102198
295632,9102198
295633,9102198
295634,9102198
295635,9102198
295636,9102198
295637,9102198
295638,9102198
295640,9102198
295641,9102198
295643,9102198
295644,9102198
295645,9102198
295646,9102198
295648,9102198
295649,9102198
295650,9102198
131251,9108843
131252,9108843
131253,9108843
131254,9108843
131255,9108843
131256,9108843
131257,9108843
131258,9108843
131259,9108843
131260,9108843
131262,9108843
131263,9108843
131264,9108843
131267,9108843
131268,9108843
131269,9108843
131271,9108843
131272,9108843
131275,9108843
131276,9108843
131277,9108843
131278,9108843
131279,9108843
131280,9108843
131281,9108843
131282,9108843
131284,9108843
131285,9108843
131287,9108843
131288,9108843
131289,9108843
131290,9108843
131291,9108843
131292,9108843
131293,9108843
131294,9108843
131295,9108843
131296,9108843
131298,9108843
131300,9108843
107751,9112143
107753,9112143
107754,9112143
107755,9112143
107756,9112143
107757,9112143
107758,9112143
107759,9112143
107760,9112143
107762,9112143
107763,9112143
107764,9112143
107765,9112143
107768,9112143
107769,9112143
107771,9112143
107772,9112143
107773,9112143
107774,9112143
107775,9112143
107776,9112143
107777,9112143
107778,9112143
107779,9112143
107780,9112143
107781,9112143
107782,9112143
107783,9112143
107784,9112143
107785,9112143
107787,9112143
107788,9112143
107790,9112143
107791,9112143
107792,9112143
107793,9112143
107795,9112143
107798,9112143
107799,9112143
107800,9112143
74552,9112155
74553,9112155
74554,9112155
74555,9112155
74556,9112155
74557,9112155
74558,9112155
74559,9112155
74560,9112155
74561,9112155
74563,9112155
74565,9112155
74566,9112155
74567,9112155
74568,9112155
74569,9112155
74570,9112155
74571,9112155
74572,9112155
74573,9112155
74574,9112155
74575,9112155
74576,9112155
74577,9112155
74578,9112155
74579,9112155
74580,9112155
74581,9112155
74582,9112155
74583,9112155
74584,9112155
74587,9112155
74588,9112155
74591,9112155
74592,9112155
74594,9112155
74595,9112155
74598,9112155
74599,9112155
74600,9112155
83352,9113941
83353,9113941
83354,9113941
83356,9113941
83357,9113941
83358,9113941
83359,9113941
83361,9113941
83362,9113941
83364,9113941
83365,9113941
83368,9113941
83369,9113941
83370,9113941
83371,9113941
83372,9113941
83373,9113941
83374,9113941
83375,9113941
83376,9113941
83379,9113941
83380,9113941
83381,9113941
83382,9113941
83383,9113941
83384,9113941
83385,9113941
83386,9113941
83387,9113941
83389,9113941
83390,9113941
83391,9113941
83392,9113941
83393,9113941
83394,9113941
83395,9113941
83396,9113941
83398,9113941
83399,9113941
83400,9113941
107701,9135781
107702,9135781
107703,9135781
107704,9135781
107705,9135781
107706,9135781
107707,9135781
107708,9135781
107709,9135781
107710,9135781
107711,9135781
107713,9135781
107715,9135781
107718,9135781
107719,9135781
107720,9135781
107721,9135781
107723,9135781
107726,9135781
107727,9135781
107728,9135781
107729,9135781
107730,9135781
107732,9135781
107733,9135781
107734,9135781
107735,9135781
107736,9135781
107737,9135781
107738,9135781
107739,9135781
107740,9135781
107741,9135781
107742,9135781
107743,9135781
107744,9135781
107745,9135781
107746,9135781
107748,9135781
107750,9135781
94301,9142318
94302,9142318
94303,9142318
94305,9142318
94306,9142318
94307,9142318
94309,9142318
94310,9142318
94311,9142318
94312,9142318
94313,9142318
94314,9142318
94315,9142318
94316,9142318
94317,9142318
94318,9142318
94321,9142318
94322,9142318
94323,9142318
94324,9142318
94325,9142318
94326,9142318
94328,9142318
94329,9142318
94330,9142318
94333,9142318
94334,9142318
94335,9142318
94336,9142318
94337,9142318
94338,9142318
94340,9142318
94341,9142318
94343,9142318
94344,9142318
94345,9142318
94346,9142318
94347,9142318
94348,9142318
94350,9142318
281152,9151448
281153,9151448
281154,9151448
281157,9151448
281158,9151448
281160,9151448
281161,9151448
281162,9151448
281163,9151448
281165,9151448
281166,9151448
281167,9151448
281168,9151448
281169,9151448
281170,9151448
281172,9151448
281173,9151448
281174,9151448
281177,9151448
281178,9151448
281179,9151448
281181,9151448
281182,9151448
281183,9151448
281184,9151448
281185,9151448
281186,9151448
281188,9151448
281189,9151448
281190,9151448
281191,9151448
281192,9151448
281193,9151448
281194,9151448
281195,9151448
281196,9151448
281197,9151448
281198,9151448
281199,9151448
281200,9151448
78101,9161065
78104,9161065
78105,9161065
78108,9161065
78109,9161065
78110,9161065
78111,9161065
78112,9161065
78114,9161065
78115,9161065
78116,9161065
78117,9161065
78118,9161065
78119,9161065
78120,9161065
78121,9161065
78123,9161065
78124,9161065
78125,9161065
78126,9161065
78127,9161065
78128,9161065
78129,9161065
78130,9161065
78132,9161065
78133,9161065
78136,9161065
78137,9161065
78138,9161065
78139,9161065
78140,9161065
78141,9161065
78142,9161065
78143,9161065
78145,9161065
78146,9161065
78147,9161065
78148,9161065
78149,9161065
78150,9161065
131003,9167409
131004,9167409
131005,9167409
131008,9167409
131009,9167409
131010,9167409
131011,9167409
131012,9167409
131015,9167409
131016,9167409
131017,9167409
131018,9167409
131019,9167409
131020,9167409
131021,9167409
131022,9167409
131024,9167409
131025,9167409
131026,9167409
131027,9167409
131029,9167409
131030,9167409
131031,9167409
131032,9167409
131033,9167409
131034,9167409
131035,9167409
131036,9167409
131037,9167409
131039,9167409
131040,9167409
131041,9167409
131043,9167409
131044,9167409
131045,9167409
131046,9167409
131047,9167409
131048,9167409
131049,9167409
131050,9167409
105501,9172131
105502,9172131
105503,9172131
105505,9172131
105506,9172131
105507,9172131
105508,9172131
105509,9172131
105510,9172131
105511,9172131
105512,9172131
105513,9172131
105514,9172131
105515,9172131
105517,9172131
105518,9172131
105519,9172131
105520,9172131
105521,9172131
105523,9172131
105525,9172131
105526,9172131
105527,9172131
105528,9172131
105529,9172131
105530,9172131
105531,9172131
105532,9172131
105533,9172131
105534,9172131
105535,9172131
105539,9172131
105540,9172131
105542,9172131
105543,9172131
105544,9172131
105545,9172131
105547,9172131
105548,9172131
105549,9172131
176851,9173068
176852,9173068
176853,9173068
176855,9173068
176856,9173068
176857,9173068
176859,9173068
176860,9173068
176861,9173068
176862,9173068
176863,9173068
176864,9173068
176865,9173068
176866,9173068
176867,9173068
176868,9173068
176870,9173068
176871,9173068
176872,9173068
176873,9173068
176875,9173068
176876,9173068
176878,9173068
176879,9173068
176880,9173068
176881,9173068
176884,9173068
176885,9173068
176887,9173068
176889,9173068
176890,9173068
176891,9173068
176892,9173068
176893,9173068
176894,9173068
176895,9173068
176897,9173068
176898,9173068
176899,9173068
176900,9173068
63102,9176125
63103,9176125
63104,9176125
63105,9176125
63106,9176125
63109,9176125
63110,9176125
63111,9176125
63112,9176125
63113,9176125
63114,9176125
63115,9176125
63117,9176125
63118,9176125
63120,9176125
63121,9176125
63122,9176125
63123,9176125
63125,9176125
63126,9176125
63127,9176125
63128,9176125
63129,9176125
63130,9176125
63131,9176125
63132,9176125
63133,9176125
63136,9176125
63137,9176125
63138,9176125
63139,9176125
63142,9176125
63143,9176125
63144,9176125
63145,9176125
63146,9176125
63147,9176125
63148,9176125
63149,9176125
63150,9176125
130801,9191785
130804,9191785
130805,9191785
130806,9191785
130807,9191785
130808,9191785
130809,9191785
130811,9191785
130812,9191785
130814,9191785
130815,9191785
130816,9191785
130817,9191785
130818,9191785
130819,9191785
130820,9191785
130821,9191785
130822,9191785
130825,9191785
130826,9191785
130827,9191785
130828,9191785
130829,9191785
130830,9191785
130831,9191785
130832,9191785
130833,9191785
130834,9191785
130836,9191785
130837,9191785
130839,9191785
130840,9191785
130841,9191785
130842,9191785
130844,9191785
130845,9191785
130846,9191785
130848,9191785
130849,9191785
130850,9191785
287501,9201906
287502,9201906
287503,9201906
287504,9201906
287505,9201906
287506,9201906
287507,9201906
287508,9201906
287509,9201906
287510,9201906
287511,9201906
287513,9201906
287514,9201906
287515,9201906
287516,9201906
287517,9201906
287518,9201906
287519,9201906
287521,9201906
287522,9201906
287523,9201906
287524,9201906
287525,9201906
287526,9201906
287527,9201906
287530,9201906
287531,9201906
287532,9201906
287533,9201906
287534,9201906
287535,9201906
287536,9201906
287540,9201906
287542,9201906
287543,9201906
287544,9201906
287545,9201906
287546,9201906
287548,9201906
287549,9201906
172402,9227261
172403,9227261
172404,9227261
172405,9227261
172406,9227261
172407,9227261
172409,9227261
172411,9227261
172412,9227261
172413,9227261
172414,9227261
172415,9227261
172416,9227261
172417,9227261
172418,9227261
172419,9227261
172421,9227261
172422,9227261
172424,9227261
172425,9227261
172426,9227261
172427,9227261
172428,9227261
172429,9227261
172430,9227261
172431,9227261
172432,9227261
172433,9227261
172434,9227261
172436,9227261
172437,9227261
172438,9227261
172439,9227261
172440,9227261
172442,9227261
172443,9227261
172444,9227261
172448,9227261
172449,9227261
172450,9227261
367001,9236901
367002,9236901
367003,9236901
367005,9236901
367006,9236901
367007,9236901
367009,9236901
367011,9236901
367012,9236901
367013,9236901
367015,9236901
367016,9236901
367017,9236901
367019,9236901
367020,9236901
367022,9236901
367023,9236901
367025,9236901
367026,9236901
367027,9236901
367028,9236901
367029,9236901
367031,9236901
367032,9236901
367033,9236901
367035,9236901
367036,9236901
367038,9236901
367039,9236901
367040,9236901
367041,9236901
367042,9236901
367043,9236901
367044,9236901
367045,9236901
367046,9236901
367047,9236901
367048,9236901
367049,9236901
367050,9236901
190551,9237747
190552,9237747
190553,9237747
190554,9237747
190555,9237747
190556,9237747
190557,9237747
190558,9237747
190559,9237747
190560,9237747
190562,9237747
190566,9237747
190567,9237747
190569,9237747
190570,9237747
190572,9237747
190573,9237747
190574,9237747
190575,9237747
190576,9237747
190577,9237747
190578,9237747
190579,9237747
190581,9237747
190582,9237747
190583,9237747
190584,9237747
190585,9237747
190586,9237747
190587,9237747
190588,9237747
190589,9237747
190590,9237747
190591,9237747
190592,9237747
190595,9237747
190596,9237747
190597,9237747
190598,9237747
190599,9237747
84853,9256729
84854,9256729
84855,9256729
84856,9256729
84857,9256729
84858,9256729
84859,9256729
84860,9256729
84861,9256729
84862,9256729
84863,9256729
84864,9256729
84866,9256729
84867,9256729
84868,9256729
84870,9256729
84872,9256729
84874,9256729
84875,9256729
84876,9256729
84877,9256729
84878,9256729
84879,9256729
84880,9256729
84881,9256729
84882,9256729
84883,9256729
84884,9256729
84885,9256729
84886,9256729
84887,9256729
84888,9256729
84889,9256729
84891,9256729
84892,9256729
84893,9256729
84895,9256729
84897,9256729
84898,9256729
84900,9256729
116551,9269374
116552,9269374
116553,9269374
116555,9269374
116557,9269374
116558,9269374
116559,9269374
116561,9269374
116563,9269374
116565,9269374
116566,9269374
116567,9269374
116568,9269374
116569,9269374
116570,9269374
116571,9269374
116572,9269374
116573,9269374
116574,9269374
116575,9269374
116578,9269374
116579,9269374
116581,9269374
116582,9269374
116584,9269374
116585,9269374
116586,9269374
116587,9269374
116588,9269374
116589,9269374
116590,9269374
116592,9269374
116593,9269374
116594,9269374
116595,9269374
116596,9269374
116597,9269374
116598,9269374
116599,9269374
116600,9269374
77551,9292101
77552,9292101
77554,9292101
77555,9292101
77556,9292101
77557,9292101
77559,9292101
77560,9292101
77562,9292101
77563,9292101
77566,9292101
77567,9292101
77568,9292101
77569,9292101
77570,9292101
77571,9292101
77572,9292101
77573,9292101
77574,9292101
77577,9292101
77579,9292101
77580,9292101
77581,9292101
77582,9292101
77585,9292101
77586,9292101
77587,9292101
77588,9292101
77589,9292101
77590,9292101
77591,9292101
77592,9292101
77593,9292101
77594,9292101
77595,9292101
77596,9292101
77597,9292101
77598,9292101
77599,9292101
77600,9292101
322952,9342384
322953,9342384
322954,9342384
322955,9342384
322957,9342384
322959,9342384
322960,9342384
322963,9342384
322964,9342384
322965,9342384
322966,9342384
322967,9342384
322968,9342384
322969,9342384
322970,9342384
322971,9342384
322973,9342384
322974,9342384
322975,9342384
322977,9342384
322979,9342384
322980,9342384
322981,9342384
322982,9342384
322983,9342384
322984,9342384
322985,9342384
322987,9342384
322988,9342384
322989,9342384
322990,9342384
322991,9342384
322992,9342384
322993,9342384
322994,9342384
322996,9342384
322997,9342384
322998,9342384
322999,9342384
323000,9342384
66051,9345350
66053,9345350
66054,9345350
66055,9345350
66056,9345350
66057,9345350
66058,9345350
66059,9345350
66061,9345350
66062,9345350
66064,9345350
66065,9345350
66066,9345350
66067,9345350
66068,9345350
66069,9345350
66070,9345350
66072,9345350
66073,9345350
66074,9345350
66075,9345350
66076,9345350
66077,9345350
66078,9345350
66080,9345350
66081,9345350
66083,9345350
66084,9345350
66086,9345350
66087,9345350
66088,9345350
66089,9345350
66090,9345350
66091,9345350
66092,9345350
66094,9345350
66096,9345350
66098,9345350
66099,9345350
66100,9345350
314651,9346902
314652,9346902
314654,9346902
314655,9346902
314656,9346902
314657,9346902
314658,9346902
314659,9346902
314660,9346902
314661,9346902
314663,9346902
314664,9346902
314666,9346902
314667,9346902
314670,9346902
314671,9346902
314672,9346902
314673,9346902
314674,9346902
314676,9346902
314678,9346902
314679,9346902
314682,9346902
314683,9346902
314684,9346902
314685,9346902
314686,9346902
314687,9346902
314688,9346902
314689,9346902
314690,9346902
314691,9346902
314692,9346902
314693,9346902
314695,9346902
314696,9346902
314697,9346902
314698,9346902
314699,9346902
314700,9346902
101901,9350886
101902,9350886
101905,9350886
101906,9350886
101908,9350886
101909,9350886
101910,9350886
101911,9350886
101912,9350886
101913,9350886
101914,9350886
101915,9350886
101916,9350886
101917,9350886
101919,9350886
101920,9350886
101921,9350886
101922,9350886
101923,9350886
101924,9350886
101925,9350886
101926,9350886
101927,9350886
101928,9350886
101929,9350886
101930,9350886
101931,9350886
101933,9350886
101934,9350886
101936,9350886
101938,9350886
101939,9350886
101940,9350886
101941,9350886
101942,9350886
101943,9350886
101944,9350886
101948,9350886
101949,9350886
101950,9350886
171001,9377951
171002,9377951
171003,9377951
171004,9377951
171005,9377951
171006,9377951
171007,9377951
171008,9377951
171009,9377951
171010,9377951
171012,9377951
171013,9377951
171016,9377951
171017,9377951
171018,9377951
171019,9377951
171020,9377951
171022,9377951
171023,9377951
171024,9377951
171026,9377951
171027,9377951
171028,9377951
171030,9377951
171032,9377951
171033,9377951
171034,9377951
171035,9377951
171036,9377951
171037,9377951
171039,9377951
171040,9377951
171042,9377951
171044,9377951
171045,9377951
171046,9377951
171047,9377951
171048,9377951
171049,9377951
171050,9377951
306801,9404625
306803,9404625
306804,9404625
306805,9404625
306806,9404625
306807,9404625
306808,9404625
306810,9404625
306811,9404625
306812,9404625
306814,9404625
306815,9404625
306817,9404625
306818,9404625
306819,9404625
306820,9404625
306821,9404625
306822,9404625
306824,9404625
306825,9404625
306826,9404625
306827,9404625
306828,9404625
306829,9404625
306830,9404625
306832,9404625
306833,9404625
306835,9404625
306836,9404625
306838,9404625
306839,9404625
306840,9404625
306841,9404625
306842,9404625
306843,9404625
306844,9404625
306845,9404625
306846,9404625
306847,9404625
306849,9404625
284901,9474539
284904,9474539
284906,9474539
284907,9474539
284908,9474539
284909,9474539
284910,9474539
284911,9474539
284912,9474539
284913,9474539
284914,9474539
284915,9474539
284916,9474539
284917,9474539
284920,9474539
284921,9474539
284922,9474539
284923,9474539
284924,9474539
284925,9474539
284926,9474539
284927,9474539
284928,9474539
284930,9474539
284931,9474539
284932,9474539
284933,9474539
284934,9474539
284938,9474539
284939,9474539
284940,9474539
284941,9474539
284942,9474539
284943,9474539
284945,9474539
284946,9474539
284947,9474539
284948,9474539
284949,9474539
284950,9474539
346301,9507740
346302,9507740
346303,9507740
346304,9507740
346307,9507740
346308,9507740
346309,9507740
346310,9507740
346311,9507740
346313,9507740
346314,9507740
346318,9507740
346319,9507740
346320,9507740
346322,9507740
346323,9507740
346325,9507740
346326,9507740
346327,9507740
346328,9507740
346329,9507740
346330,9507740
346331,9507740
346333,9507740
346334,9507740
346335,9507740
346336,9507740
346337,9507740
346338,9507740
346339,9507740
346340,9507740
346341,9507740
346343,9507740
346344,9507740
346345,9507740
346346,9507740
346347,9507740
346348,9507740
346349,9507740
346350,9507740
