336702,1002902
336703,1002902
336704,1002902
336705,1002902
336706,1002902
336707,1002902
336708,1002902
336709,1002902
336710,1002902
336711,1002902
336713,1002902
336714,1002902
336716,1002902
336717,1002902
336719,1002902
336722,1002902
336723,1002902
336724,1002902
336726,1002902
336727,1002902
336729,1002902
336730,1002902
336731,1002902
336732,1002902
336733,1002902
336734,1002902
336735,1002902
336736,1002902
336737,1002902
336739,1002902
336740,1002902
336741,1002902
336742,1002902
336743,1002902
336744,1002902
336745,1002902
336746,1002902
336748,1002902
336749,1002902
336750,1002902
201951,1006207
201952,1006207
201953,1006207
201954,1006207
201955,1006207
201957,1006207
201959,1006207
201961,1006207
201962,1006207
201963,1006207
201964,1006207
201965,1006207
201966,1006207
201967,1006207
201968,1006207
201969,1006207
201970,1006207
201971,1006207
201972,1006207
201973,1006207
201974,1006207
201975,1006207
201978,1006207
201979,1006207
201980,1006207
201981,1006207
201982,1006207
201983,1006207
201984,1006207
201986,1006207
201988,1006207
201989,1006207
201991,1006207
201992,1006207
201994,1006207
201995,1006207
201996,1006207
201997,1006207
201999,1006207
202000,1006207
162004,1006245
162005,1006245
162006,1006245
162007,1006245
162008,1006245
162009,1006245
162010,1006245
162012,1006245
162013,1006245
162014,1006245
162015,1006245
162016,1006245
162017,1006245
162018,1006245
162019,1006245
162020,1006245
162022,1006245
162024,1006245
162025,1006245
162027,1006245
162028,1006245
162029,1006245
162031,1006245
162032,1006245
162034,1006245
162035,1006245
162036,1006245
162037,1006245
162038,1006245
162039,1006245
162040,1006245
162041,1006245
162042,1006245
162043,1006245
162044,1006245
162045,1006245
162046,1006245
162048,1006245
162049,1006245
162050,1006245
220353,1006336
220354,1006336
220355,1006336
220357,1006336
220358,1006336
220359,1006336
220361,1006336
220362,1006336
220363,1006336
220365,1006336
220366,1006336
220367,1006336
220368,1006336
220369,1006336
220370,1006336
220371,1006336
220372,1006336
220373,1006336
220374,1006336
220375,1006336
220376,1006336
220377,1006336
220378,1006336
220381,1006336
220382,1006336
220384,1006336
220386,1006336
220387,1006336
220388,1006336
220389,1006336
220390,1006336
220391,1006336
220392,1006336
220393,1006336
220394,1006336
220395,1006336
220396,1006336
220398,1006336
220399,1006336
220400,1006336
145451,1007287
145452,1007287
145453,1007287
145454,1007287
145455,1007287
145457,1007287
145458,1007287
145459,1007287
145460,1007287
145462,1007287
145463,1007287
145464,1007287
145465,1007287
145466,1007287
145467,1007287
145468,1007287
145469,1007287
145470,1007287
145471,1007287
145472,1007287
145473,1007287
145474,1007287
145476,1007287
145477,1007287
145478,1007287
145480,1007287
145481,1007287
145482,1007287
145485,1007287
145487,1007287
145488,1007287
145489,1007287
145490,1007287
145493,1007287
145494,1007287
145495,1007287
145496,1007287
145497,1007287
145499,1007287
145500,1007287
166501,1008920
166502,1008920
166505,1008920
166507,1008920
166508,1008920
166509,1008920
166510,1008920
166511,1008920
166512,1008920
166513,1008920
166514,1008920
166516,1008920
166518,1008920
166520,1008920
166521,1008920
166522,1008920
166523,1008920
166525,1008920
166526,1008920
166527,1008920
166529,1008920
166530,1008920
166531,1008920
166532,1008920
166533,1008920
166534,1008920
166535,1008920
166537,1008920
166538,1008920
166539,1008920
166540,1008920
166541,1008920
166542,1008920
166544,1008920
166545,1008920
166546,1008920
166547,1008920
166548,1008920
166549,1008920
166550,1008920
188501,1009223
188502,1009223
188503,1009223
188505,1009223
188506,1009223
188507,1009223
188508,1009223
188509,1009223
188510,1009223
188512,1009223
188513,1009223
188514,1009223
188515,1009223
188516,1009223
188517,1009223
188518,1009223
188519,1009223
188520,1009223
188522,1009223
188523,1009223
188524,1009223
188525,1009223
188526,1009223
188527,1009223
188528,1009223
188529,1009223
188530,1009223
188532,1009223
188535,1009223
188537,1009223
188539,1009223
188540,1009223
188541,1009223
188542,1009223
188544,1009223
188545,1009223
188546,1009223
188547,1009223
188548,1009223
188549,1009223
19001,1009340
19002,1009340
19003,1009340
19004,1009340
19005,1009340
19006,1009340
19007,1009340
19008,1009340
19009,1009340
19010,1009340
19011,1009340
19012,1009340
19013,1009340
19014,1009340
19015,1009340
19016,1009340
19017,1009340
19018,1009340
19020,1009340
19021,1009340
19022,1009340
19023,1009340
19025,1009340
19026,1009340
19028,1009340
19031,1009340
19032,1009340
19033,1009340
19035,1009340
19036,1009340
19038,1009340
19039,1009340
19042,1009340
19044,1009340
19045,1009340
19046,1009340
19047,1009340
19048,1009340
19049,1009340
19050,1009340
382801,1010703
382802,1010703
382803,1010703
382804,1010703
382805,1010703
382806,1010703
382807,1010703
382808,1010703
382809,1010703
382810,1010703
382811,1010703
382812,1010703
382813,1010703
382814,1010703
382815,1010703
382816,1010703
382817,1010703
382818,1010703
382820,1010703
382821,1010703
382822,1010703
382823,1010703
382827,1010703
382828,1010703
382830,1010703
382831,1010703
382832,1010703
382834,1010703
382835,1010703
382836,1010703
382837,1010703
382839,1010703
382840,1010703
382841,1010703
382842,1010703
382844,1010703
382846,1010703
382848,1010703
382849,1010703
382850,1010703
32151,4537661
32152,4537661
32153,4537661
32154,4537661
32155,4537661
32156,4537661
32157,4537661
32159,4537661
32160,4537661
32162,4537661
32163,4537661
32164,4537661
32165,4537661
32167,4537661
32168,4537661
32169,4537661
32170,4537661
32171,4537661
32172,4537661
32173,4537661
32175,4537661
32176,4537661
32177,4537661
32178,4537661
32179,4537661
32180,4537661
32182,4537661
32183,4537661
32184,4537661
32188,4537661
32189,4537661
32190,4537661
32191,4537661
32192,4537661
32194,4537661
32195,4537661
32196,4537661
32197,4537661
32199,4537661
32200,4537661
329651,5314810
329652,5314810
329653,5314810
329655,5314810
329656,5314810
329658,5314810
329659,5314810
329660,5314810
329661,5314810
329663,5314810
329665,5314810
329666,5314810
329667,5314810
329668,5314810
329669,5314810
329670,5314810
329671,5314810
329672,5314810
329673,5314810
329674,5314810
329675,5314810
329677,5314810
329678,5314810
329679,5314810
329680,5314810
329681,5314810
329682,5314810
329683,5314810
329684,5314810
329686,5314810
329687,5314810
329688,5314810
329689,5314810
329690,5314810
329691,5314810
329693,5314810
329695,5314810
329696,5314810
329697,5314810
329700,5314810
373051,6618823
373052,6618823
373053,6618823
373054,6618823
373057,6618823
373058,6618823
373059,6618823
373060,6618823
373062,6618823
373063,6618823
373064,6618823
373065,6618823
373066,6618823
373067,6618823
373068,6618823
373070,6618823
373072,6618823
373073,6618823
373075,6618823
373077,6618823
373078,6618823
373079,6618823
373080,6618823
373082,6618823
373083,6618823
373084,6618823
373085,6618823
373086,6618823
373087,6618823
373088,6618823
373089,6618823
373090,6618823
373091,6618823
373092,6618823
373095,6618823
373096,6618823
373097,6618823
373098,6618823
373099,6618823
373100,6618823
154651,8404599
154652,8404599
154653,8404599
154654,8404599
154655,8404599
154656,8404599
154658,8404599
154659,8404599
154660,8404599
154661,8404599
154662,8404599
154666,8404599
154667,8404599
154668,8404599
154669,8404599
154671,8404599
154672,8404599
154674,8404599
154675,8404599
154676,8404599
154677,8404599
154678,8404599
154679,8404599
154680,8404599
154681,8404599
154682,8404599
154683,8404599
154684,8404599
154686,8404599
154688,8404599
154689,8404599
154690,8404599
154692,8404599
154693,8404599
154694,8404599
154695,8404599
154696,8404599
154697,8404599
154699,8404599
154700,8404599
245051,8635306
245052,8635306
245053,8635306
245054,8635306
245055,8635306
245056,8635306
245057,8635306
245058,8635306
245059,8635306
245060,8635306
245062,8635306
245064,8635306
245066,8635306
245067,8635306
245068,8635306
245069,8635306
245070,8635306
245071,8635306
245072,8635306
245073,8635306
245074,8635306
245075,8635306
245078,8635306
245079,8635306
245080,8635306
245081,8635306
245082,8635306
245083,8635306
245084,8635306
245086,8635306
245088,8635306
245091,8635306
245092,8635306
245093,8635306
245094,8635306
245095,8635306
245096,8635306
245097,8635306
245098,8635306
245099,8635306
40301,8977273
40302,8977273
40303,8977273
40304,8977273
40305,8977273
40306,8977273
40307,8977273
40308,8977273
40309,8977273
40310,8977273
40311,8977273
40312,8977273
40313,8977273
40314,8977273
40315,8977273
40316,8977273
40317,8977273
40318,8977273
40319,8977273
40321,8977273
40322,8977273
40323,8977273
40324,8977273
40325,8977273
40326,8977273
40328,8977273
40329,8977273
40330,8977273
40331,8977273
40334,8977273
40336,8977273
40337,8977273
40339,8977273
40340,8977273
40342,8977273
40343,8977273
40344,8977273
40347,8977273
40348,8977273
40349,8977273
314101,9384552
314102,9384552
314104,9384552
314105,9384552
314106,9384552
314108,9384552
314109,9384552
314110,9384552
314111,9384552
314112,9384552
314114,9384552
314115,9384552
314116,9384552
314117,9384552
314118,9384552
314119,9384552
314120,9384552
314121,9384552
314122,9384552
314123,9384552
314125,9384552
314126,9384552
314127,9384552
314128,9384552
314129,9384552
314132,9384552
314133,9384552
314134,9384552
314135,9384552
314136,9384552
314137,9384552
314138,9384552
314140,9384552
314141,9384552
314144,9384552
314145,9384552
314146,9384552
314147,9384552
314148,9384552
314150,9384552
174651,9562805
174652,9562805
174653,9562805
174654,9562805
174655,9562805
174656,9562805
174658,9562805
174659,9562805
174660,9562805
174661,9562805
174662,9562805
174663,9562805
174664,9562805
174665,9562805
174668,9562805
174669,9562805
174673,9562805
174674,9562805
174675,9562805
174676,9562805
174677,9562805
174678,9562805
174679,9562805
174680,9562805
174681,9562805
174682,9562805
174683,9562805
174684,9562805
174685,9562805
174686,9562805
174688,9562805
174690,9562805
174691,9562805
174693,9562805
174694,9562805
174695,9562805
174696,9562805
174697,9562805
174698,9562805
174700,9562805
263951,9569293
263952,9569293
263953,9569293
263954,9569293
263955,9569293
263956,9569293
263957,9569293
263958,9569293
263959,9569293
263960,9569293
263961,9569293
263964,9569293
263965,9569293
263966,9569293
263967,9569293
263968,9569293
263970,9569293
263971,9569293
263972,9569293
263973,9569293
263974,9569293
263975,9569293
263976,9569293
263977,9569293
263978,9569293
263980,9569293
263981,9569293
263982,9569293
263985,9569293
263986,9569293
263987,9569293
263988,9569293
263990,9569293
263991,9569293
263992,9569293
263994,9569293
263995,9569293
263996,9569293
263998,9569293
263999,9569293
