197001,1002495
197002,1002495
197003,1002495
197005,1002495
197007,1002495
197008,1002495
197009,1002495
197011,1002495
197012,1002495
197014,1002495
197015,1002495
197016,1002495
197017,1002495
197018,1002495
197019,1002495
197020,1002495
197021,1002495
197022,1002495
197024,1002495
197025,1002495
197026,1002495
197028,1002495
197029,1002495
197030,1002495
197032,1002495
197033,1002495
197034,1002495
197036,1002495
197037,1002495
197038,1002495
197040,1002495
197042,1002495
197043,1002495
197044,1002495
197045,1002495
197046,1002495
197047,1002495
197048,1002495
197049,1002495
197050,1002495
336651,5027792
336652,5027792
336653,5027792
336654,5027792
336655,5027792
336656,5027792
336657,5027792
336658,5027792
336659,5027792
336660,5027792
336663,5027792
336664,5027792
336665,5027792
336666,5027792
336667,5027792
336668,5027792
336669,5027792
336672,5027792
336673,5027792
336674,5027792
336675,5027792
336676,5027792
336677,5027792
336678,5027792
336682,5027792
336683,5027792
336685,5027792
336686,5027792
336687,5027792
336688,5027792
336689,5027792
336690,5027792
336692,5027792
336693,5027792
336694,5027792
336695,5027792
336697,5027792
336698,5027792
336699,5027792
336700,5027792
161951,5085897
161952,5085897
161953,5085897
161954,5085897
161955,5085897
161957,5085897
161958,5085897
161961,5085897
161962,5085897
161964,5085897
161966,5085897
161967,5085897
161968,5085897
161969,5085897
161970,5085897
161971,5085897
161972,5085897
161973,5085897
161974,5085897
161975,5085897
161976,5085897
161978,5085897
161979,5085897
161980,5085897
161981,5085897
161983,5085897
161984,5085897
161986,5085897
161987,5085897
161988,5085897
161990,5085897
161991,5085897
161992,5085897
161994,5085897
161995,5085897
161996,5085897
161997,5085897
161998,5085897
161999,5085897
162000,5085897
392551,5128417
392552,5128417
392553,5128417
392554,5128417
392555,5128417
392556,5128417
392557,5128417
392559,5128417
392560,5128417
392562,5128417
392563,5128417
392564,5128417
392565,5128417
392566,5128417
392567,5128417
392568,5128417
392569,5128417
392571,5128417
392572,5128417
392573,5128417
392575,5128417
392576,5128417
392577,5128417
392579,5128417
392580,5128417
392581,5128417
392582,5128417
392583,5128417
392584,5128417
392585,5128417
392586,5128417
392587,5128417
392588,5128417
392589,5128417
392592,5128417
392593,5128417
392594,5128417
392596,5128417
392597,5128417
392600,5128417
170301,5312628
170302,5312628
170303,5312628
170304,5312628
170305,5312628
170306,5312628
170307,5312628
170308,5312628
170311,5312628
170312,5312628
170313,5312628
170314,5312628
170316,5312628
170317,5312628
170318,5312628
170319,5312628
170320,5312628
170321,5312628
170323,5312628
170324,5312628
170325,5312628
170326,5312628
170327,5312628
170329,5312628
170330,5312628
170332,5312628
170333,5312628
170334,5312628
170336,5312628
170337,5312628
170338,5312628
170339,5312628
170341,5312628
170342,5312628
170343,5312628
170344,5312628
170347,5312628
170348,5312628
170349,5312628
170350,5312628
10751,7821075
10752,7821075
10753,7821075
10754,7821075
10755,7821075
10756,7821075
10757,7821075
10759,7821075
10760,7821075
10761,7821075
10762,7821075
10763,7821075
10764,7821075
10765,7821075
10766,7821075
10767,7821075
10768,7821075
10769,7821075
10771,7821075
10772,7821075
10774,7821075
10776,7821075
10777,7821075
10778,7821075
10781,7821075
10782,7821075
10783,7821075
10784,7821075
10785,7821075
10786,7821075
10787,7821075
10788,7821075
10789,7821075
10792,7821075
10793,7821075
10794,7821075
10795,7821075
10796,7821075
10797,7821075
10799,7821075
269603,7911210
269604,7911210
269605,7911210
269606,7911210
269607,7911210
269608,7911210
269609,7911210
269610,7911210
269611,7911210
269613,7911210
269616,7911210
269617,7911210
269619,7911210
269620,7911210
269621,7911210
269622,7911210
269623,7911210
269626,7911210
269627,7911210
269628,7911210
269629,7911210
269630,7911210
269631,7911210
269632,7911210
269633,7911210
269634,7911210
269635,7911210
269636,7911210
269638,7911210
269639,7911210
269640,7911210
269641,7911210
269642,7911210
269643,7911210
269645,7911210
269646,7911210
269647,7911210
269648,7911210
269649,7911210
269650,7911210
7251,7946356
7252,7946356
7253,7946356
7254,7946356
7256,7946356
7257,7946356
7258,7946356
7261,7946356
7262,7946356
7263,7946356
7266,7946356
7267,7946356
7268,7946356
7269,7946356
7270,7946356
7272,7946356
7274,7946356
7275,7946356
7276,7946356
7277,7946356
7278,7946356
7279,7946356
7280,7946356
7281,7946356
7282,7946356
7283,7946356
7284,7946356
7285,7946356
7286,7946356
7287,7946356
7288,7946356
7289,7946356
7290,7946356
7291,7946356
7293,7946356
7294,7946356
7295,7946356
7297,7946356
7299,7946356
7300,7946356
82051,8642799
82052,8642799
82054,8642799
82055,8642799
82057,8642799
82058,8642799
82061,8642799
82062,8642799
82063,8642799
82064,8642799
82065,8642799
82067,8642799
82069,8642799
82072,8642799
82073,8642799
82074,8642799
82075,8642799
82076,8642799
82077,8642799
82078,8642799
82079,8642799
82080,8642799
82081,8642799
82082,8642799
82083,8642799
82084,8642799
82086,8642799
82087,8642799
82088,8642799
82089,8642799
82090,8642799
82091,8642799
82092,8642799
82093,8642799
82094,8642799
82095,8642799
82097,8642799
82098,8642799
82099,8642799
82100,8642799
23601,8814275
23602,8814275
23603,8814275
23605,8814275
23606,8814275
23608,8814275
23610,8814275
23611,8814275
23612,8814275
23613,8814275
23614,8814275
23615,8814275
23616,8814275
23618,8814275
23619,8814275
23620,8814275
23622,8814275
23623,8814275
23624,8814275
23627,8814275
23628,8814275
23629,8814275
23630,8814275
23631,8814275
23632,8814275
23633,8814275
23634,8814275
23635,8814275
23636,8814275
23637,8814275
23639,8814275
23641,8814275
23642,8814275
23643,8814275
23644,8814275
23646,8814275
23647,8814275
23648,8814275
23649,8814275
23650,8814275
87951,8951932
87953,8951932
87954,8951932
87955,8951932
87956,8951932
87957,8951932
87959,8951932
87960,8951932
87961,8951932
87962,8951932
87964,8951932
87966,8951932
87967,8951932
87968,8951932
87969,8951932
87970,8951932
87971,8951932
87972,8951932
87973,8951932
87974,8951932
87975,8951932
87976,8951932
87978,8951932
87980,8951932
87981,8951932
87982,8951932
87983,8951932
87985,8951932
87987,8951932
87988,8951932
87989,8951932
87990,8951932
87991,8951932
87992,8951932
87993,8951932
87994,8951932
87995,8951932
87996,8951932
87998,8951932
87999,8951932
316451,9203320
316452,9203320
316453,9203320
316454,9203320
316455,9203320
316456,9203320
316458,9203320
316459,9203320
316460,9203320
316461,9203320
316463,9203320
316464,9203320
316465,9203320
316466,9203320
316468,9203320
316469,9203320
316470,9203320
316471,9203320
316472,9203320
316473,9203320
316474,9203320
316476,9203320
316477,9203320
316478,9203320
316479,9203320
316481,9203320
316484,9203320
316486,9203320
316487,9203320
316488,9203320
316489,9203320
316491,9203320
316492,9203320
316493,9203320
316494,9203320
316496,9203320
316497,9203320
316498,9203320
316499,9203320
316500,9203320
298051,9569358
298052,9569358
298053,9569358
298055,9569358
298056,9569358
298057,9569358
298058,9569358
298060,9569358
298061,9569358
298062,9569358
298063,9569358
298064,9569358
298065,9569358
298066,9569358
298067,9569358
298068,9569358
298070,9569358
298072,9569358
298073,9569358
298074,9569358
298077,9569358
298078,9569358
298079,9569358
298080,9569358
298081,9569358
298082,9569358
298084,9569358
298085,9569358
298086,9569358
298087,9569358
298088,9569358
298090,9569358
298091,9569358
298092,9569358
298093,9569358
298094,9569358
298096,9569358
298098,9569358
298099,9569358
298100,9569358
220501,9575383
220502,9575383
220503,9575383
220505,9575383
220509,9575383
220510,9575383
220511,9575383
220512,9575383
220513,9575383
220515,9575383
220516,9575383
220517,9575383
220519,9575383
220520,9575383
220522,9575383
220523,9575383
220524,9575383
220526,9575383
220527,9575383
220528,9575383
220529,9575383
220530,9575383
220531,9575383
220532,9575383
220533,9575383
220534,9575383
220535,9575383
220536,9575383
220537,9575383
220538,9575383
220539,9575383
220540,9575383
220541,9575383
220543,9575383
220544,9575383
220545,9575383
220546,9575383
220547,9575383
220549,9575383
220550,9575383
69151,9618446
69152,9618446
69155,9618446
69156,9618446
69158,9618446
69159,9618446
69160,9618446
69161,9618446
69162,9618446
69166,9618446
69167,9618446
69168,9618446
69169,9618446
69170,9618446
69172,9618446
69173,9618446
69174,9618446
69175,9618446
69177,9618446
69179,9618446
69180,9618446
69181,9618446
69182,9618446
69183,9618446
69184,9618446
69185,9618446
69186,9618446
69187,9618446
69188,9618446
69189,9618446
69191,9618446
69192,9618446
69193,9618446
69194,9618446
69195,9618446
69196,9618446
69197,9618446
69198,9618446
69199,9618446
69200,9618446
