197001,1002495
197003,1002495
197004,1002495
197005,1002495
197006,1002495
197007,1002495
197008,1002495
197010,1002495
197011,1002495
197012,1002495
197013,1002495
197014,1002495
197015,1002495
197016,1002495
197018,1002495
197020,1002495
197021,1002495
197023,1002495
197025,1002495
197026,1002495
197027,1002495
197028,1002495
197029,1002495
197030,1002495
197031,1002495
197033,1002495
197035,1002495
197037,1002495
197038,1002495
197039,1002495
197040,1002495
197041,1002495
197042,1002495
197043,1002495
197044,1002495
197045,1002495
197046,1002495
197047,1002495
197048,1002495
197049,1002495
336651,5027792
336652,5027792
336655,5027792
336656,5027792
336658,5027792
336659,5027792
336660,5027792
336661,5027792
336662,5027792
336663,5027792
336664,5027792
336665,5027792
336667,5027792
336668,5027792
336669,5027792
336670,5027792
336671,5027792
336672,5027792
336673,5027792
336675,5027792
336676,5027792
336677,5027792
336679,5027792
336680,5027792
336681,5027792
336682,5027792
336683,5027792
336684,5027792
336685,5027792
336687,5027792
336688,5027792
336689,5027792
336690,5027792
336691,5027792
336692,5027792
336693,5027792
336696,5027792
336697,5027792
336698,5027792
336699,5027792
161951,5085897
161952,5085897
161953,5085897
161955,5085897
161956,5085897
161958,5085897
161959,5085897
161960,5085897
161961,5085897
161963,5085897
161964,5085897
161965,5085897
161966,5085897
161968,5085897
161969,5085897
161971,5085897
161972,5085897
161973,5085897
161976,5085897
161977,5085897
161979,5085897
161980,5085897
161981,5085897
161982,5085897
161983,5085897
161984,5085897
161985,5085897
161986,5085897
161987,5085897
161989,5085897
161990,5085897
161991,5085897
161993,5085897
161994,5085897
161995,5085897
161996,5085897
161997,5085897
161998,5085897
161999,5085897
162000,5085897
392551,5128417
392552,5128417
392553,5128417
392555,5128417
392556,5128417
392557,5128417
392558,5128417
392559,5128417
392560,5128417
392561,5128417
392562,5128417
392563,5128417
392564,5128417
392565,5128417
392567,5128417
392568,5128417
392569,5128417
392570,5128417
392574,5128417
392575,5128417
392576,5128417
392578,5128417
392579,5128417
392580,5128417
392581,5128417
392582,5128417
392583,5128417
392585,5128417
392587,5128417
392588,5128417
392589,5128417
392590,5128417
392591,5128417
392593,5128417
392594,5128417
392595,5128417
392596,5128417
392597,5128417
392598,5128417
392599,5128417
170301,5312628
170303,5312628
170306,5312628
170307,5312628
170308,5312628
170309,5312628
170310,5312628
170311,5312628
170312,5312628
170315,5312628
170316,5312628
170317,5312628
170318,5312628
170320,5312628
170321,5312628
170322,5312628
170324,5312628
170325,5312628
170326,5312628
170327,5312628
170328,5312628
170329,5312628
170330,5312628
170331,5312628
170332,5312628
170333,5312628
170334,5312628
170335,5312628
170336,5312628
170337,5312628
170338,5312628
170340,5312628
170341,5312628
170342,5312628
170343,5312628
170344,5312628
170345,5312628
170346,5312628
170348,5312628
170349,5312628
10751,7821075
10753,7821075
10754,7821075
10755,7821075
10756,7821075
10757,7821075
10758,7821075
10760,7821075
10761,7821075
10763,7821075
10764,7821075
10765,7821075
10766,7821075
10767,7821075
10768,7821075
10769,7821075
10770,7821075
10771,7821075
10772,7821075
10773,7821075
10774,7821075
10775,7821075
10778,7821075
10779,7821075
10780,7821075
10781,7821075
10782,7821075
10783,7821075
10784,7821075
10785,7821075
10786,7821075
10789,7821075
10790,7821075
10791,7821075
10792,7821075
10793,7821075
10795,7821075
10797,7821075
10798,7821075
10800,7821075
269601,7911210
269602,7911210
269604,7911210
269606,7911210
269607,7911210
269610,7911210
269611,7911210
269612,7911210
269613,7911210
269614,7911210
269615,7911210
269618,7911210
269619,7911210
269620,7911210
269621,7911210
269622,7911210
269624,7911210
269625,7911210
269626,7911210
269627,7911210
269628,7911210
269629,7911210
269630,7911210
269631,7911210
269632,7911210
269633,7911210
269634,7911210
269635,7911210
269636,7911210
269637,7911210
269638,7911210
269639,7911210
269640,7911210
269642,7911210
269643,7911210
269644,7911210
269645,7911210
269647,7911210
269648,7911210
269650,7911210
7251,7946356
7252,7946356
7253,7946356
7254,7946356
7255,7946356
7257,7946356
7258,7946356
7259,7946356
7260,7946356
7261,7946356
7263,7946356
7264,7946356
7265,7946356
7267,7946356
7268,7946356
7269,7946356
7270,7946356
7271,7946356
7272,7946356
7273,7946356
7274,7946356
7275,7946356
7277,7946356
7279,7946356
7280,7946356
7281,7946356
7282,7946356
7284,7946356
7285,7946356
7287,7946356
7288,7946356
7289,7946356
7290,7946356
7291,7946356
7292,7946356
7293,7946356
7296,7946356
7297,7946356
7298,7946356
7299,7946356
82051,8642799
82052,8642799
82053,8642799
82055,8642799
82056,8642799
82057,8642799
82058,8642799
82059,8642799
82060,8642799
82062,8642799
82065,8642799
82066,8642799
82067,8642799
82068,8642799
82069,8642799
82070,8642799
82071,8642799
82072,8642799
82073,8642799
82074,8642799
82075,8642799
82076,8642799
82078,8642799
82079,8642799
82080,8642799
82083,8642799
82085,8642799
82086,8642799
82087,8642799
82088,8642799
82090,8642799
82091,8642799
82093,8642799
82094,8642799
82095,8642799
82096,8642799
82097,8642799
82098,8642799
82099,8642799
82100,8642799
23601,8814275
23602,8814275
23603,8814275
23604,8814275
23605,8814275
23607,8814275
23608,8814275
23609,8814275
23611,8814275
23613,8814275
23614,8814275
23615,8814275
23616,8814275
23617,8814275
23618,8814275
23619,8814275
23620,8814275
23621,8814275
23622,8814275
23624,8814275
23625,8814275
23626,8814275
23631,8814275
23632,8814275
23634,8814275
23635,8814275
23636,8814275
23637,8814275
23638,8814275
23639,8814275
23640,8814275
23641,8814275
23643,8814275
23644,8814275
23645,8814275
23646,8814275
23647,8814275
23648,8814275
23649,8814275
23650,8814275
87951,8951932
87952,8951932
87953,8951932
87954,8951932
87957,8951932
87958,8951932
87959,8951932
87960,8951932
87961,8951932
87962,8951932
87963,8951932
87964,8951932
87965,8951932
87966,8951932
87967,8951932
87968,8951932
87970,8951932
87971,8951932
87972,8951932
87975,8951932
87976,8951932
87977,8951932
87978,8951932
87979,8951932
87981,8951932
87982,8951932
87984,8951932
87985,8951932
87986,8951932
87987,8951932
87989,8951932
87991,8951932
87992,8951932
87993,8951932
87994,8951932
87996,8951932
87997,8951932
87998,8951932
87999,8951932
88000,8951932
316451,9203320
316452,9203320
316453,9203320
316454,9203320
316455,9203320
316456,9203320
316457,9203320
316459,9203320
316461,9203320
316462,9203320
316463,9203320
316464,9203320
316465,9203320
316466,9203320
316467,9203320
316468,9203320
316469,9203320
316471,9203320
316472,9203320
316474,9203320
316475,9203320
316476,9203320
316478,9203320
316479,9203320
316480,9203320
316481,9203320
316482,9203320
316483,9203320
316484,9203320
316485,9203320
316488,9203320
316490,9203320
316491,9203320
316493,9203320
316494,9203320
316495,9203320
316496,9203320
316497,9203320
316498,9203320
316499,9203320
298052,9569358
298053,9569358
298054,9569358
298055,9569358
298057,9569358
298058,9569358
298059,9569358
298060,9569358
298061,9569358
298062,9569358
298063,9569358
298064,9569358
298065,9569358
298066,9569358
298067,9569358
298068,9569358
298069,9569358
298070,9569358
298071,9569358
298072,9569358
298073,9569358
298074,9569358
298075,9569358
298076,9569358
298079,9569358
298081,9569358
298082,9569358
298083,9569358
298085,9569358
298086,9569358
298087,9569358
298089,9569358
298090,9569358
298091,9569358
298092,9569358
298095,9569358
298097,9569358
298098,9569358
298099,9569358
298100,9569358
220501,9575383
220502,9575383
220504,9575383
220505,9575383
220506,9575383
220507,9575383
220508,9575383
220509,9575383
220510,9575383
220511,9575383
220512,9575383
220513,9575383
220514,9575383
220515,9575383
220516,9575383
220517,9575383
220518,9575383
220519,9575383
220520,9575383
220521,9575383
220522,9575383
220523,9575383
220525,9575383
220526,9575383
220527,9575383
220528,9575383
220529,9575383
220530,9575383
220531,9575383
220532,9575383
220535,9575383
220536,9575383
220537,9575383
220538,9575383
220539,9575383
220540,9575383
220542,9575383
220544,9575383
220548,9575383
220550,9575383
69151,9618446
69152,9618446
69153,9618446
69154,9618446
69156,9618446
69157,9618446
69160,9618446
69161,9618446
69162,9618446
69163,9618446
69164,9618446
69165,9618446
69166,9618446
69167,9618446
69168,9618446
69169,9618446
69170,9618446
69171,9618446
69173,9618446
69174,9618446
69175,9618446
69176,9618446
69177,9618446
69178,9618446
69181,9618446
69182,9618446
69183,9618446
69184,9618446
69185,9618446
69188,9618446
69190,9618446
69191,9618446
69193,9618446
69194,9618446
69195,9618446
69196,9618446
69197,9618446
69198,9618446
69199,9618446
69200,9618446
