132201,8005109
132204,8005109
132206,8005109
132208,8005109
132210,8005109
132211,8005109
132212,8005109
132213,8005109
132214,8005109
132215,8005109
132216,8005109
132217,8005109
132218,8005109
132219,8005109
132220,8005109
132222,8005109
132223,8005109
132224,8005109
132225,8005109
132226,8005109
132227,8005109
132228,8005109
132230,8005109
132231,8005109
132232,8005109
132233,8005109
132234,8005109
132235,8005109
132236,8005109
132237,8005109
132239,8005109
132240,8005109
132242,8005109
132243,8005109
132244,8005109
132245,8005109
132246,8005109
132247,8005109
132248,8005109
132249,8005109
157902,8411621
157903,8411621
157904,8411621
157905,8411621
157906,8411621
157907,8411621
157908,8411621
157909,8411621
157910,8411621
157911,8411621
157912,8411621
157913,8411621
157916,8411621
157917,8411621
157918,8411621
157919,8411621
157920,8411621
157921,8411621
157922,8411621
157923,8411621
157924,8411621
157925,8411621
157926,8411621
157927,8411621
157929,8411621
157930,8411621
157933,8411621
157935,8411621
157936,8411621
157937,8411621
157938,8411621
157940,8411621
157941,8411621
157942,8411621
157943,8411621
157945,8411621
157947,8411621
157948,8411621
157949,8411621
157950,8411621
390201,8520458
390202,8520458
390203,8520458
390204,8520458
390205,8520458
390206,8520458
390207,8520458
390209,8520458
390210,8520458
390211,8520458
390212,8520458
390213,8520458
390214,8520458
390215,8520458
390216,8520458
390217,8520458
390218,8520458
390219,8520458
390220,8520458
390221,8520458
390222,8520458
390223,8520458
390224,8520458
390226,8520458
390227,8520458
390228,8520458
390232,8520458
390233,8520458
390235,8520458
390236,8520458
390238,8520458
390239,8520458
390240,8520458
390241,8520458
390242,8520458
390243,8520458
390244,8520458
390246,8520458
390247,8520458
390250,8520458
389151,9079119
389152,9079119
389154,9079119
389157,9079119
389158,9079119
389159,9079119
389161,9079119
389162,9079119
389163,9079119
389164,9079119
389165,9079119
389166,9079119
389169,9079119
389170,9079119
389171,9079119
389172,9079119
389173,9079119
389174,9079119
389175,9079119
389176,9079119
389177,9079119
389179,9079119
389180,9079119
389182,9079119
389183,9079119
389184,9079119
389186,9079119
389187,9079119
389188,9079119
389189,9079119
389190,9079119
389191,9079119
389192,9079119
389194,9079119
389195,9079119
389196,9079119
389197,9079119
389198,9079119
389199,9079119
389200,9079119
379501,9081801
379502,9081801
379503,9081801
379504,9081801
379506,9081801
379507,9081801
379509,9081801
379510,9081801
379512,9081801
379513,9081801
379514,9081801
379515,9081801
379516,9081801
379518,9081801
379519,9081801
379520,9081801
379522,9081801
379523,9081801
379524,9081801
379525,9081801
379526,9081801
379527,9081801
379528,9081801
379529,9081801
379530,9081801
379531,9081801
379532,9081801
379534,9081801
379535,9081801
379537,9081801
379539,9081801
379540,9081801
379541,9081801
379542,9081801
379544,9081801
379546,9081801
379547,9081801
379548,9081801
379549,9081801
379550,9081801
317651,9081992
317653,9081992
317654,9081992
317655,9081992
317656,9081992
317658,9081992
317659,9081992
317661,9081992
317662,9081992
317663,9081992
317665,9081992
317666,9081992
317667,9081992
317668,9081992
317669,9081992
317670,9081992
317672,9081992
317674,9081992
317675,9081992
317676,9081992
317677,9081992
317678,9081992
317679,9081992
317680,9081992
317681,9081992
317682,9081992
317683,9081992
317684,9081992
317685,9081992
317686,9081992
317687,9081992
317688,9081992
317689,9081992
317690,9081992
317692,9081992
317694,9081992
317695,9081992
317697,9081992
317698,9081992
317699,9081992
92001,9088287
92002,9088287
92003,9088287
92004,9088287
92005,9088287
92006,9088287
92008,9088287
92009,9088287
92010,9088287
92012,9088287
92013,9088287
92014,9088287
92016,9088287
92017,9088287
92018,9088287
92019,9088287
92020,9088287
92022,9088287
92023,9088287
92024,9088287
92026,9088287
92027,9088287
92028,9088287
92029,9088287
92030,9088287
92031,9088287
92032,9088287
92034,9088287
92037,9088287
92038,9088287
92039,9088287
92040,9088287
92041,9088287
92043,9088287
92044,9088287
92045,9088287
92046,9088287
92047,9088287
92048,9088287
92049,9088287
268452,9103130
268455,9103130
268456,9103130
268459,9103130
268461,9103130
268462,9103130
268463,9103130
268464,9103130
268465,9103130
268466,9103130
268467,9103130
268468,9103130
268469,9103130
268470,9103130
268471,9103130
268472,9103130
268474,9103130
268475,9103130
268476,9103130
268477,9103130
268478,9103130
268479,9103130
268480,9103130
268481,9103130
268482,9103130
268483,9103130
268484,9103130
268485,9103130
268486,9103130
268488,9103130
268489,9103130
268491,9103130
268492,9103130
268493,9103130
268494,9103130
268495,9103130
268496,9103130
268497,9103130
268498,9103130
268499,9103130
173101,9114725
173104,9114725
173105,9114725
173106,9114725
173107,9114725
173108,9114725
173110,9114725
173111,9114725
173112,9114725
173113,9114725
173114,9114725
173115,9114725
173116,9114725
173119,9114725
173120,9114725
173123,9114725
173125,9114725
173126,9114725
173127,9114725
173128,9114725
173129,9114725
173130,9114725
173131,9114725
173132,9114725
173133,9114725
173134,9114725
173135,9114725
173136,9114725
173137,9114725
173138,9114725
173139,9114725
173140,9114725
173141,9114725
173142,9114725
173143,9114725
173144,9114725
173146,9114725
173148,9114725
173149,9114725
173150,9114725
134501,9114737
134502,9114737
134504,9114737
134507,9114737
134508,9114737
134509,9114737
134510,9114737
134512,9114737
134513,9114737
134514,9114737
134515,9114737
134516,9114737
134517,9114737
134518,9114737
134521,9114737
134522,9114737
134523,9114737
134524,9114737
134525,9114737
134526,9114737
134528,9114737
134529,9114737
134530,9114737
134531,9114737
134532,9114737
134533,9114737
134534,9114737
134535,9114737
134536,9114737
134537,9114737
134538,9114737
134539,9114737
134540,9114737
134542,9114737
134544,9114737
134545,9114737
134546,9114737
134547,9114737
134549,9114737
134550,9114737
360252,9118018
360253,9118018
360254,9118018
360255,9118018
360256,9118018
360257,9118018
360258,9118018
360259,9118018
360261,9118018
360262,9118018
360263,9118018
360264,9118018
360265,9118018
360266,9118018
360267,9118018
360268,9118018
360270,9118018
360271,9118018
360273,9118018
360274,9118018
360275,9118018
360277,9118018
360278,9118018
360279,9118018
360280,9118018
360282,9118018
360284,9118018
360287,9118018
360288,9118018
360289,9118018
360290,9118018
360291,9118018
360293,9118018
360294,9118018
360295,9118018
360296,9118018
360297,9118018
360298,9118018
360299,9118018
360300,9118018
103652,9124419
103653,9124419
103654,9124419
103655,9124419
103656,9124419
103657,9124419
103658,9124419
103659,9124419
103660,9124419
103661,9124419
103662,9124419
103663,9124419
103664,9124419
103665,9124419
103666,9124419
103667,9124419
103668,9124419
103669,9124419
103670,9124419
103671,9124419
103672,9124419
103673,9124419
103674,9124419
103676,9124419
103677,9124419
103679,9124419
103680,9124419
103681,9124419
103682,9124419
103685,9124419
103687,9124419
103688,9124419
103689,9124419
103690,9124419
103691,9124419
103694,9124419
103695,9124419
103698,9124419
103699,9124419
103700,9124419
64401,9126687
64402,9126687
64404,9126687
64405,9126687
64406,9126687
64407,9126687
64408,9126687
64409,9126687
64411,9126687
64412,9126687
64413,9126687
64414,9126687
64415,9126687
64417,9126687
64418,9126687
64419,9126687
64422,9126687
64423,9126687
64424,9126687
64425,9126687
64426,9126687
64427,9126687
64428,9126687
64429,9126687
64430,9126687
64431,9126687
64432,9126687
64435,9126687
64436,9126687
64437,9126687
64439,9126687
64441,9126687
64442,9126687
64443,9126687
64444,9126687
64445,9126687
64446,9126687
64448,9126687
64449,9126687
64450,9126687
223551,9150482
223552,9150482
223553,9150482
223554,9150482
223555,9150482
223556,9150482
223557,9150482
223558,9150482
223559,9150482
223560,9150482
223561,9150482
223562,9150482
223565,9150482
223566,9150482
223567,9150482
223568,9150482
223569,9150482
223570,9150482
223571,9150482
223574,9150482
223575,9150482
223576,9150482
223577,9150482
223578,9150482
223580,9150482
223581,9150482
223585,9150482
223587,9150482
223588,9150482
223589,9150482
223591,9150482
223592,9150482
223593,9150482
223594,9150482
223595,9150482
223596,9150482
223597,9150482
223598,9150482
223599,9150482
223600,9150482
74301,9150509
74303,9150509
74304,9150509
74305,9150509
74306,9150509
74307,9150509
74308,9150509
74309,9150509
74312,9150509
74313,9150509
74314,9150509
74315,9150509
74318,9150509
74319,9150509
74320,9150509
74321,9150509
74322,9150509
74324,9150509
74325,9150509
74327,9150509
74328,9150509
74329,9150509
74330,9150509
74331,9150509
74332,9150509
74334,9150509
74335,9150509
74336,9150509
74337,9150509
74338,9150509
74339,9150509
74340,9150509
74341,9150509
74343,9150509
74345,9150509
74346,9150509
74347,9150509
74348,9150509
74349,9150509
74350,9150509
19101,9155884
19102,9155884
19104,9155884
19105,9155884
19107,9155884
19108,9155884
19109,9155884
19110,9155884
19111,9155884
19112,9155884
19113,9155884
19114,9155884
19116,9155884
19117,9155884
19119,9155884
19120,9155884
19121,9155884
19122,9155884
19123,9155884
19124,9155884
19125,9155884
19126,9155884
19127,9155884
19128,9155884
19129,9155884
19131,9155884
19133,9155884
19134,9155884
19135,9155884
19136,9155884
19137,9155884
19138,9155884
19140,9155884
19141,9155884
19143,9155884
19144,9155884
19145,9155884
19148,9155884
19149,9155884
19150,9155884
134151,9178422
134153,9178422
134154,9178422
134155,9178422
134156,9178422
134157,9178422
134158,9178422
134161,9178422
134162,9178422
134164,9178422
134165,9178422
134166,9178422
134167,9178422
134168,9178422
134169,9178422
134170,9178422
134171,9178422
134173,9178422
134174,9178422
134175,9178422
134176,9178422
134178,9178422
134179,9178422
134180,9178422
134181,9178422
134182,9178422
134183,9178422
134184,9178422
134185,9178422
134186,9178422
134187,9178422
134189,9178422
134191,9178422
134192,9178422
134193,9178422
134194,9178422
134197,9178422
134198,9178422
134199,9178422
134200,9178422
52503,9179311
52505,9179311
52506,9179311
52507,9179311
52509,9179311
52511,9179311
52512,9179311
52513,9179311
52514,9179311
52515,9179311
52516,9179311
52517,9179311
52518,9179311
52519,9179311
52521,9179311
52522,9179311
52523,9179311
52524,9179311
52525,9179311
52526,9179311
52527,9179311
52528,9179311
52529,9179311
52531,9179311
52532,9179311
52533,9179311
52534,9179311
52535,9179311
52536,9179311
52537,9179311
52538,9179311
52539,9179311
52540,9179311
52541,9179311
52542,9179311
52543,9179311
52544,9179311
52545,9179311
52549,9179311
52550,9179311
309652,9180839
309653,9180839
309654,9180839
309655,9180839
309656,9180839
309657,9180839
309658,9180839
309659,9180839
309660,9180839
309663,9180839
309664,9180839
309665,9180839
309666,9180839
309667,9180839
309669,9180839
309670,9180839
309671,9180839
309672,9180839
309673,9180839
309674,9180839
309675,9180839
309676,9180839
309680,9180839
309681,9180839
309682,9180839
309683,9180839
309684,9180839
309685,9180839
309686,9180839
309687,9180839
309688,9180839
309689,9180839
309691,9180839
309692,9180839
309693,9180839
309694,9180839
309695,9180839
309696,9180839
309698,9180839
309700,9180839
168351,9180841
168352,9180841
168353,9180841
168354,9180841
168355,9180841
168356,9180841
168357,9180841
168358,9180841
168359,9180841
168360,9180841
168361,9180841
168362,9180841
168363,9180841
168366,9180841
168369,9180841
168370,9180841
168371,9180841
168372,9180841
168373,9180841
168374,9180841
168376,9180841
168378,9180841
168379,9180841
168380,9180841
168381,9180841
168383,9180841
168384,9180841
168385,9180841
168386,9180841
168388,9180841
168389,9180841
168390,9180841
168391,9180841
168392,9180841
168393,9180841
168394,9180841
168395,9180841
168397,9180841
168399,9180841
168400,9180841
378152,9182966
378153,9182966
378154,9182966
378155,9182966
378156,9182966
378157,9182966
378160,9182966
378161,9182966
378162,9182966
378163,9182966
378164,9182966
378166,9182966
378168,9182966
378169,9182966
378170,9182966
378171,9182966
378172,9182966
378173,9182966
378174,9182966
378175,9182966
378176,9182966
378177,9182966
378178,9182966
378179,9182966
378180,9182966
378181,9182966
378182,9182966
378184,9182966
378186,9182966
378187,9182966
378189,9182966
378190,9182966
378191,9182966
378192,9182966
378193,9182966
378194,9182966
378195,9182966
378196,9182966
378197,9182966
378199,9182966
316701,9182978
316702,9182978
316704,9182978
316706,9182978
316707,9182978
316708,9182978
316709,9182978
316710,9182978
316712,9182978
316713,9182978
316715,9182978
316716,9182978
316718,9182978
316719,9182978
316720,9182978
316721,9182978
316722,9182978
316723,9182978
316724,9182978
316725,9182978
316726,9182978
316728,9182978
316729,9182978
316730,9182978
316731,9182978
316732,9182978
316733,9182978
316734,9182978
316735,9182978
316737,9182978
316738,9182978
316739,9182978
316741,9182978
316742,9182978
316744,9182978
316745,9182978
316746,9182978
316748,9182978
316749,9182978
316750,9182978
309552,9186209
309553,9186209
309554,9186209
309555,9186209
309556,9186209
309557,9186209
309558,9186209
309560,9186209
309561,9186209
309562,9186209
309563,9186209
309564,9186209
309565,9186209
309566,9186209
309567,9186209
309568,9186209
309570,9186209
309571,9186209
309572,9186209
309573,9186209
309574,9186209
309575,9186209
309576,9186209
309577,9186209
309580,9186209
309582,9186209
309583,9186209
309585,9186209
309586,9186209
309587,9186209
309588,9186209
309589,9186209
309590,9186209
309591,9186209
309593,9186209
309594,9186209
309595,9186209
309596,9186209
309599,9186209
309600,9186209
191201,9190183
191202,9190183
191203,9190183
191204,9190183
191205,9190183
191206,9190183
191207,9190183
191208,9190183
191209,9190183
191210,9190183
191211,9190183
191213,9190183
191214,9190183
191215,9190183
191216,9190183
191217,9190183
191218,9190183
191219,9190183
191220,9190183
191222,9190183
191224,9190183
191225,9190183
191227,9190183
191228,9190183
191229,9190183
191230,9190183
191233,9190183
191234,9190183
191235,9190183
191237,9190183
191238,9190183
191240,9190183
191241,9190183
191243,9190183
191244,9190183
191246,9190183
191247,9190183
191248,9190183
191249,9190183
191250,9190183
58201,9196175
58202,9196175
58203,9196175
58204,9196175
58206,9196175
58207,9196175
58208,9196175
58209,9196175
58210,9196175
58211,9196175
58212,9196175
58213,9196175
58214,9196175
58215,9196175
58216,9196175
58217,9196175
58218,9196175
58219,9196175
58220,9196175
58221,9196175
58222,9196175
58223,9196175
58224,9196175
58225,9196175
58226,9196175
58227,9196175
58228,9196175
58230,9196175
58232,9196175
58233,9196175
58234,9196175
58235,9196175
58236,9196175
58237,9196175
58238,9196175
58239,9196175
58240,9196175
58243,9196175
58244,9196175
58247,9196175
350701,9215658
350703,9215658
350706,9215658
350707,9215658
350708,9215658
350709,9215658
350710,9215658
350711,9215658
350712,9215658
350714,9215658
350715,9215658
350718,9215658
350719,9215658
350720,9215658
350721,9215658
350722,9215658
350723,9215658
350724,9215658
350726,9215658
350727,9215658
350728,9215658
350729,9215658
350730,9215658
350731,9215658
350733,9215658
350735,9215658
350736,9215658
350737,9215658
350738,9215658
350740,9215658
350741,9215658
350742,9215658
350743,9215658
350744,9215658
350745,9215658
350746,9215658
350747,9215658
350748,9215658
350749,9215658
350750,9215658
143401,9225586
143402,9225586
143403,9225586
143404,9225586
143405,9225586
143406,9225586
143407,9225586
143408,9225586
143409,9225586
143411,9225586
143412,9225586
143413,9225586
143414,9225586
143416,9225586
143417,9225586
143418,9225586
143419,9225586
143420,9225586
143421,9225586
143423,9225586
143425,9225586
143427,9225586
143428,9225586
143429,9225586
143430,9225586
143431,9225586
143433,9225586
143434,9225586
143435,9225586
143437,9225586
143438,9225586
143440,9225586
143441,9225586
143442,9225586
143443,9225586
143444,9225586
143445,9225586
143446,9225586
143449,9225586
143450,9225586
185651,9229049
185652,9229049
185653,9229049
185654,9229049
185655,9229049
185656,9229049
185658,9229049
185659,9229049
185660,9229049
185661,9229049
185662,9229049
185663,9229049
185664,9229049
185665,9229049
185668,9229049
185672,9229049
185674,9229049
185675,9229049
185676,9229049
185677,9229049
185678,9229049
185679,9229049
185680,9229049
185681,9229049
185682,9229049
185683,9229049
185684,9229049
185685,9229049
185686,9229049
185688,9229049
185689,9229049
185691,9229049
185692,9229049
185693,9229049
185694,9229049
185695,9229049
185697,9229049
185698,9229049
185699,9229049
185700,9229049
84951,9234276
84952,9234276
84954,9234276
84955,9234276
84956,9234276
84957,9234276
84958,9234276
84960,9234276
84961,9234276
84962,9234276
84963,9234276
84964,9234276
84967,9234276
84968,9234276
84971,9234276
84972,9234276
84973,9234276
84974,9234276
84975,9234276
84976,9234276
84977,9234276
84978,9234276
84979,9234276
84980,9234276
84982,9234276
84983,9234276
84984,9234276
84985,9234276
84986,9234276
84988,9234276
84989,9234276
84990,9234276
84991,9234276
84992,9234276
84993,9234276
84994,9234276
84995,9234276
84996,9234276
84998,9234276
85000,9234276
124651,9243758
124652,9243758
124653,9243758
124655,9243758
124656,9243758
124658,9243758
124659,9243758
124660,9243758
124661,9243758
124665,9243758
124666,9243758
124667,9243758
124668,9243758
124669,9243758
124670,9243758
124671,9243758
124672,9243758
124673,9243758
124674,9243758
124675,9243758
124677,9243758
124678,9243758
124679,9243758
124681,9243758
124682,9243758
124683,9243758
124684,9243758
124685,9243758
124686,9243758
124687,9243758
124688,9243758
124689,9243758
124690,9243758
124692,9243758
124693,9243758
124694,9243758
124695,9243758
124696,9243758
124697,9243758
124699,9243758
113901,9243801
113902,9243801
113904,9243801
113905,9243801
113907,9243801
113909,9243801
113911,9243801
113912,9243801
113913,9243801
113914,9243801
113915,9243801
113916,9243801
113917,9243801
113918,9243801
113919,9243801
113921,9243801
113922,9243801
113924,9243801
113925,9243801
113927,9243801
113929,9243801
113930,9243801
113931,9243801
113932,9243801
113933,9243801
113934,9243801
113935,9243801
113936,9243801
113937,9243801
113938,9243801
113939,9243801
113940,9243801
113941,9243801
113942,9243801
113943,9243801
113944,9243801
113946,9243801
113947,9243801
113948,9243801
113950,9243801
243151,9249295
243153,9249295
243154,9249295
243155,9249295
243156,9249295
243158,9249295
243159,9249295
243162,9249295
243164,9249295
243165,9249295
243166,9249295
243167,9249295
243168,9249295
243169,9249295
243170,9249295
243171,9249295
243172,9249295
243173,9249295
243174,9249295
243175,9249295
243176,9249295
243177,9249295
243178,9249295
243179,9249295
243182,9249295
243184,9249295
243185,9249295
243186,9249295
243187,9249295
243188,9249295
243189,9249295
243190,9249295
243191,9249295
243192,9249295
243193,9249295
243196,9249295
243197,9249295
243198,9249295
243199,9249295
243200,9249295
376751,9253870
376752,9253870
376753,9253870
376755,9253870
376756,9253870
376757,9253870
376758,9253870
376759,9253870
376760,9253870
376761,9253870
376763,9253870
376764,9253870
376765,9253870
376767,9253870
376768,9253870
376769,9253870
376770,9253870
376771,9253870
376772,9253870
376773,9253870
376776,9253870
376777,9253870
376778,9253870
376779,9253870
376780,9253870
376781,9253870
376782,9253870
376783,9253870
376784,9253870
376785,9253870
376786,9253870
376787,9253870
376788,9253870
376789,9253870
376791,9253870
376794,9253870
376795,9253870
376796,9253870
376797,9253870
376798,9253870
226602,9312690
226603,9312690
226604,9312690
226605,9312690
226606,9312690
226608,9312690
226609,9312690
226610,9312690
226613,9312690
226614,9312690
226615,9312690
226616,9312690
226617,9312690
226618,9312690
226619,9312690
226621,9312690
226622,9312690
226623,9312690
226624,9312690
226625,9312690
226626,9312690
226627,9312690
226629,9312690
226631,9312690
226632,9312690
226633,9312690
226634,9312690
226636,9312690
226638,9312690
226639,9312690
226641,9312690
226642,9312690
226643,9312690
226644,9312690
226645,9312690
226646,9312690
226647,9312690
226648,9312690
226649,9312690
226650,9312690
212501,9313773
212502,9313773
212503,9313773
212504,9313773
212505,9313773
212506,9313773
212508,9313773
212510,9313773
212511,9313773
212512,9313773
212513,9313773
212514,9313773
212515,9313773
212516,9313773
212517,9313773
212518,9313773
212521,9313773
212522,9313773
212523,9313773
212525,9313773
212526,9313773
212527,9313773
212528,9313773
212529,9313773
212530,9313773
212531,9313773
212532,9313773
212534,9313773
212535,9313773
212536,9313773
212538,9313773
212539,9313773
212540,9313773
212541,9313773
212542,9313773
212543,9313773
212545,9313773
212546,9313773
212548,9313773
212550,9313773
113451,9313785
113452,9313785
113453,9313785
113455,9313785
113456,9313785
113457,9313785
113458,9313785
113459,9313785
113460,9313785
113461,9313785
113462,9313785
113463,9313785
113465,9313785
113466,9313785
113468,9313785
113469,9313785
113471,9313785
113472,9313785
113473,9313785
113474,9313785
113475,9313785
113476,9313785
113477,9313785
113478,9313785
113480,9313785
113481,9313785
113483,9313785
113484,9313785
113486,9313785
113487,9313785
113488,9313785
113489,9313785
113490,9313785
113492,9313785
113494,9313785
113495,9313785
113497,9313785
113498,9313785
113499,9313785
113500,9313785
171451,9341756
171452,9341756
171454,9341756
171456,9341756
171457,9341756
171458,9341756
171460,9341756
171462,9341756
171464,9341756
171465,9341756
171466,9341756
171467,9341756
171468,9341756
171469,9341756
171470,9341756
171471,9341756
171472,9341756
171473,9341756
171474,9341756
171475,9341756
171476,9341756
171477,9341756
171478,9341756
171480,9341756
171481,9341756
171482,9341756
171483,9341756
171484,9341756
171486,9341756
171487,9341756
171488,9341756
171490,9341756
171491,9341756
171492,9341756
171494,9341756
171495,9341756
171497,9341756
171498,9341756
171499,9341756
171500,9341756
111702,9341770
111703,9341770
111705,9341770
111706,9341770
111708,9341770
111709,9341770
111710,9341770
111711,9341770
111712,9341770
111713,9341770
111714,9341770
111715,9341770
111716,9341770
111717,9341770
111719,9341770
111720,9341770
111721,9341770
111723,9341770
111724,9341770
111725,9341770
111726,9341770
111727,9341770
111728,9341770
111729,9341770
111730,9341770
111732,9341770
111733,9341770
111734,9341770
111735,9341770
111736,9341770
111737,9341770
111738,9341770
111739,9341770
111741,9341770
111742,9341770
111743,9341770
111744,9341770
111745,9341770
111748,9341770
111749,9341770
162501,9357494
162502,9357494
162503,9357494
162504,9357494
162505,9357494
162507,9357494
162508,9357494
162509,9357494
162510,9357494
162511,9357494
162512,9357494
162513,9357494
162514,9357494
162515,9357494
162516,9357494
162517,9357494
162518,9357494
162521,9357494
162522,9357494
162523,9357494
162524,9357494
162525,9357494
162527,9357494
162528,9357494
162529,9357494
162532,9357494
162533,9357494
162535,9357494
162536,9357494
162537,9357494
162538,9357494
162539,9357494
162541,9357494
162542,9357494
162544,9357494
162545,9357494
162546,9357494
162547,9357494
162548,9357494
162549,9357494
56501,9357509
56502,9357509
56503,9357509
56504,9357509
56505,9357509
56506,9357509
56507,9357509
56508,9357509
56509,9357509
56510,9357509
56511,9357509
56512,9357509
56513,9357509
56514,9357509
56515,9357509
56519,9357509
56520,9357509
56521,9357509
56522,9357509
56524,9357509
56526,9357509
56527,9357509
56528,9357509
56529,9357509
56530,9357509
56531,9357509
56532,9357509
56534,9357509
56535,9357509
56537,9357509
56538,9357509
56539,9357509
56540,9357509
56541,9357509
56542,9357509
56543,9357509
56546,9357509
56548,9357509
56549,9357509
56550,9357509
142451,9361380
142453,9361380
142454,9361380
142455,9361380
142456,9361380
142457,9361380
142458,9361380
142460,9361380
142462,9361380
142463,9361380
142464,9361380
142465,9361380
142466,9361380
142467,9361380
142468,9361380
142469,9361380
142471,9361380
142472,9361380
142473,9361380
142475,9361380
142476,9361380
142477,9361380
142479,9361380
142481,9361380
142483,9361380
142485,9361380
142486,9361380
142488,9361380
142489,9361380
142490,9361380
142491,9361380
142492,9361380
142493,9361380
142494,9361380
142495,9361380
142496,9361380
142497,9361380
142498,9361380
142499,9361380
142500,9361380
78802,9361756
78803,9361756
78804,9361756
78805,9361756
78806,9361756
78807,9361756
78808,9361756
78809,9361756
78810,9361756
78811,9361756
78812,9361756
78814,9361756
78817,9361756
78818,9361756
78819,9361756
78820,9361756
78821,9361756
78822,9361756
78823,9361756
78824,9361756
78825,9361756
78827,9361756
78828,9361756
78830,9361756
78832,9361756
78834,9361756
78835,9361756
78836,9361756
78837,9361756
78838,9361756
78839,9361756
78840,9361756
78841,9361756
78842,9361756
78843,9361756
78845,9361756
78846,9361756
78847,9361756
78848,9361756
78849,9361756
115801,9361768
115802,9361768
115803,9361768
115804,9361768
115805,9361768
115807,9361768
115808,9361768
115810,9361768
115812,9361768
115813,9361768
115814,9361768
115815,9361768
115816,9361768
115818,9361768
115819,9361768
115820,9361768
115821,9361768
115822,9361768
115823,9361768
115825,9361768
115826,9361768
115827,9361768
115828,9361768
115829,9361768
115831,9361768
115832,9361768
115833,9361768
115834,9361768
115835,9361768
115836,9361768
115837,9361768
115839,9361768
115841,9361768
115843,9361768
115844,9361768
115845,9361768
115846,9361768
115847,9361768
115848,9361768
115849,9361768
10251,9375111
10252,9375111
10254,9375111
10256,9375111
10257,9375111
10258,9375111
10259,9375111
10261,9375111
10262,9375111
10263,9375111
10264,9375111
10265,9375111
10266,9375111
10267,9375111
10268,9375111
10270,9375111
10271,9375111
10272,9375111
10273,9375111
10275,9375111
10276,9375111
10277,9375111
10278,9375111
10279,9375111
10280,9375111
10281,9375111
10282,9375111
10284,9375111
10285,9375111
10286,9375111
10287,9375111
10288,9375111
10289,9375111
10290,9375111
10292,9375111
10294,9375111
10295,9375111
10297,9375111
10298,9375111
10300,9375111
364951,9375135
364952,9375135
364953,9375135
364954,9375135
364955,9375135
364956,9375135
364957,9375135
364958,9375135
364959,9375135
364960,9375135
364962,9375135
364964,9375135
364965,9375135
364966,9375135
364967,9375135
364968,9375135
364969,9375135
364971,9375135
364972,9375135
364973,9375135
364976,9375135
364978,9375135
364979,9375135
364980,9375135
364982,9375135
364983,9375135
364984,9375135
364986,9375135
364987,9375135
364989,9375135
364990,9375135
364992,9375135
364993,9375135
364994,9375135
364995,9375135
364996,9375135
364997,9375135
364998,9375135
364999,9375135
365000,9375135
95351,9375147
95352,9375147
95353,9375147
95354,9375147
95355,9375147
95356,9375147
95357,9375147
95358,9375147
95359,9375147
95360,9375147
95362,9375147
95363,9375147
95364,9375147
95366,9375147
95367,9375147
95368,9375147
95369,9375147
95370,9375147
95372,9375147
95373,9375147
95374,9375147
95377,9375147
95379,9375147
95380,9375147
95382,9375147
95384,9375147
95386,9375147
95388,9375147
95389,9375147
95390,9375147
95391,9375147
95392,9375147
95393,9375147
95394,9375147
95395,9375147
95396,9375147
95397,9375147
95398,9375147
95399,9375147
95400,9375147
347251,9406843
347252,9406843
347253,9406843
347254,9406843
347255,9406843
347256,9406843
347258,9406843
347259,9406843
347260,9406843
347261,9406843
347263,9406843
347264,9406843
347265,9406843
347266,9406843
347267,9406843
347268,9406843
347269,9406843
347270,9406843
347271,9406843
347273,9406843
347274,9406843
347275,9406843
347276,9406843
347277,9406843
347278,9406843
347279,9406843
347280,9406843
347281,9406843
347282,9406843
347283,9406843
347285,9406843
347287,9406843
347288,9406843
347291,9406843
347292,9406843
347293,9406843
347294,9406843
347296,9406843
347298,9406843
347299,9406843
225801,9419292
225802,9419292
225803,9419292
225804,9419292
225805,9419292
225806,9419292
225808,9419292
225809,9419292
225812,9419292
225813,9419292
225815,9419292
225816,9419292
225817,9419292
225819,9419292
225820,9419292
225821,9419292
225822,9419292
225824,9419292
225825,9419292
225826,9419292
225828,9419292
225829,9419292
225830,9419292
225831,9419292
225833,9419292
225834,9419292
225835,9419292
225836,9419292
225837,9419292
225838,9419292
225839,9419292
225840,9419292
225841,9419292
225843,9419292
225844,9419292
225845,9419292
225846,9419292
225847,9419292
225849,9419292
225850,9419292
330652,9423748
330653,9423748
330654,9423748
330655,9423748
330656,9423748
330657,9423748
330658,9423748
330659,9423748
330660,9423748
330661,9423748
330662,9423748
330664,9423748
330665,9423748
330666,9423748
330667,9423748
330668,9423748
330670,9423748
330671,9423748
330672,9423748
330673,9423748
330675,9423748
330678,9423748
330679,9423748
330680,9423748
330682,9423748
330683,9423748
330684,9423748
330685,9423748
330686,9423748
330687,9423748
330688,9423748
330689,9423748
330691,9423748
330692,9423748
330693,9423748
330694,9423748
330697,9423748
330698,9423748
330699,9423748
330700,9423748
211451,9463437
211452,9463437
211453,9463437
211454,9463437
211456,9463437
211457,9463437
211458,9463437
211460,9463437
211462,9463437
211464,9463437
211465,9463437
211466,9463437
211467,9463437
211468,9463437
211469,9463437
211470,9463437
211471,9463437
211472,9463437
211473,9463437
211475,9463437
211478,9463437
211479,9463437
211480,9463437
211482,9463437
211483,9463437
211484,9463437
211485,9463437
211487,9463437
211488,9463437
211489,9463437
211490,9463437
211491,9463437
211492,9463437
211493,9463437
211494,9463437
211495,9463437
211496,9463437
211497,9463437
211498,9463437
211500,9463437
313151,9504114
313152,9504114
313154,9504114
313155,9504114
313156,9504114
313157,9504114
313160,9504114
313161,9504114
313162,9504114
313163,9504114
313164,9504114
313165,9504114
313166,9504114
313167,9504114
313168,9504114
313169,9504114
313170,9504114
313172,9504114
313173,9504114
313174,9504114
313175,9504114
313176,9504114
313177,9504114
313178,9504114
313179,9504114
313180,9504114
313182,9504114
313184,9504114
313185,9504114
313186,9504114
313187,9504114
313188,9504114
313189,9504114
313190,9504114
313194,9504114
313195,9504114
313197,9504114
313198,9504114
313199,9504114
313200,9504114
174702,9554781
174703,9554781
174704,9554781
174706,9554781
174707,9554781
174708,9554781
174709,9554781
174710,9554781
174712,9554781
174713,9554781
174714,9554781
174715,9554781
174718,9554781
174719,9554781
174720,9554781
174721,9554781
174723,9554781
174724,9554781
174726,9554781
174727,9554781
174728,9554781
174729,9554781
174730,9554781
174731,9554781
174732,9554781
174733,9554781
174734,9554781
174735,9554781
174736,9554781
174737,9554781
174738,9554781
174740,9554781
174741,9554781
174743,9554781
174744,9554781
174746,9554781
174747,9554781
174748,9554781
174749,9554781
174750,9554781
393051,9559092
393052,9559092
393053,9559092
393055,9559092
393056,9559092
393057,9559092
393058,9559092
393059,9559092
393060,9559092
393061,9559092
393064,9559092
393065,9559092
393066,9559092
393067,9559092
393068,9559092
393069,9559092
393070,9559092
393071,9559092
393072,9559092
393073,9559092
393074,9559092
393076,9559092
393077,9559092
393078,9559092
393079,9559092
393081,9559092
393082,9559092
393084,9559092
393085,9559092
393086,9559092
393087,9559092
393088,9559092
393092,9559092
393093,9559092
393094,9559092
393095,9559092
393096,9559092
393097,9559092
393098,9559092
393099,9559092
291401,9568249
291402,9568249
291403,9568249
291406,9568249
291408,9568249
291409,9568249
291410,9568249
291411,9568249
291412,9568249
291415,9568249
291416,9568249
291418,9568249
291419,9568249
291420,9568249
291421,9568249
291422,9568249
291423,9568249
291424,9568249
291425,9568249
291426,9568249
291427,9568249
291428,9568249
291429,9568249
291430,9568249
291431,9568249
291433,9568249
291435,9568249
291436,9568249
291437,9568249
291438,9568249
291439,9568249
291440,9568249
291441,9568249
291442,9568249
291443,9568249
291444,9568249
291445,9568249
291446,9568249
291449,9568249
291450,9568249
383001,9592563
383002,9592563
383003,9592563
383004,9592563
383005,9592563
383006,9592563
383007,9592563
383008,9592563
383009,9592563
383010,9592563
383011,9592563
383012,9592563
383013,9592563
383014,9592563
383015,9592563
383017,9592563
383018,9592563
383019,9592563
383021,9592563
383022,9592563
383023,9592563
383024,9592563
383026,9592563
383028,9592563
383029,9592563
383033,9592563
383034,9592563
383035,9592563
383037,9592563
383038,9592563
383039,9592563
383040,9592563
383041,9592563
383042,9592563
383043,9592563
383045,9592563
383046,9592563
383048,9592563
383049,9592563
383050,9592563
363453,9592575
363455,9592575
363457,9592575
363458,9592575
363459,9592575
363460,9592575
363462,9592575
363463,9592575
363464,9592575
363465,9592575
363466,9592575
363467,9592575
363468,9592575
363469,9592575
363471,9592575
363472,9592575
363474,9592575
363475,9592575
363477,9592575
363478,9592575
363479,9592575
363480,9592575
363481,9592575
363482,9592575
363483,9592575
363484,9592575
363485,9592575
363486,9592575
363487,9592575
363488,9592575
363489,9592575
363490,9592575
363491,9592575
363492,9592575
363494,9592575
363495,9592575
363496,9592575
363498,9592575
363499,9592575
363500,9592575
392701,9671474
392702,9671474
392703,9671474
392705,9671474
392706,9671474
392707,9671474
392708,9671474
392709,9671474
392712,9671474
392713,9671474
392714,9671474
392715,9671474
392717,9671474
392718,9671474
392719,9671474
392720,9671474
392721,9671474
392722,9671474
392724,9671474
392725,9671474
392726,9671474
392727,9671474
392729,9671474
392730,9671474
392731,9671474
392732,9671474
392733,9671474
392734,9671474
392735,9671474
392736,9671474
392737,9671474
392739,9671474
392741,9671474
392743,9671474
392744,9671474
392746,9671474
392747,9671474
392748,9671474
392749,9671474
392750,9671474
