336301,7214703
336302,7214703
336303,7214703
336305,7214703
336306,7214703
336307,7214703
336309,7214703
336310,7214703
336311,7214703
336312,7214703
336313,7214703
336315,7214703
336317,7214703
336318,7214703
336319,7214703
336321,7214703
336322,7214703
336323,7214703
336325,7214703
336327,7214703
336328,7214703
336329,7214703
336330,7214703
336331,7214703
336332,7214703
336333,7214703
336334,7214703
336335,7214703
336336,7214703
336338,7214703
336339,7214703
336340,7214703
336341,7214703
336342,7214703
336343,7214703
336344,7214703
336345,7214703
336346,7214703
336347,7214703
336348,7214703
276351,8012085
276352,8012085
276353,8012085
276354,8012085
276355,8012085
276356,8012085
276357,8012085
276358,8012085
276359,8012085
276360,8012085
276362,8012085
276363,8012085
276366,8012085
276367,8012085
276368,8012085
276369,8012085
276370,8012085
276371,8012085
276372,8012085
276373,8012085
276374,8012085
276376,8012085
276377,8012085
276379,8012085
276380,8012085
276381,8012085
276382,8012085
276383,8012085
276385,8012085
276386,8012085
276388,8012085
276389,8012085
276390,8012085
276391,8012085
276393,8012085
276394,8012085
276395,8012085
276396,8012085
276398,8012085
276399,8012085
101302,8202812
101303,8202812
101305,8202812
101306,8202812
101307,8202812
101310,8202812
101313,8202812
101314,8202812
101315,8202812
101316,8202812
101318,8202812
101320,8202812
101321,8202812
101322,8202812
101323,8202812
101324,8202812
101325,8202812
101326,8202812
101327,8202812
101328,8202812
101329,8202812
101330,8202812
101331,8202812
101332,8202812
101333,8202812
101334,8202812
101335,8202812
101337,8202812
101339,8202812
101340,8202812
101341,8202812
101342,8202812
101343,8202812
101344,8202812
101345,8202812
101346,8202812
101347,8202812
101348,8202812
101349,8202812
101350,8202812
88152,8224406
88154,8224406
88155,8224406
88156,8224406
88159,8224406
88160,8224406
88162,8224406
88163,8224406
88164,8224406
88165,8224406
88166,8224406
88167,8224406
88169,8224406
88170,8224406
88171,8224406
88172,8224406
88173,8224406
88174,8224406
88176,8224406
88177,8224406
88178,8224406
88179,8224406
88180,8224406
88181,8224406
88182,8224406
88183,8224406
88184,8224406
88186,8224406
88188,8224406
88189,8224406
88190,8224406
88191,8224406
88192,8224406
88194,8224406
88195,8224406
88196,8224406
88197,8224406
88198,8224406
88199,8224406
88200,8224406
68851,8404501
68853,8404501
68854,8404501
68855,8404501
68856,8404501
68857,8404501
68858,8404501
68859,8404501
68860,8404501
68862,8404501
68863,8404501
68865,8404501
68866,8404501
68867,8404501
68868,8404501
68869,8404501
68873,8404501
68874,8404501
68875,8404501
68876,8404501
68877,8404501
68878,8404501
68879,8404501
68880,8404501
68881,8404501
68882,8404501
68883,8404501
68887,8404501
68888,8404501
68889,8404501
68890,8404501
68891,8404501
68892,8404501
68893,8404501
68894,8404501
68895,8404501
68896,8404501
68897,8404501
68898,8404501
68899,8404501
344302,8519071
344304,8519071
344305,8519071
344306,8519071
344307,8519071
344308,8519071
344310,8519071
344311,8519071
344312,8519071
344313,8519071
344315,8519071
344317,8519071
344318,8519071
344319,8519071
344320,8519071
344321,8519071
344322,8519071
344323,8519071
344324,8519071
344326,8519071
344328,8519071
344329,8519071
344330,8519071
344331,8519071
344332,8519071
344333,8519071
344334,8519071
344335,8519071
344336,8519071
344338,8519071
344339,8519071
344340,8519071
344341,8519071
344342,8519071
344343,8519071
344344,8519071
344345,8519071
344346,8519071
344347,8519071
344348,8519071
353001,8714334
353002,8714334
353003,8714334
353006,8714334
353007,8714334
353008,8714334
353009,8714334
353011,8714334
353012,8714334
353013,8714334
353014,8714334
353015,8714334
353017,8714334
353018,8714334
353019,8714334
353020,8714334
353021,8714334
353022,8714334
353023,8714334
353024,8714334
353025,8714334
353026,8714334
353027,8714334
353029,8714334
353030,8714334
353032,8714334
353033,8714334
353034,8714334
353035,8714334
353036,8714334
353037,8714334
353038,8714334
353040,8714334
353041,8714334
353042,8714334
353043,8714334
353044,8714334
353045,8714334
353046,8714334
353047,8714334
282301,8802997
282303,8802997
282304,8802997
282305,8802997
282307,8802997
282308,8802997
282309,8802997
282310,8802997
282311,8802997
282313,8802997
282314,8802997
282316,8802997
282317,8802997
282318,8802997
282319,8802997
282321,8802997
282322,8802997
282323,8802997
282324,8802997
282325,8802997
282326,8802997
282327,8802997
282328,8802997
282329,8802997
282330,8802997
282331,8802997
282334,8802997
282336,8802997
282337,8802997
282338,8802997
282339,8802997
282341,8802997
282342,8802997
282343,8802997
282344,8802997
282345,8802997
282346,8802997
282347,8802997
282348,8802997
282350,8802997
165301,9012599
165303,9012599
165304,9012599
165305,9012599
165307,9012599
165308,9012599
165309,9012599
165310,9012599
165312,9012599
165313,9012599
165314,9012599
165316,9012599
165317,9012599
165318,9012599
165320,9012599
165321,9012599
165322,9012599
165323,9012599
165324,9012599
165325,9012599
165326,9012599
165328,9012599
165329,9012599
165330,9012599
165331,9012599
165332,9012599
165333,9012599
165334,9012599
165336,9012599
165337,9012599
165338,9012599
165339,9012599
165340,9012599
165341,9012599
165343,9012599
165345,9012599
165346,9012599
165348,9012599
165349,9012599
165350,9012599
310701,9034119
310702,9034119
310703,9034119
310704,9034119
310706,9034119
310707,9034119
310708,9034119
310709,9034119
310711,9034119
310713,9034119
310715,9034119
310716,9034119
310717,9034119
310719,9034119
310720,9034119
310721,9034119
310722,9034119
310724,9034119
310725,9034119
310726,9034119
310727,9034119
310728,9034119
310729,9034119
310730,9034119
310731,9034119
310732,9034119
310733,9034119
310734,9034119
310735,9034119
310736,9034119
310738,9034119
310740,9034119
310741,9034119
310743,9034119
310744,9034119
310746,9034119
310747,9034119
310748,9034119
310749,9034119
310750,9034119
181901,9101211
181903,9101211
181904,9101211
181906,9101211
181907,9101211
181908,9101211
181909,9101211
181910,9101211
181911,9101211
181912,9101211
181913,9101211
181914,9101211
181915,9101211
181916,9101211
181918,9101211
181921,9101211
181922,9101211
181923,9101211
181924,9101211
181925,9101211
181927,9101211
181928,9101211
181929,9101211
181930,9101211
181931,9101211
181932,9101211
181934,9101211
181935,9101211
181936,9101211
181938,9101211
181939,9101211
181940,9101211
181941,9101211
181942,9101211
181943,9101211
181946,9101211
181947,9101211
181948,9101211
181949,9101211
181950,9101211
326952,9117519
326953,9117519
326955,9117519
326956,9117519
326957,9117519
326959,9117519
326960,9117519
326962,9117519
326964,9117519
326966,9117519
326967,9117519
326968,9117519
326970,9117519
326971,9117519
326972,9117519
326973,9117519
326974,9117519
326975,9117519
326976,9117519
326977,9117519
326978,9117519
326980,9117519
326981,9117519
326982,9117519
326983,9117519
326984,9117519
326986,9117519
326987,9117519
326988,9117519
326989,9117519
326990,9117519
326991,9117519
326992,9117519
326993,9117519
326994,9117519
326996,9117519
326997,9117519
326998,9117519
326999,9117519
327000,9117519
45151,9162655
45152,9162655
45153,9162655
45154,9162655
45155,9162655
45156,9162655
45157,9162655
45159,9162655
45162,9162655
45163,9162655
45164,9162655
45167,9162655
45168,9162655
45169,9162655
45170,9162655
45171,9162655
45173,9162655
45174,9162655
45175,9162655
45176,9162655
45177,9162655
45178,9162655
45179,9162655
45180,9162655
45181,9162655
45183,9162655
45184,9162655
45185,9162655
45186,9162655
45187,9162655
45188,9162655
45189,9162655
45191,9162655
45193,9162655
45194,9162655
45196,9162655
45197,9162655
45198,9162655
45199,9162655
45200,9162655
254751,9179103
254752,9179103
254753,9179103
254754,9179103
254755,9179103
254756,9179103
254757,9179103
254758,9179103
254759,9179103
254760,9179103
254761,9179103
254762,9179103
254763,9179103
254764,9179103
254765,9179103
254767,9179103
254768,9179103
254769,9179103
254770,9179103
254771,9179103
254772,9179103
254773,9179103
254774,9179103
254775,9179103
254777,9179103
254778,9179103
254780,9179103
254781,9179103
254784,9179103
254785,9179103
254786,9179103
254787,9179103
254789,9179103
254791,9179103
254793,9179103
254794,9179103
254795,9179103
254798,9179103
254799,9179103
254800,9179103
180603,9223100
180604,9223100
180605,9223100
180606,9223100
180607,9223100
180609,9223100
180610,9223100
180611,9223100
180612,9223100
180613,9223100
180614,9223100
180617,9223100
180618,9223100
180619,9223100
180621,9223100
180623,9223100
180624,9223100
180625,9223100
180627,9223100
180628,9223100
180629,9223100
180631,9223100
180632,9223100
180633,9223100
180634,9223100
180635,9223100
180636,9223100
180637,9223100
180638,9223100
180639,9223100
180640,9223100
180641,9223100
180642,9223100
180644,9223100
180645,9223100
180646,9223100
180647,9223100
180648,9223100
180649,9223100
180650,9223100
308851,9242003
308852,9242003
308853,9242003
308855,9242003
308856,9242003
308858,9242003
308859,9242003
308860,9242003
308862,9242003
308863,9242003
308864,9242003
308865,9242003
308866,9242003
308867,9242003
308868,9242003
308869,9242003
308870,9242003
308871,9242003
308873,9242003
308875,9242003
308877,9242003
308878,9242003
308879,9242003
308880,9242003
308882,9242003
308883,9242003
308884,9242003
308886,9242003
308887,9242003
308888,9242003
308889,9242003
308890,9242003
308891,9242003
308892,9242003
308893,9242003
308894,9242003
308895,9242003
308896,9242003
308898,9242003
308900,9242003
199203,9284166
199204,9284166
199205,9284166
199206,9284166
199207,9284166
199208,9284166
199209,9284166
199211,9284166
199212,9284166
199213,9284166
199214,9284166
199216,9284166
199217,9284166
199218,9284166
199219,9284166
199220,9284166
199221,9284166
199222,9284166
199223,9284166
199226,9284166
199227,9284166
199228,9284166
199229,9284166
199230,9284166
199231,9284166
199232,9284166
199234,9284166
199235,9284166
199236,9284166
199237,9284166
199238,9284166
199239,9284166
199241,9284166
199243,9284166
199244,9284166
199245,9284166
199246,9284166
199247,9284166
199248,9284166
199250,9284166
58951,9370496
58952,9370496
58953,9370496
58956,9370496
58957,9370496
58959,9370496
58960,9370496
58963,9370496
58964,9370496
58965,9370496
58966,9370496
58967,9370496
58969,9370496
58970,9370496
58972,9370496
58973,9370496
58974,9370496
58975,9370496
58976,9370496
58977,9370496
58978,9370496
58979,9370496
58980,9370496
58982,9370496
58983,9370496
58984,9370496
58986,9370496
58987,9370496
58988,9370496
58989,9370496
58990,9370496
58991,9370496
58992,9370496
58993,9370496
58994,9370496
58995,9370496
58996,9370496
58997,9370496
58998,9370496
58999,9370496
298901,9405590
298902,9405590
298904,9405590
298906,9405590
298907,9405590
298908,9405590
298910,9405590
298911,9405590
298912,9405590
298913,9405590
298914,9405590
298915,9405590
298916,9405590
298918,9405590
298919,9405590
298920,9405590
298921,9405590
298922,9405590
298923,9405590
298924,9405590
298925,9405590
298926,9405590
298928,9405590
298929,9405590
298930,9405590
298931,9405590
298933,9405590
298934,9405590
298935,9405590
298936,9405590
298937,9405590
298939,9405590
298940,9405590
298941,9405590
298942,9405590
298943,9405590
298946,9405590
298947,9405590
298948,9405590
298949,9405590
