276751,7214753
276752,7214753
276755,7214753
276756,7214753
276757,7214753
276758,7214753
276760,7214753
276761,7214753
276762,7214753
276763,7214753
276764,7214753
276766,7214753
276767,7214753
276769,7214753
276770,7214753
276771,7214753
276773,7214753
276774,7214753
276775,7214753
276776,7214753
276777,7214753
276779,7214753
276780,7214753
276781,7214753
276782,7214753
276783,7214753
276784,7214753
276785,7214753
276786,7214753
276787,7214753
276788,7214753
276790,7214753
276791,7214753
276792,7214753
276794,7214753
276795,7214753
276796,7214753
276797,7214753
276798,7214753
276800,7214753
353951,8028565
353953,8028565
353954,8028565
353955,8028565
353957,8028565
353958,8028565
353959,8028565
353961,8028565
353962,8028565
353963,8028565
353964,8028565
353965,8028565
353966,8028565
353968,8028565
353969,8028565
353970,8028565
353971,8028565
353972,8028565
353974,8028565
353975,8028565
353976,8028565
353977,8028565
353979,8028565
353982,8028565
353984,8028565
353985,8028565
353986,8028565
353987,8028565
353988,8028565
353989,8028565
353991,8028565
353992,8028565
353993,8028565
353994,8028565
353995,8028565
353996,8028565
353997,8028565
353998,8028565
353999,8028565
354000,8028565
289502,8418198
289503,8418198
289504,8418198
289505,8418198
289506,8418198
289507,8418198
289511,8418198
289512,8418198
289513,8418198
289514,8418198
289516,8418198
289518,8418198
289519,8418198
289520,8418198
289521,8418198
289523,8418198
289524,8418198
289525,8418198
289526,8418198
289527,8418198
289528,8418198
289529,8418198
289530,8418198
289531,8418198
289532,8418198
289534,8418198
289535,8418198
289536,8418198
289538,8418198
289540,8418198
289541,8418198
289542,8418198
289543,8418198
289544,8418198
289545,8418198
289546,8418198
289547,8418198
289548,8418198
289549,8418198
289550,8418198
239551,9000625
239552,9000625
239553,9000625
239554,9000625
239556,9000625
239557,9000625
239558,9000625
239559,9000625
239560,9000625
239562,9000625
239563,9000625
239566,9000625
239569,9000625
239570,9000625
239571,9000625
239573,9000625
239574,9000625
239576,9000625
239577,9000625
239578,9000625
239579,9000625
239580,9000625
239581,9000625
239582,9000625
239583,9000625
239584,9000625
239585,9000625
239586,9000625
239588,9000625
239589,9000625
239590,9000625
239591,9000625
239592,9000625
239593,9000625
239595,9000625
239596,9000625
239597,9000625
239598,9000625
239599,9000625
239600,9000625
238501,9169677
238502,9169677
238504,9169677
238505,9169677
238506,9169677
238507,9169677
238508,9169677
238509,9169677
238511,9169677
238512,9169677
238513,9169677
238515,9169677
238516,9169677
238517,9169677
238518,9169677
238519,9169677
238521,9169677
238522,9169677
238523,9169677
238524,9169677
238525,9169677
238530,9169677
238531,9169677
238532,9169677
238533,9169677
238535,9169677
238536,9169677
238537,9169677
238538,9169677
238539,9169677
238540,9169677
238541,9169677
238542,9169677
238544,9169677
238545,9169677
238546,9169677
238547,9169677
238548,9169677
238549,9169677
238550,9169677
366851,9249403
366853,9249403
366854,9249403
366855,9249403
366856,9249403
366857,9249403
366858,9249403
366859,9249403
366860,9249403
366861,9249403
366862,9249403
366863,9249403
366864,9249403
366865,9249403
366866,9249403
366867,9249403
366868,9249403
366869,9249403
366870,9249403
366871,9249403
366873,9249403
366874,9249403
366875,9249403
366876,9249403
366878,9249403
366879,9249403
366882,9249403
366883,9249403
366885,9249403
366886,9249403
366887,9249403
366889,9249403
366890,9249403
366891,9249403
366892,9249403
366893,9249403
366894,9249403
366895,9249403
366899,9249403
366900,9249403
340202,9282144
340203,9282144
340204,9282144
340206,9282144
340207,9282144
340208,9282144
340209,9282144
340211,9282144
340212,9282144
340214,9282144
340215,9282144
340216,9282144
340217,9282144
340218,9282144
340219,9282144
340221,9282144
340222,9282144
340223,9282144
340224,9282144
340225,9282144
340226,9282144
340227,9282144
340228,9282144
340229,9282144
340230,9282144
340231,9282144
340232,9282144
340235,9282144
340236,9282144
340238,9282144
340239,9282144
340240,9282144
340241,9282144
340243,9282144
340244,9282144
340245,9282144
340247,9282144
340248,9282144
340249,9282144
340250,9282144
340101,9283473
340102,9283473
340103,9283473
340104,9283473
340106,9283473
340107,9283473
340109,9283473
340110,9283473
340111,9283473
340112,9283473
340114,9283473
340116,9283473
340117,9283473
340118,9283473
340120,9283473
340122,9283473
340123,9283473
340125,9283473
340126,9283473
340127,9283473
340128,9283473
340129,9283473
340130,9283473
340131,9283473
340132,9283473
340133,9283473
340135,9283473
340136,9283473
340137,9283473
340138,9283473
340139,9283473
340140,9283473
340141,9283473
340142,9283473
340143,9283473
340145,9283473
340146,9283473
340148,9283473
340149,9283473
340150,9283473
332251,9320922
332252,9320922
332253,9320922
332254,9320922
332255,9320922
332256,9320922
332257,9320922
332258,9320922
332260,9320922
332261,9320922
332262,9320922
332264,9320922
332265,9320922
332267,9320922
332269,9320922
332270,9320922
332271,9320922
332272,9320922
332273,9320922
332277,9320922
332278,9320922
332279,9320922
332281,9320922
332282,9320922
332283,9320922
332284,9320922
332285,9320922
332286,9320922
332287,9320922
332288,9320922
332289,9320922
332291,9320922
332292,9320922
332294,9320922
332295,9320922
332296,9320922
332297,9320922
332298,9320922
332299,9320922
332300,9320922
278901,9344332
278902,9344332
278904,9344332
278906,9344332
278907,9344332
278908,9344332
278909,9344332
278910,9344332
278911,9344332
278912,9344332
278913,9344332
278914,9344332
278917,9344332
278919,9344332
278922,9344332
278923,9344332
278924,9344332
278925,9344332
278926,9344332
278927,9344332
278928,9344332
278930,9344332
278931,9344332
278932,9344332
278933,9344332
278934,9344332
278935,9344332
278936,9344332
278937,9344332
278938,9344332
278939,9344332
278940,9344332
278942,9344332
278943,9344332
278944,9344332
278946,9344332
278947,9344332
278948,9344332
278949,9344332
278950,9344332
330251,9480772
330252,9480772
330253,9480772
330255,9480772
330257,9480772
330258,9480772
330259,9480772
330260,9480772
330262,9480772
330263,9480772
330264,9480772
330265,9480772
330266,9480772
330267,9480772
330268,9480772
330271,9480772
330272,9480772
330274,9480772
330275,9480772
330276,9480772
330277,9480772
330278,9480772
330279,9480772
330280,9480772
330281,9480772
330283,9480772
330284,9480772
330285,9480772
330286,9480772
330287,9480772
330288,9480772
330289,9480772
330290,9480772
330292,9480772
330293,9480772
330294,9480772
330296,9480772
330297,9480772
330298,9480772
330300,9480772
392752,9628465
392754,9628465
392755,9628465
392756,9628465
392758,9628465
392759,9628465
392760,9628465
392761,9628465
392762,9628465
392763,9628465
392764,9628465
392765,9628465
392766,9628465
392767,9628465
392768,9628465
392769,9628465
392770,9628465
392771,9628465
392772,9628465
392773,9628465
392774,9628465
392775,9628465
392776,9628465
392777,9628465
392778,9628465
392779,9628465
392781,9628465
392782,9628465
392783,9628465
392784,9628465
392785,9628465
392786,9628465
392788,9628465
392790,9628465
392791,9628465
392792,9628465
392795,9628465
392796,9628465
392798,9628465
392800,9628465
