37151,7204318
37152,7204318
37153,7204318
37154,7204318
37155,7204318
37156,7204318
37157,7204318
37158,7204318
37159,7204318
37160,7204318
37161,7204318
37162,7204318
37163,7204318
37164,7204318
37165,7204318
37167,7204318
37169,7204318
37170,7204318
37172,7204318
37173,7204318
37174,7204318
37175,7204318
37176,7204318
37177,7204318
37178,7204318
37179,7204318
37180,7204318
37181,7204318
37183,7204318
37184,7204318
37185,7204318
37186,7204318
37187,7204318
37188,7204318
37189,7204318
37192,7204318
37194,7204318
37196,7204318
37198,7204318
37199,7204318
56151,7911856
56153,7911856
56154,7911856
56155,7911856
56156,7911856
56157,7911856
56158,7911856
56160,7911856
56161,7911856
56162,7911856
56163,7911856
56164,7911856
56165,7911856
56167,7911856
56168,7911856
56169,7911856
56170,7911856
56171,7911856
56172,7911856
56173,7911856
56174,7911856
56175,7911856
56176,7911856
56177,7911856
56178,7911856
56180,7911856
56181,7911856
56182,7911856
56183,7911856
56184,7911856
56185,7911856
56186,7911856
56188,7911856
56189,7911856
56192,7911856
56194,7911856
56195,7911856
56196,7911856
56197,7911856
56198,7911856
54751,8316780
54752,8316780
54753,8316780
54754,8316780
54755,8316780
54756,8316780
54757,8316780
54759,8316780
54760,8316780
54761,8316780
54762,8316780
54763,8316780
54764,8316780
54765,8316780
54766,8316780
54767,8316780
54768,8316780
54770,8316780
54771,8316780
54773,8316780
54774,8316780
54775,8316780
54776,8316780
54777,8316780
54779,8316780
54780,8316780
54781,8316780
54782,8316780
54784,8316780
54786,8316780
54787,8316780
54788,8316780
54789,8316780
54791,8316780
54792,8316780
54794,8316780
54795,8316780
54796,8316780
54797,8316780
54799,8316780
17701,8414790
17703,8414790
17705,8414790
17706,8414790
17707,8414790
17708,8414790
17710,8414790
17711,8414790
17712,8414790
17713,8414790
17714,8414790
17715,8414790
17716,8414790
17717,8414790
17718,8414790
17719,8414790
17720,8414790
17721,8414790
17722,8414790
17723,8414790
17725,8414790
17727,8414790
17728,8414790
17730,8414790
17731,8414790
17732,8414790
17733,8414790
17734,8414790
17735,8414790
17737,8414790
17738,8414790
17739,8414790
17741,8414790
17744,8414790
17745,8414790
17746,8414790
17747,8414790
17748,8414790
17749,8414790
17750,8414790
30102,8507391
30104,8507391
30106,8507391
30107,8507391
30108,8507391
30109,8507391
30110,8507391
30111,8507391
30112,8507391
30113,8507391
30114,8507391
30115,8507391
30117,8507391
30118,8507391
30119,8507391
30120,8507391
30122,8507391
30123,8507391
30124,8507391
30126,8507391
30127,8507391
30128,8507391
30129,8507391
30130,8507391
30132,8507391
30133,8507391
30134,8507391
30135,8507391
30136,8507391
30137,8507391
30138,8507391
30139,8507391
30140,8507391
30141,8507391
30142,8507391
30143,8507391
30144,8507391
30145,8507391
30147,8507391
30150,8507391
380901,8513431
380902,8513431
380903,8513431
380904,8513431
380905,8513431
380907,8513431
380908,8513431
380909,8513431
380910,8513431
380911,8513431
380912,8513431
380913,8513431
380914,8513431
380915,8513431
380916,8513431
380919,8513431
380920,8513431
380921,8513431
380923,8513431
380925,8513431
380926,8513431
380928,8513431
380929,8513431
380930,8513431
380931,8513431
380933,8513431
380934,8513431
380935,8513431
380936,8513431
380938,8513431
380939,8513431
380940,8513431
380941,8513431
380942,8513431
380943,8513431
380944,8513431
380947,8513431
380948,8513431
380949,8513431
380950,8513431
169501,8806058
169502,8806058
169503,8806058
169504,8806058
169505,8806058
169507,8806058
169508,8806058
169509,8806058
169510,8806058
169511,8806058
169512,8806058
169514,8806058
169516,8806058
169518,8806058
169519,8806058
169520,8806058
169521,8806058
169522,8806058
169524,8806058
169525,8806058
169526,8806058
169527,8806058
169528,8806058
169529,8806058
169530,8806058
169531,8806058
169532,8806058
169534,8806058
169535,8806058
169537,8806058
169538,8806058
169539,8806058
169540,8806058
169542,8806058
169544,8806058
169545,8806058
169546,8806058
169547,8806058
169549,8806058
169550,8806058
177702,8900713
177704,8900713
177706,8900713
177707,8900713
177709,8900713
177711,8900713
177712,8900713
177714,8900713
177715,8900713
177716,8900713
177717,8900713
177718,8900713
177719,8900713
177721,8900713
177723,8900713
177724,8900713
177725,8900713
177726,8900713
177727,8900713
177728,8900713
177729,8900713
177730,8900713
177731,8900713
177732,8900713
177733,8900713
177734,8900713
177735,8900713
177736,8900713
177737,8900713
177739,8900713
177741,8900713
177742,8900713
177743,8900713
177744,8900713
177745,8900713
177746,8900713
177747,8900713
177748,8900713
177749,8900713
177750,8900713
125651,9001667
125652,9001667
125653,9001667
125654,9001667
125655,9001667
125656,9001667
125658,9001667
125660,9001667
125661,9001667
125662,9001667
125663,9001667
125664,9001667
125665,9001667
125667,9001667
125668,9001667
125669,9001667
125672,9001667
125673,9001667
125675,9001667
125676,9001667
125678,9001667
125679,9001667
125681,9001667
125682,9001667
125683,9001667
125684,9001667
125685,9001667
125686,9001667
125687,9001667
125688,9001667
125690,9001667
125691,9001667
125692,9001667
125693,9001667
125694,9001667
125695,9001667
125697,9001667
125698,9001667
125699,9001667
125700,9001667
49202,9034092
49203,9034092
49205,9034092
49206,9034092
49207,9034092
49208,9034092
49210,9034092
49211,9034092
49213,9034092
49214,9034092
49216,9034092
49217,9034092
49219,9034092
49220,9034092
49222,9034092
49223,9034092
49224,9034092
49225,9034092
49226,9034092
49228,9034092
49229,9034092
49230,9034092
49232,9034092
49234,9034092
49235,9034092
49236,9034092
49237,9034092
49238,9034092
49239,9034092
49240,9034092
49241,9034092
49242,9034092
49243,9034092
49244,9034092
49245,9034092
49246,9034092
49247,9034092
49248,9034092
49249,9034092
49250,9034092
157601,9064176
157602,9064176
157603,9064176
157604,9064176
157605,9064176
157606,9064176
157608,9064176
157609,9064176
157612,9064176
157613,9064176
157615,9064176
157616,9064176
157617,9064176
157619,9064176
157621,9064176
157622,9064176
157623,9064176
157624,9064176
157625,9064176
157626,9064176
157627,9064176
157628,9064176
157630,9064176
157631,9064176
157632,9064176
157633,9064176
157634,9064176
157635,9064176
157636,9064176
157637,9064176
157638,9064176
157640,9064176
157641,9064176
157643,9064176
157644,9064176
157646,9064176
157647,9064176
157648,9064176
157649,9064176
157650,9064176
147402,9125956
147403,9125956
147404,9125956
147405,9125956
147406,9125956
147407,9125956
147409,9125956
147410,9125956
147411,9125956
147412,9125956
147414,9125956
147415,9125956
147416,9125956
147417,9125956
147419,9125956
147420,9125956
147423,9125956
147426,9125956
147427,9125956
147428,9125956
147429,9125956
147431,9125956
147432,9125956
147433,9125956
147434,9125956
147435,9125956
147436,9125956
147437,9125956
147438,9125956
147439,9125956
147440,9125956
147441,9125956
147442,9125956
147443,9125956
147444,9125956
147445,9125956
147447,9125956
147448,9125956
147449,9125956
147450,9125956
281251,9143427
281252,9143427
281253,9143427
281254,9143427
281255,9143427
281256,9143427
281257,9143427
281258,9143427
281259,9143427
281260,9143427
281261,9143427
281262,9143427
281265,9143427
281266,9143427
281267,9143427
281268,9143427
281270,9143427
281271,9143427
281272,9143427
281273,9143427
281275,9143427
281276,9143427
281277,9143427
281278,9143427
281279,9143427
281280,9143427
281282,9143427
281283,9143427
281284,9143427
281285,9143427
281288,9143427
281289,9143427
281291,9143427
281292,9143427
281294,9143427
281295,9143427
281297,9143427
281298,9143427
281299,9143427
281300,9143427
50801,9151553
50802,9151553
50804,9151553
50805,9151553
50808,9151553
50809,9151553
50810,9151553
50811,9151553
50812,9151553
50813,9151553
50815,9151553
50816,9151553
50817,9151553
50818,9151553
50819,9151553
50820,9151553
50821,9151553
50822,9151553
50823,9151553
50824,9151553
50825,9151553
50826,9151553
50827,9151553
50830,9151553
50831,9151553
50832,9151553
50833,9151553
50834,9151553
50835,9151553
50836,9151553
50837,9151553
50838,9151553
50840,9151553
50843,9151553
50845,9151553
50846,9151553
50847,9151553
50848,9151553
50849,9151553
50850,9151553
75951,9158630
75952,9158630
75953,9158630
75954,9158630
75955,9158630
75956,9158630
75957,9158630
75958,9158630
75959,9158630
75960,9158630
75961,9158630
75962,9158630
75963,9158630
75964,9158630
75965,9158630
75967,9158630
75968,9158630
75969,9158630
75971,9158630
75972,9158630
75974,9158630
75975,9158630
75976,9158630
75977,9158630
75978,9158630
75981,9158630
75982,9158630
75983,9158630
75984,9158630
75985,9158630
75986,9158630
75990,9158630
75991,9158630
75992,9158630
75993,9158630
75995,9158630
75996,9158630
75998,9158630
75999,9158630
76000,9158630
195501,9196278
195502,9196278
195503,9196278
195504,9196278
195505,9196278
195506,9196278
195508,9196278
195509,9196278
195510,9196278
195511,9196278
195513,9196278
195514,9196278
195515,9196278
195516,9196278
195517,9196278
195520,9196278
195521,9196278
195523,9196278
195524,9196278
195525,9196278
195526,9196278
195527,9196278
195528,9196278
195529,9196278
195531,9196278
195532,9196278
195533,9196278
195534,9196278
195536,9196278
195537,9196278
195538,9196278
195540,9196278
195541,9196278
195542,9196278
195543,9196278
195545,9196278
195546,9196278
195548,9196278
195549,9196278
195550,9196278
