166453,5120075
166454,5120075
166455,5120075
166456,5120075
166457,5120075
166458,5120075
166459,5120075
166460,5120075
166463,5120075
166464,5120075
166465,5120075
166466,5120075
166467,5120075
166469,5120075
166470,5120075
166471,5120075
166472,5120075
166473,5120075
166474,5120075
166475,5120075
166476,5120075
166477,5120075
166480,5120075
166481,5120075
166482,5120075
166483,5120075
166485,5120075
166486,5120075
166487,5120075
166488,5120075
166489,5120075
166490,5120075
166491,5120075
166492,5120075
166493,5120075
166494,5120075
166495,5120075
166496,5120075
166497,5120075
166499,5120075
27151,6707961
27152,6707961
27154,6707961
27155,6707961
27156,6707961
27157,6707961
27158,6707961
27159,6707961
27160,6707961
27161,6707961
27162,6707961
27164,6707961
27166,6707961
27167,6707961
27168,6707961
27169,6707961
27170,6707961
27171,6707961
27172,6707961
27174,6707961
27175,6707961
27176,6707961
27177,6707961
27179,6707961
27181,6707961
27182,6707961
27183,6707961
27184,6707961
27186,6707961
27187,6707961
27188,6707961
27189,6707961
27190,6707961
27191,6707961
27192,6707961
27194,6707961
27196,6707961
27198,6707961
27199,6707961
27200,6707961
138603,6816607
138605,6816607
138606,6816607
138607,6816607
138608,6816607
138609,6816607
138610,6816607
138612,6816607
138613,6816607
138614,6816607
138616,6816607
138617,6816607
138618,6816607
138619,6816607
138621,6816607
138622,6816607
138623,6816607
138624,6816607
138625,6816607
138627,6816607
138628,6816607
138629,6816607
138630,6816607
138631,6816607
138632,6816607
138633,6816607
138634,6816607
138635,6816607
138636,6816607
138637,6816607
138639,6816607
138640,6816607
138641,6816607
138643,6816607
138644,6816607
138646,6816607
138647,6816607
138648,6816607
138649,6816607
138650,6816607
104201,6918716
104202,6918716
104203,6918716
104204,6918716
104205,6918716
104207,6918716
104208,6918716
104209,6918716
104210,6918716
104213,6918716
104214,6918716
104215,6918716
104216,6918716
104217,6918716
104218,6918716
104219,6918716
104220,6918716
104221,6918716
104222,6918716
104223,6918716
104226,6918716
104227,6918716
104228,6918716
104229,6918716
104231,6918716
104232,6918716
104234,6918716
104235,6918716
104236,6918716
104237,6918716
104238,6918716
104239,6918716
104240,6918716
104241,6918716
104243,6918716
104244,6918716
104245,6918716
104247,6918716
104249,6918716
104250,6918716
345751,7028556
345752,7028556
345753,7028556
345755,7028556
345756,7028556
345757,7028556
345758,7028556
345759,7028556
345760,7028556
345763,7028556
345764,7028556
345767,7028556
345769,7028556
345771,7028556
345772,7028556
345773,7028556
345775,7028556
345777,7028556
345778,7028556
345779,7028556
345780,7028556
345781,7028556
345782,7028556
345783,7028556
345784,7028556
345785,7028556
345786,7028556
345787,7028556
345788,7028556
345789,7028556
345790,7028556
345791,7028556
345792,7028556
345793,7028556
345794,7028556
345796,7028556
345797,7028556
345798,7028556
345799,7028556
345800,7028556
257701,7221251
257702,7221251
257703,7221251
257704,7221251
257705,7221251
257708,7221251
257709,7221251
257710,7221251
257712,7221251
257715,7221251
257716,7221251
257717,7221251
257718,7221251
257719,7221251
257720,7221251
257721,7221251
257723,7221251
257725,7221251
257726,7221251
257728,7221251
257729,7221251
257731,7221251
257732,7221251
257733,7221251
257734,7221251
257735,7221251
257736,7221251
257737,7221251
257738,7221251
257739,7221251
257740,7221251
257742,7221251
257743,7221251
257744,7221251
257745,7221251
257746,7221251
257747,7221251
257748,7221251
257749,7221251
257750,7221251
336251,7329314
336253,7329314
336256,7329314
336259,7329314
336260,7329314
336261,7329314
336262,7329314
336263,7329314
336264,7329314
336265,7329314
336266,7329314
336267,7329314
336268,7329314
336269,7329314
336270,7329314
336272,7329314
336273,7329314
336275,7329314
336276,7329314
336277,7329314
336279,7329314
336280,7329314
336281,7329314
336282,7329314
336283,7329314
336284,7329314
336285,7329314
336286,7329314
336288,7329314
336289,7329314
336290,7329314
336291,7329314
336292,7329314
336293,7329314
336294,7329314
336295,7329314
336296,7329314
336297,7329314
336298,7329314
336299,7329314
178601,7366403
178602,7366403
178603,7366403
178604,7366403
178605,7366403
178606,7366403
178607,7366403
178609,7366403
178610,7366403
178611,7366403
178613,7366403
178614,7366403
178615,7366403
178616,7366403
178617,7366403
178619,7366403
178620,7366403
178621,7366403
178622,7366403
178624,7366403
178626,7366403
178627,7366403
178628,7366403
178629,7366403
178630,7366403
178631,7366403
178632,7366403
178633,7366403
178634,7366403
178635,7366403
178637,7366403
178638,7366403
178641,7366403
178642,7366403
178643,7366403
178644,7366403
178645,7366403
178646,7366403
178649,7366403
178650,7366403
21401,7423108
21402,7423108
21403,7423108
21404,7423108
21405,7423108
21406,7423108
21407,7423108
21408,7423108
21409,7423108
21410,7423108
21411,7423108
21413,7423108
21415,7423108
21416,7423108
21417,7423108
21418,7423108
21419,7423108
21420,7423108
21423,7423108
21424,7423108
21425,7423108
21426,7423108
21428,7423108
21429,7423108
21431,7423108
21432,7423108
21433,7423108
21434,7423108
21435,7423108
21436,7423108
21437,7423108
21439,7423108
21442,7423108
21443,7423108
21444,7423108
21445,7423108
21446,7423108
21447,7423108
21448,7423108
21449,7423108
64801,7432783
64803,7432783
64804,7432783
64805,7432783
64806,7432783
64808,7432783
64809,7432783
64810,7432783
64811,7432783
64812,7432783
64813,7432783
64815,7432783
64816,7432783
64817,7432783
64818,7432783
64819,7432783
64820,7432783
64821,7432783
64823,7432783
64826,7432783
64827,7432783
64828,7432783
64829,7432783
64831,7432783
64832,7432783
64834,7432783
64835,7432783
64836,7432783
64837,7432783
64838,7432783
64841,7432783
64842,7432783
64843,7432783
64844,7432783
64845,7432783
64846,7432783
64847,7432783
64848,7432783
64849,7432783
64850,7432783
92601,7711725
92602,7711725
92603,7711725
92604,7711725
92605,7711725
92607,7711725
92608,7711725
92609,7711725
92611,7711725
92612,7711725
92615,7711725
92616,7711725
92617,7711725
92618,7711725
92620,7711725
92621,7711725
92622,7711725
92623,7711725
92624,7711725
92626,7711725
92627,7711725
92628,7711725
92629,7711725
92630,7711725
92631,7711725
92632,7711725
92633,7711725
92634,7711725
92635,7711725
92637,7711725
92638,7711725
92639,7711725
92640,7711725
92643,7711725
92644,7711725
92645,7711725
92646,7711725
92647,7711725
92649,7711725
92650,7711725
83951,7711737
83952,7711737
83953,7711737
83954,7711737
83955,7711737
83956,7711737
83957,7711737
83958,7711737
83959,7711737
83961,7711737
83962,7711737
83963,7711737
83964,7711737
83967,7711737
83969,7711737
83970,7711737
83971,7711737
83972,7711737
83973,7711737
83974,7711737
83975,7711737
83977,7711737
83978,7711737
83979,7711737
83980,7711737
83981,7711737
83983,7711737
83984,7711737
83987,7711737
83988,7711737
83989,7711737
83990,7711737
83991,7711737
83993,7711737
83995,7711737
83996,7711737
83997,7711737
83998,7711737
83999,7711737
84000,7711737
129001,7726677
129002,7726677
129003,7726677
129004,7726677
129005,7726677
129006,7726677
129007,7726677
129008,7726677
129009,7726677
129010,7726677
129014,7726677
129016,7726677
129017,7726677
129018,7726677
129019,7726677
129022,7726677
129023,7726677
129024,7726677
129025,7726677
129026,7726677
129028,7726677
129029,7726677
129030,7726677
129031,7726677
129032,7726677
129033,7726677
129034,7726677
129035,7726677
129036,7726677
129037,7726677
129038,7726677
129039,7726677
129040,7726677
129042,7726677
129043,7726677
129044,7726677
129045,7726677
129046,7726677
129047,7726677
129050,7726677
135501,7927805
135502,7927805
135503,7927805
135504,7927805
135505,7927805
135506,7927805
135507,7927805
135508,7927805
135509,7927805
135510,7927805
135511,7927805
135512,7927805
135513,7927805
135514,7927805
135515,7927805
135517,7927805
135519,7927805
135520,7927805
135521,7927805
135522,7927805
135523,7927805
135524,7927805
135525,7927805
135526,7927805
135530,7927805
135531,7927805
135532,7927805
135533,7927805
135534,7927805
135535,7927805
135536,7927805
135538,7927805
135539,7927805
135540,7927805
135541,7927805
135542,7927805
135545,7927805
135546,7927805
135547,7927805
135548,7927805
59851,8006323
59852,8006323
59853,8006323
59856,8006323
59857,8006323
59858,8006323
59859,8006323
59860,8006323
59861,8006323
59862,8006323
59863,8006323
59864,8006323
59865,8006323
59866,8006323
59867,8006323
59868,8006323
59870,8006323
59872,8006323
59873,8006323
59874,8006323
59875,8006323
59876,8006323
59877,8006323
59879,8006323
59880,8006323
59881,8006323
59883,8006323
59884,8006323
59886,8006323
59887,8006323
59888,8006323
59889,8006323
59891,8006323
59892,8006323
59893,8006323
59894,8006323
59895,8006323
59897,8006323
59898,8006323
59900,8006323
76801,8016641
76802,8016641
76804,8016641
76806,8016641
76807,8016641
76808,8016641
76810,8016641
76811,8016641
76813,8016641
76814,8016641
76815,8016641
76818,8016641
76819,8016641
76821,8016641
76822,8016641
76823,8016641
76824,8016641
76825,8016641
76826,8016641
76827,8016641
76828,8016641
76829,8016641
76830,8016641
76831,8016641
76832,8016641
76833,8016641
76834,8016641
76835,8016641
76836,8016641
76838,8016641
76840,8016641
76841,8016641
76842,8016641
76843,8016641
76844,8016641
76845,8016641
76846,8016641
76847,8016641
76848,8016641
76850,8016641
20051,8025680
20052,8025680
20053,8025680
20054,8025680
20055,8025680
20056,8025680
20057,8025680
20058,8025680
20059,8025680
20060,8025680
20062,8025680
20064,8025680
20065,8025680
20066,8025680
20067,8025680
20069,8025680
20070,8025680
20073,8025680
20074,8025680
20075,8025680
20076,8025680
20078,8025680
20079,8025680
20080,8025680
20081,8025680
20082,8025680
20085,8025680
20086,8025680
20087,8025680
20088,8025680
20089,8025680
20090,8025680
20092,8025680
20093,8025680
20095,8025680
20096,8025680
20097,8025680
20098,8025680
20099,8025680
20100,8025680
224652,8103171
224653,8103171
224654,8103171
224656,8103171
224658,8103171
224659,8103171
224661,8103171
224663,8103171
224664,8103171
224665,8103171
224667,8103171
224668,8103171
224669,8103171
224670,8103171
224672,8103171
224673,8103171
224674,8103171
224676,8103171
224677,8103171
224678,8103171
224679,8103171
224680,8103171
224681,8103171
224682,8103171
224683,8103171
224684,8103171
224685,8103171
224686,8103171
224687,8103171
224688,8103171
224689,8103171
224690,8103171
224691,8103171
224692,8103171
224693,8103171
224694,8103171
224695,8103171
224696,8103171
224697,8103171
224700,8103171
215651,8315566
215652,8315566
215654,8315566
215655,8315566
215656,8315566
215657,8315566
215659,8315566
215660,8315566
215661,8315566
215662,8315566
215663,8315566
215665,8315566
215666,8315566
215668,8315566
215670,8315566
215672,8315566
215674,8315566
215675,8315566
215676,8315566
215677,8315566
215678,8315566
215679,8315566
215680,8315566
215682,8315566
215683,8315566
215685,8315566
215686,8315566
215688,8315566
215689,8315566
215690,8315566
215691,8315566
215692,8315566
215693,8315566
215694,8315566
215695,8315566
215696,8315566
215697,8315566
215698,8315566
215699,8315566
215700,8315566
344451,8512073
344452,8512073
344455,8512073
344456,8512073
344457,8512073
344458,8512073
344459,8512073
344460,8512073
344461,8512073
344462,8512073
344463,8512073
344464,8512073
344465,8512073
344466,8512073
344467,8512073
344468,8512073
344469,8512073
344470,8512073
344471,8512073
344473,8512073
344475,8512073
344476,8512073
344478,8512073
344479,8512073
344482,8512073
344483,8512073
344484,8512073
344485,8512073
344486,8512073
344489,8512073
344490,8512073
344491,8512073
344492,8512073
344494,8512073
344495,8512073
344496,8512073
344497,8512073
344498,8512073
344499,8512073
344500,8512073
16201,8912302
16202,8912302
16204,8912302
16205,8912302
16206,8912302
16208,8912302
16209,8912302
16210,8912302
16211,8912302
16212,8912302
16213,8912302
16216,8912302
16217,8912302
16219,8912302
16220,8912302
16221,8912302
16222,8912302
16223,8912302
16225,8912302
16227,8912302
16228,8912302
16229,8912302
16231,8912302
16233,8912302
16234,8912302
16235,8912302
16236,8912302
16237,8912302
16238,8912302
16239,8912302
16240,8912302
16241,8912302
16242,8912302
16243,8912302
16244,8912302
16245,8912302
16246,8912302
16247,8912302
16249,8912302
16250,8912302
166701,9601027
166702,9601027
166703,9601027
166704,9601027
166706,9601027
166708,9601027
166710,9601027
166712,9601027
166715,9601027
166717,9601027
166718,9601027
166719,9601027
166720,9601027
166721,9601027
166722,9601027
166723,9601027
166725,9601027
166726,9601027
166727,9601027
166728,9601027
166729,9601027
166730,9601027
166731,9601027
166732,9601027
166733,9601027
166734,9601027
166735,9601027
166736,9601027
166737,9601027
166738,9601027
166740,9601027
166741,9601027
166742,9601027
166743,9601027
166744,9601027
166746,9601027
166747,9601027
166748,9601027
166749,9601027
166750,9601027
329801,9601039
329803,9601039
329805,9601039
329806,9601039
329807,9601039
329808,9601039
329809,9601039
329810,9601039
329811,9601039
329812,9601039
329813,9601039
329814,9601039
329816,9601039
329817,9601039
329818,9601039
329819,9601039
329820,9601039
329821,9601039
329822,9601039
329823,9601039
329824,9601039
329825,9601039
329826,9601039
329827,9601039
329828,9601039
329829,9601039
329830,9601039
329831,9601039
329832,9601039
329833,9601039
329835,9601039
329836,9601039
329837,9601039
329838,9601039
329839,9601039
329841,9601039
329843,9601039
329847,9601039
329848,9601039
329850,9601039
