166451,5120075
166452,5120075
166453,5120075
166455,5120075
166456,5120075
166457,5120075
166458,5120075
166459,5120075
166460,5120075
166461,5120075
166462,5120075
166463,5120075
166465,5120075
166466,5120075
166467,5120075
166468,5120075
166469,5120075
166471,5120075
166472,5120075
166474,5120075
166476,5120075
166478,5120075
166479,5120075
166480,5120075
166481,5120075
166484,5120075
166485,5120075
166487,5120075
166488,5120075
166489,5120075
166490,5120075
166491,5120075
166492,5120075
166493,5120075
166495,5120075
166496,5120075
166497,5120075
166498,5120075
166499,5120075
166500,5120075
27151,6707961
27152,6707961
27153,6707961
27155,6707961
27156,6707961
27157,6707961
27160,6707961
27162,6707961
27163,6707961
27164,6707961
27165,6707961
27166,6707961
27167,6707961
27169,6707961
27170,6707961
27171,6707961
27172,6707961
27173,6707961
27176,6707961
27177,6707961
27178,6707961
27179,6707961
27180,6707961
27182,6707961
27184,6707961
27185,6707961
27186,6707961
27187,6707961
27188,6707961
27189,6707961
27191,6707961
27192,6707961
27193,6707961
27194,6707961
27195,6707961
27196,6707961
27197,6707961
27198,6707961
27199,6707961
27200,6707961
138601,6816607
138602,6816607
138603,6816607
138604,6816607
138609,6816607
138610,6816607
138611,6816607
138612,6816607
138613,6816607
138614,6816607
138615,6816607
138616,6816607
138617,6816607
138619,6816607
138620,6816607
138621,6816607
138622,6816607
138623,6816607
138625,6816607
138626,6816607
138627,6816607
138629,6816607
138631,6816607
138633,6816607
138634,6816607
138635,6816607
138636,6816607
138637,6816607
138638,6816607
138639,6816607
138640,6816607
138641,6816607
138642,6816607
138643,6816607
138644,6816607
138645,6816607
138646,6816607
138647,6816607
138648,6816607
138650,6816607
104201,6918716
104202,6918716
104203,6918716
104204,6918716
104205,6918716
104206,6918716
104208,6918716
104209,6918716
104210,6918716
104211,6918716
104212,6918716
104215,6918716
104216,6918716
104218,6918716
104223,6918716
104224,6918716
104225,6918716
104227,6918716
104228,6918716
104229,6918716
104230,6918716
104231,6918716
104232,6918716
104233,6918716
104234,6918716
104236,6918716
104237,6918716
104238,6918716
104239,6918716
104240,6918716
104241,6918716
104242,6918716
104243,6918716
104244,6918716
104245,6918716
104246,6918716
104247,6918716
104248,6918716
104249,6918716
104250,6918716
345752,7028556
345753,7028556
345754,7028556
345755,7028556
345756,7028556
345757,7028556
345759,7028556
345760,7028556
345761,7028556
345762,7028556
345764,7028556
345765,7028556
345766,7028556
345767,7028556
345768,7028556
345769,7028556
345770,7028556
345771,7028556
345773,7028556
345774,7028556
345775,7028556
345776,7028556
345777,7028556
345780,7028556
345781,7028556
345782,7028556
345783,7028556
345784,7028556
345785,7028556
345786,7028556
345787,7028556
345790,7028556
345791,7028556
345794,7028556
345795,7028556
345796,7028556
345797,7028556
345798,7028556
345799,7028556
345800,7028556
257701,7221251
257702,7221251
257705,7221251
257706,7221251
257707,7221251
257708,7221251
257711,7221251
257712,7221251
257713,7221251
257714,7221251
257715,7221251
257716,7221251
257719,7221251
257720,7221251
257721,7221251
257722,7221251
257723,7221251
257724,7221251
257725,7221251
257726,7221251
257727,7221251
257728,7221251
257730,7221251
257731,7221251
257732,7221251
257733,7221251
257736,7221251
257737,7221251
257739,7221251
257740,7221251
257741,7221251
257742,7221251
257743,7221251
257744,7221251
257745,7221251
257746,7221251
257747,7221251
257748,7221251
257749,7221251
257750,7221251
336251,7329314
336252,7329314
336253,7329314
336254,7329314
336255,7329314
336256,7329314
336257,7329314
336258,7329314
336259,7329314
336260,7329314
336261,7329314
336263,7329314
336264,7329314
336268,7329314
336269,7329314
336270,7329314
336271,7329314
336272,7329314
336273,7329314
336274,7329314
336275,7329314
336276,7329314
336277,7329314
336278,7329314
336279,7329314
336281,7329314
336283,7329314
336284,7329314
336285,7329314
336287,7329314
336288,7329314
336289,7329314
336290,7329314
336293,7329314
336294,7329314
336296,7329314
336297,7329314
336298,7329314
336299,7329314
336300,7329314
178601,7366403
178602,7366403
178603,7366403
178604,7366403
178606,7366403
178607,7366403
178608,7366403
178611,7366403
178612,7366403
178613,7366403
178614,7366403
178615,7366403
178616,7366403
178617,7366403
178618,7366403
178619,7366403
178620,7366403
178621,7366403
178622,7366403
178623,7366403
178625,7366403
178626,7366403
178627,7366403
178628,7366403
178629,7366403
178630,7366403
178631,7366403
178632,7366403
178634,7366403
178636,7366403
178637,7366403
178638,7366403
178639,7366403
178640,7366403
178642,7366403
178643,7366403
178645,7366403
178647,7366403
178648,7366403
178649,7366403
21401,7423108
21402,7423108
21403,7423108
21404,7423108
21405,7423108
21406,7423108
21407,7423108
21408,7423108
21409,7423108
21410,7423108
21411,7423108
21412,7423108
21413,7423108
21414,7423108
21415,7423108
21417,7423108
21418,7423108
21420,7423108
21421,7423108
21422,7423108
21424,7423108
21425,7423108
21427,7423108
21428,7423108
21429,7423108
21430,7423108
21431,7423108
21434,7423108
21435,7423108
21436,7423108
21438,7423108
21439,7423108
21440,7423108
21441,7423108
21443,7423108
21444,7423108
21445,7423108
21447,7423108
21449,7423108
21450,7423108
64802,7432783
64803,7432783
64805,7432783
64807,7432783
64808,7432783
64809,7432783
64810,7432783
64812,7432783
64814,7432783
64815,7432783
64816,7432783
64818,7432783
64820,7432783
64821,7432783
64822,7432783
64823,7432783
64824,7432783
64825,7432783
64826,7432783
64827,7432783
64828,7432783
64830,7432783
64831,7432783
64832,7432783
64833,7432783
64834,7432783
64835,7432783
64836,7432783
64837,7432783
64838,7432783
64839,7432783
64840,7432783
64841,7432783
64843,7432783
64844,7432783
64845,7432783
64846,7432783
64847,7432783
64848,7432783
64850,7432783
92601,7711725
92603,7711725
92604,7711725
92605,7711725
92606,7711725
92608,7711725
92609,7711725
92610,7711725
92611,7711725
92612,7711725
92613,7711725
92614,7711725
92617,7711725
92618,7711725
92619,7711725
92621,7711725
92622,7711725
92623,7711725
92624,7711725
92625,7711725
92626,7711725
92628,7711725
92629,7711725
92630,7711725
92632,7711725
92633,7711725
92636,7711725
92637,7711725
92638,7711725
92639,7711725
92640,7711725
92641,7711725
92642,7711725
92643,7711725
92644,7711725
92645,7711725
92646,7711725
92648,7711725
92649,7711725
92650,7711725
83951,7711737
83952,7711737
83953,7711737
83954,7711737
83955,7711737
83956,7711737
83958,7711737
83959,7711737
83960,7711737
83962,7711737
83963,7711737
83964,7711737
83965,7711737
83966,7711737
83967,7711737
83968,7711737
83969,7711737
83970,7711737
83971,7711737
83973,7711737
83974,7711737
83976,7711737
83978,7711737
83979,7711737
83980,7711737
83981,7711737
83982,7711737
83984,7711737
83985,7711737
83986,7711737
83987,7711737
83989,7711737
83991,7711737
83992,7711737
83994,7711737
83996,7711737
83997,7711737
83998,7711737
83999,7711737
84000,7711737
129001,7726677
129002,7726677
129005,7726677
129006,7726677
129009,7726677
129010,7726677
129011,7726677
129012,7726677
129013,7726677
129014,7726677
129015,7726677
129017,7726677
129019,7726677
129020,7726677
129021,7726677
129022,7726677
129023,7726677
129024,7726677
129025,7726677
129026,7726677
129027,7726677
129028,7726677
129029,7726677
129030,7726677
129032,7726677
129033,7726677
129034,7726677
129035,7726677
129036,7726677
129038,7726677
129040,7726677
129041,7726677
129042,7726677
129043,7726677
129044,7726677
129045,7726677
129046,7726677
129047,7726677
129048,7726677
129049,7726677
135501,7927805
135502,7927805
135503,7927805
135504,7927805
135505,7927805
135506,7927805
135508,7927805
135509,7927805
135510,7927805
135511,7927805
135512,7927805
135513,7927805
135514,7927805
135516,7927805
135517,7927805
135518,7927805
135520,7927805
135523,7927805
135525,7927805
135527,7927805
135528,7927805
135529,7927805
135530,7927805
135531,7927805
135533,7927805
135534,7927805
135535,7927805
135537,7927805
135538,7927805
135539,7927805
135540,7927805
135542,7927805
135543,7927805
135544,7927805
135545,7927805
135546,7927805
135547,7927805
135548,7927805
135549,7927805
135550,7927805
59852,8006323
59853,8006323
59854,8006323
59855,8006323
59857,8006323
59858,8006323
59859,8006323
59860,8006323
59861,8006323
59862,8006323
59863,8006323
59865,8006323
59866,8006323
59867,8006323
59868,8006323
59869,8006323
59870,8006323
59871,8006323
59872,8006323
59873,8006323
59876,8006323
59877,8006323
59878,8006323
59879,8006323
59880,8006323
59881,8006323
59882,8006323
59883,8006323
59885,8006323
59886,8006323
59887,8006323
59888,8006323
59890,8006323
59891,8006323
59892,8006323
59894,8006323
59895,8006323
59896,8006323
59898,8006323
59899,8006323
76802,8016641
76803,8016641
76805,8016641
76806,8016641
76807,8016641
76809,8016641
76812,8016641
76813,8016641
76814,8016641
76815,8016641
76816,8016641
76817,8016641
76819,8016641
76820,8016641
76821,8016641
76822,8016641
76823,8016641
76824,8016641
76825,8016641
76826,8016641
76827,8016641
76828,8016641
76830,8016641
76831,8016641
76832,8016641
76833,8016641
76835,8016641
76836,8016641
76837,8016641
76838,8016641
76839,8016641
76840,8016641
76841,8016641
76842,8016641
76843,8016641
76844,8016641
76845,8016641
76846,8016641
76849,8016641
76850,8016641
20051,8025680
20053,8025680
20054,8025680
20055,8025680
20056,8025680
20057,8025680
20058,8025680
20060,8025680
20061,8025680
20062,8025680
20063,8025680
20064,8025680
20065,8025680
20067,8025680
20068,8025680
20069,8025680
20071,8025680
20072,8025680
20074,8025680
20075,8025680
20076,8025680
20077,8025680
20079,8025680
20080,8025680
20081,8025680
20083,8025680
20084,8025680
20085,8025680
20086,8025680
20087,8025680
20089,8025680
20090,8025680
20091,8025680
20092,8025680
20093,8025680
20094,8025680
20095,8025680
20096,8025680
20099,8025680
20100,8025680
224651,8103171
224654,8103171
224655,8103171
224656,8103171
224657,8103171
224658,8103171
224659,8103171
224660,8103171
224661,8103171
224662,8103171
224663,8103171
224664,8103171
224665,8103171
224666,8103171
224668,8103171
224669,8103171
224670,8103171
224671,8103171
224672,8103171
224674,8103171
224675,8103171
224676,8103171
224677,8103171
224678,8103171
224679,8103171
224682,8103171
224683,8103171
224684,8103171
224685,8103171
224686,8103171
224687,8103171
224688,8103171
224690,8103171
224691,8103171
224693,8103171
224694,8103171
224695,8103171
224698,8103171
224699,8103171
224700,8103171
215651,8315566
215652,8315566
215653,8315566
215654,8315566
215656,8315566
215657,8315566
215658,8315566
215660,8315566
215664,8315566
215665,8315566
215666,8315566
215667,8315566
215668,8315566
215669,8315566
215670,8315566
215671,8315566
215672,8315566
215673,8315566
215674,8315566
215675,8315566
215676,8315566
215677,8315566
215679,8315566
215680,8315566
215681,8315566
215683,8315566
215684,8315566
215685,8315566
215686,8315566
215687,8315566
215688,8315566
215689,8315566
215690,8315566
215691,8315566
215692,8315566
215694,8315566
215695,8315566
215697,8315566
215698,8315566
215699,8315566
344451,8512073
344452,8512073
344453,8512073
344454,8512073
344455,8512073
344456,8512073
344458,8512073
344461,8512073
344463,8512073
344464,8512073
344465,8512073
344467,8512073
344469,8512073
344471,8512073
344472,8512073
344473,8512073
344474,8512073
344475,8512073
344476,8512073
344477,8512073
344478,8512073
344479,8512073
344480,8512073
344481,8512073
344483,8512073
344484,8512073
344486,8512073
344487,8512073
344488,8512073
344490,8512073
344491,8512073
344492,8512073
344493,8512073
344494,8512073
344495,8512073
344496,8512073
344497,8512073
344498,8512073
344499,8512073
344500,8512073
16201,8912302
16203,8912302
16204,8912302
16205,8912302
16206,8912302
16207,8912302
16208,8912302
16211,8912302
16212,8912302
16213,8912302
16214,8912302
16215,8912302
16216,8912302
16217,8912302
16218,8912302
16220,8912302
16221,8912302
16222,8912302
16223,8912302
16224,8912302
16226,8912302
16228,8912302
16229,8912302
16230,8912302
16231,8912302
16232,8912302
16234,8912302
16235,8912302
16237,8912302
16239,8912302
16240,8912302
16241,8912302
16242,8912302
16243,8912302
16245,8912302
16246,8912302
16247,8912302
16248,8912302
16249,8912302
16250,8912302
166701,9601027
166702,9601027
166703,9601027
166704,9601027
166705,9601027
166706,9601027
166707,9601027
166709,9601027
166710,9601027
166711,9601027
166712,9601027
166713,9601027
166714,9601027
166715,9601027
166716,9601027
166717,9601027
166721,9601027
166722,9601027
166723,9601027
166724,9601027
166725,9601027
166726,9601027
166727,9601027
166728,9601027
166729,9601027
166731,9601027
166732,9601027
166733,9601027
166734,9601027
166735,9601027
166736,9601027
166738,9601027
166739,9601027
166741,9601027
166742,9601027
166743,9601027
166745,9601027
166746,9601027
166747,9601027
166748,9601027
329801,9601039
329802,9601039
329803,9601039
329804,9601039
329805,9601039
329806,9601039
329807,9601039
329808,9601039
329809,9601039
329812,9601039
329813,9601039
329814,9601039
329815,9601039
329816,9601039
329818,9601039
329819,9601039
329820,9601039
329821,9601039
329824,9601039
329826,9601039
329827,9601039
329828,9601039
329829,9601039
329830,9601039
329831,9601039
329833,9601039
329834,9601039
329835,9601039
329837,9601039
329838,9601039
329839,9601039
329840,9601039
329842,9601039
329843,9601039
329844,9601039
329845,9601039
329846,9601039
329848,9601039
329849,9601039
329850,9601039
