382602,6903498
382603,6903498
382604,6903498
382605,6903498
382606,6903498
382608,6903498
382609,6903498
382610,6903498
382611,6903498
382612,6903498
382614,6903498
382616,6903498
382617,6903498
382618,6903498
382620,6903498
382621,6903498
382622,6903498
382623,6903498
382625,6903498
382627,6903498
382628,6903498
382629,6903498
382630,6903498
382631,6903498
382632,6903498
382633,6903498
382634,6903498
382635,6903498
382636,6903498
382637,6903498
382638,6903498
382639,6903498
382640,6903498
382641,6903498
382642,6903498
382645,6903498
382647,6903498
382648,6903498
382649,6903498
382650,6903498
49501,7038680
49502,7038680
49503,7038680
49504,7038680
49505,7038680
49506,7038680
49507,7038680
49509,7038680
49510,7038680
49511,7038680
49513,7038680
49515,7038680
49516,7038680
49518,7038680
49520,7038680
49521,7038680
49522,7038680
49523,7038680
49525,7038680
49526,7038680
49527,7038680
49528,7038680
49529,7038680
49531,7038680
49532,7038680
49533,7038680
49534,7038680
49535,7038680
49536,7038680
49537,7038680
49540,7038680
49541,7038680
49542,7038680
49543,7038680
49544,7038680
49546,7038680
49547,7038680
49548,7038680
49549,7038680
49550,7038680
151102,7235018
151103,7235018
151104,7235018
151105,7235018
151106,7235018
151107,7235018
151108,7235018
151109,7235018
151110,7235018
151111,7235018
151113,7235018
151115,7235018
151116,7235018
151117,7235018
151118,7235018
151119,7235018
151120,7235018
151122,7235018
151124,7235018
151126,7235018
151127,7235018
151128,7235018
151129,7235018
151130,7235018
151131,7235018
151132,7235018
151133,7235018
151134,7235018
151135,7235018
151137,7235018
151138,7235018
151139,7235018
151140,7235018
151141,7235018
151142,7235018
151145,7235018
151146,7235018
151148,7235018
151149,7235018
151150,7235018
354652,7350260
354653,7350260
354655,7350260
354656,7350260
354657,7350260
354658,7350260
354659,7350260
354660,7350260
354661,7350260
354662,7350260
354663,7350260
354665,7350260
354666,7350260
354667,7350260
354668,7350260
354669,7350260
354671,7350260
354673,7350260
354674,7350260
354675,7350260
354677,7350260
354678,7350260
354679,7350260
354680,7350260
354681,7350260
354683,7350260
354684,7350260
354685,7350260
354686,7350260
354687,7350260
354688,7350260
354689,7350260
354692,7350260
354693,7350260
354694,7350260
354695,7350260
354696,7350260
354697,7350260
354698,7350260
354699,7350260
183351,7382976
183352,7382976
183353,7382976
183354,7382976
183355,7382976
183356,7382976
183357,7382976
183358,7382976
183360,7382976
183361,7382976
183362,7382976
183363,7382976
183364,7382976
183366,7382976
183368,7382976
183372,7382976
183373,7382976
183374,7382976
183375,7382976
183376,7382976
183377,7382976
183378,7382976
183379,7382976
183380,7382976
183381,7382976
183382,7382976
183383,7382976
183384,7382976
183386,7382976
183387,7382976
183388,7382976
183389,7382976
183390,7382976
183392,7382976
183393,7382976
183394,7382976
183395,7382976
183396,7382976
183397,7382976
183399,7382976
28353,8023527
28355,8023527
28356,8023527
28357,8023527
28358,8023527
28359,8023527
28360,8023527
28361,8023527
28362,8023527
28364,8023527
28366,8023527
28367,8023527
28368,8023527
28369,8023527
28370,8023527
28371,8023527
28372,8023527
28373,8023527
28374,8023527
28375,8023527
28377,8023527
28381,8023527
28382,8023527
28383,8023527
28384,8023527
28385,8023527
28386,8023527
28387,8023527
28389,8023527
28390,8023527
28391,8023527
28392,8023527
28393,8023527
28394,8023527
28395,8023527
28396,8023527
28397,8023527
28398,8023527
28399,8023527
28400,8023527
88101,8300951
88102,8300951
88103,8300951
88104,8300951
88106,8300951
88107,8300951
88108,8300951
88109,8300951
88110,8300951
88111,8300951
88112,8300951
88113,8300951
88114,8300951
88115,8300951
88116,8300951
88117,8300951
88121,8300951
88122,8300951
88125,8300951
88126,8300951
88127,8300951
88129,8300951
88130,8300951
88131,8300951
88132,8300951
88134,8300951
88135,8300951
88136,8300951
88137,8300951
88138,8300951
88140,8300951
88141,8300951
88142,8300951
88143,8300951
88144,8300951
88145,8300951
88147,8300951
88148,8300951
88149,8300951
88150,8300951
40401,8416786
40403,8416786
40404,8416786
40405,8416786
40406,8416786
40407,8416786
40408,8416786
40409,8416786
40410,8416786
40411,8416786
40413,8416786
40414,8416786
40418,8416786
40420,8416786
40421,8416786
40422,8416786
40423,8416786
40424,8416786
40425,8416786
40426,8416786
40427,8416786
40429,8416786
40430,8416786
40431,8416786
40433,8416786
40434,8416786
40435,8416786
40436,8416786
40438,8416786
40439,8416786
40440,8416786
40441,8416786
40442,8416786
40444,8416786
40445,8416786
40446,8416786
40447,8416786
40448,8416786
40449,8416786
40450,8416786
311501,8610435
311502,8610435
311504,8610435
311505,8610435
311506,8610435
311509,8610435
311510,8610435
311513,8610435
311514,8610435
311517,8610435
311518,8610435
311519,8610435
311520,8610435
311521,8610435
311522,8610435
311524,8610435
311525,8610435
311526,8610435
311527,8610435
311528,8610435
311529,8610435
311530,8610435
311531,8610435
311532,8610435
311533,8610435
311535,8610435
311536,8610435
311537,8610435
311538,8610435
311539,8610435
311540,8610435
311542,8610435
311543,8610435
311544,8610435
311545,8610435
311546,8610435
311547,8610435
311548,8610435
311549,8610435
311550,8610435
86052,8712154
86053,8712154
86054,8712154
86055,8712154
86056,8712154
86057,8712154
86058,8712154
86059,8712154
86061,8712154
86062,8712154
86063,8712154
86064,8712154
86065,8712154
86066,8712154
86067,8712154
86068,8712154
86069,8712154
86070,8712154
86072,8712154
86074,8712154
86076,8712154
86077,8712154
86078,8712154
86079,8712154
86080,8712154
86081,8712154
86083,8712154
86084,8712154
86085,8712154
86086,8712154
86087,8712154
86088,8712154
86089,8712154
86090,8712154
86092,8712154
86093,8712154
86096,8712154
86097,8712154
86099,8712154
86100,8712154
210151,8915550
210152,8915550
210153,8915550
210154,8915550
210156,8915550
210157,8915550
210158,8915550
210159,8915550
210160,8915550
210161,8915550
210162,8915550
210164,8915550
210165,8915550
210166,8915550
210168,8915550
210169,8915550
210170,8915550
210172,8915550
210173,8915550
210174,8915550
210175,8915550
210176,8915550
210178,8915550
210179,8915550
210181,8915550
210182,8915550
210183,8915550
210184,8915550
210185,8915550
210186,8915550
210187,8915550
210188,8915550
210189,8915550
210191,8915550
210192,8915550
210193,8915550
210195,8915550
210197,8915550
210198,8915550
210200,8915550
215051,9004164
215052,9004164
215053,9004164
215054,9004164
215056,9004164
215057,9004164
215058,9004164
215059,9004164
215060,9004164
215061,9004164
215063,9004164
215064,9004164
215065,9004164
215067,9004164
215068,9004164
215069,9004164
215070,9004164
215071,9004164
215072,9004164
215073,9004164
215074,9004164
215075,9004164
215076,9004164
215077,9004164
215078,9004164
215079,9004164
215080,9004164
215084,9004164
215085,9004164
215086,9004164
215087,9004164
215088,9004164
215089,9004164
215090,9004164
215092,9004164
215093,9004164
215095,9004164
215096,9004164
215098,9004164
215099,9004164
18701,9016923
18702,9016923
18703,9016923
18704,9016923
18705,9016923
18709,9016923
18711,9016923
18712,9016923
18713,9016923
18714,9016923
18715,9016923
18716,9016923
18717,9016923
18719,9016923
18720,9016923
18721,9016923
18722,9016923
18723,9016923
18724,9016923
18725,9016923
18726,9016923
18727,9016923
18728,9016923
18729,9016923
18730,9016923
18731,9016923
18732,9016923
18733,9016923
18734,9016923
18735,9016923
18736,9016923
18739,9016923
18740,9016923
18741,9016923
18743,9016923
18744,9016923
18745,9016923
18746,9016923
18748,9016923
18750,9016923
32801,9020417
32803,9020417
32804,9020417
32805,9020417
32808,9020417
32809,9020417
32810,9020417
32811,9020417
32812,9020417
32813,9020417
32814,9020417
32815,9020417
32816,9020417
32817,9020417
32818,9020417
32820,9020417
32821,9020417
32822,9020417
32823,9020417
32824,9020417
32825,9020417
32826,9020417
32828,9020417
32829,9020417
32830,9020417
32832,9020417
32834,9020417
32835,9020417
32836,9020417
32837,9020417
32838,9020417
32839,9020417
32840,9020417
32841,9020417
32843,9020417
32844,9020417
32845,9020417
32848,9020417
32849,9020417
32850,9020417
33601,9020429
33602,9020429
33603,9020429
33604,9020429
33606,9020429
33609,9020429
33610,9020429
33611,9020429
33612,9020429
33613,9020429
33614,9020429
33615,9020429
33616,9020429
33617,9020429
33618,9020429
33619,9020429
33620,9020429
33621,9020429
33623,9020429
33624,9020429
33625,9020429
33626,9020429
33627,9020429
33628,9020429
33629,9020429
33630,9020429
33632,9020429
33633,9020429
33634,9020429
33635,9020429
33636,9020429
33637,9020429
33639,9020429
33641,9020429
33643,9020429
33644,9020429
33645,9020429
33646,9020429
33649,9020429
33650,9020429
36151,9046564
36152,9046564
36153,9046564
36154,9046564
36155,9046564
36156,9046564
36157,9046564
36160,9046564
36161,9046564
36162,9046564
36163,9046564
36164,9046564
36165,9046564
36166,9046564
36169,9046564
36171,9046564
36172,9046564
36173,9046564
36174,9046564
36175,9046564
36177,9046564
36181,9046564
36182,9046564
36183,9046564
36184,9046564
36185,9046564
36186,9046564
36187,9046564
36188,9046564
36190,9046564
36191,9046564
36192,9046564
36193,9046564
36194,9046564
36195,9046564
36196,9046564
36197,9046564
36198,9046564
36199,9046564
36200,9046564
182101,9053191
182102,9053191
182103,9053191
182104,9053191
182105,9053191
182106,9053191
182108,9053191
182109,9053191
182111,9053191
182112,9053191
182113,9053191
182114,9053191
182116,9053191
182117,9053191
182120,9053191
182121,9053191
182122,9053191
182124,9053191
182125,9053191
182126,9053191
182127,9053191
182128,9053191
182129,9053191
182130,9053191
182133,9053191
182134,9053191
182135,9053191
182136,9053191
182137,9053191
182138,9053191
182139,9053191
182140,9053191
182141,9053191
182143,9053191
182144,9053191
182145,9053191
182146,9053191
182148,9053191
182149,9053191
182150,9053191
149901,9053218
149902,9053218
149903,9053218
149904,9053218
149905,9053218
149907,9053218
149908,9053218
149909,9053218
149910,9053218
149911,9053218
149914,9053218
149915,9053218
149916,9053218
149917,9053218
149918,9053218
149919,9053218
149920,9053218
149921,9053218
149923,9053218
149924,9053218
149925,9053218
149926,9053218
149927,9053218
149929,9053218
149930,9053218
149931,9053218
149932,9053218
149933,9053218
149934,9053218
149935,9053218
149936,9053218
149937,9053218
149938,9053218
149940,9053218
149941,9053218
149943,9053218
149944,9053218
149946,9053218
149947,9053218
149949,9053218
141051,9053220
141052,9053220
141053,9053220
141054,9053220
141055,9053220
141056,9053220
141058,9053220
141059,9053220
141060,9053220
141061,9053220
141062,9053220
141064,9053220
141065,9053220
141066,9053220
141067,9053220
141068,9053220
141069,9053220
141072,9053220
141073,9053220
141074,9053220
141076,9053220
141077,9053220
141078,9053220
141079,9053220
141080,9053220
141081,9053220
141082,9053220
141084,9053220
141085,9053220
141086,9053220
141087,9053220
141088,9053220
141089,9053220
141091,9053220
141092,9053220
141095,9053220
141096,9053220
141097,9053220
141098,9053220
141100,9053220
204951,9105138
204952,9105138
204954,9105138
204955,9105138
204956,9105138
204957,9105138
204958,9105138
204959,9105138
204960,9105138
204961,9105138
204962,9105138
204964,9105138
204966,9105138
204967,9105138
204969,9105138
204970,9105138
204971,9105138
204972,9105138
204973,9105138
204974,9105138
204975,9105138
204976,9105138
204977,9105138
204978,9105138
204981,9105138
204982,9105138
204983,9105138
204984,9105138
204986,9105138
204987,9105138
204988,9105138
204989,9105138
204990,9105138
204991,9105138
204992,9105138
204993,9105138
204997,9105138
204998,9105138
204999,9105138
205000,9105138
79951,9114751
79952,9114751
79953,9114751
79954,9114751
79955,9114751
79956,9114751
79958,9114751
79959,9114751
79960,9114751
79962,9114751
79963,9114751
79964,9114751
79965,9114751
79966,9114751
79967,9114751
79969,9114751
79971,9114751
79972,9114751
79973,9114751
79974,9114751
79975,9114751
79976,9114751
79977,9114751
79978,9114751
79979,9114751
79981,9114751
79982,9114751
79985,9114751
79986,9114751
79987,9114751
79988,9114751
79990,9114751
79991,9114751
79992,9114751
79993,9114751
79994,9114751
79995,9114751
79997,9114751
79998,9114751
80000,9114751
379252,9125231
379253,9125231
379256,9125231
379257,9125231
379258,9125231
379259,9125231
379260,9125231
379261,9125231
379263,9125231
379264,9125231
379265,9125231
379266,9125231
379268,9125231
379269,9125231
379270,9125231
379271,9125231
379272,9125231
379273,9125231
379274,9125231
379275,9125231
379276,9125231
379277,9125231
379279,9125231
379280,9125231
379281,9125231
379283,9125231
379284,9125231
379286,9125231
379287,9125231
379288,9125231
379289,9125231
379290,9125231
379291,9125231
379293,9125231
379294,9125231
379295,9125231
379296,9125231
379298,9125231
379299,9125231
379300,9125231
398152,9140841
398153,9140841
398154,9140841
398155,9140841
398156,9140841
398158,9140841
398159,9140841
398160,9140841
398161,9140841
398162,9140841
398163,9140841
398165,9140841
398166,9140841
398169,9140841
398170,9140841
398171,9140841
398173,9140841
398174,9140841
398175,9140841
398176,9140841
398177,9140841
398178,9140841
398179,9140841
398180,9140841
398181,9140841
398182,9140841
398183,9140841
398184,9140841
398185,9140841
398186,9140841
398187,9140841
398188,9140841
398191,9140841
398193,9140841
398194,9140841
398195,9140841
398196,9140841
398197,9140841
398199,9140841
398200,9140841
359851,9141405
359852,9141405
359853,9141405
359854,9141405
359855,9141405
359856,9141405
359860,9141405
359861,9141405
359862,9141405
359863,9141405
359864,9141405
359865,9141405
359866,9141405
359867,9141405
359868,9141405
359869,9141405
359870,9141405
359871,9141405
359872,9141405
359873,9141405
359874,9141405
359876,9141405
359877,9141405
359878,9141405
359879,9141405
359880,9141405
359881,9141405
359882,9141405
359884,9141405
359887,9141405
359888,9141405
359889,9141405
359891,9141405
359892,9141405
359893,9141405
359895,9141405
359896,9141405
359897,9141405
359898,9141405
359899,9141405
333752,9147746
333753,9147746
333754,9147746
333755,9147746
333756,9147746
333757,9147746
333759,9147746
333762,9147746
333764,9147746
333765,9147746
333766,9147746
333768,9147746
333769,9147746
333770,9147746
333771,9147746
333772,9147746
333773,9147746
333774,9147746
333776,9147746
333777,9147746
333778,9147746
333779,9147746
333780,9147746
333781,9147746
333782,9147746
333784,9147746
333785,9147746
333786,9147746
333787,9147746
333788,9147746
333789,9147746
333791,9147746
333792,9147746
333793,9147746
333794,9147746
333795,9147746
333796,9147746
333797,9147746
333798,9147746
333799,9147746
268001,9148582
268002,9148582
268003,9148582
268004,9148582
268005,9148582
268006,9148582
268007,9148582
268008,9148582
268010,9148582
268011,9148582
268012,9148582
268014,9148582
268015,9148582
268016,9148582
268017,9148582
268018,9148582
268019,9148582
268022,9148582
268024,9148582
268026,9148582
268027,9148582
268028,9148582
268029,9148582
268030,9148582
268032,9148582
268033,9148582
268034,9148582
268035,9148582
268036,9148582
268038,9148582
268039,9148582
268040,9148582
268042,9148582
268043,9148582
268044,9148582
268045,9148582
268046,9148582
268048,9148582
268049,9148582
268050,9148582
79801,9156981
79803,9156981
79804,9156981
79805,9156981
79806,9156981
79807,9156981
79808,9156981
79809,9156981
79812,9156981
79813,9156981
79814,9156981
79815,9156981
79817,9156981
79818,9156981
79819,9156981
79821,9156981
79822,9156981
79824,9156981
79825,9156981
79826,9156981
79827,9156981
79828,9156981
79829,9156981
79830,9156981
79831,9156981
79832,9156981
79833,9156981
79835,9156981
79836,9156981
79837,9156981
79838,9156981
79839,9156981
79840,9156981
79841,9156981
79842,9156981
79843,9156981
79844,9156981
79848,9156981
79849,9156981
79850,9156981
35352,9156993
35353,9156993
35354,9156993
35355,9156993
35356,9156993
35357,9156993
35358,9156993
35359,9156993
35360,9156993
35361,9156993
35364,9156993
35365,9156993
35367,9156993
35368,9156993
35369,9156993
35370,9156993
35371,9156993
35372,9156993
35374,9156993
35375,9156993
35376,9156993
35377,9156993
35378,9156993
35379,9156993
35380,9156993
35382,9156993
35383,9156993
35384,9156993
35385,9156993
35387,9156993
35388,9156993
35390,9156993
35392,9156993
35393,9156993
35394,9156993
35395,9156993
35396,9156993
35397,9156993
35398,9156993
35400,9156993
72151,9157002
72152,9157002
72153,9157002
72154,9157002
72155,9157002
72157,9157002
72158,9157002
72160,9157002
72163,9157002
72165,9157002
72167,9157002
72168,9157002
72169,9157002
72170,9157002
72171,9157002
72172,9157002
72173,9157002
72174,9157002
72175,9157002
72178,9157002
72179,9157002
72180,9157002
72181,9157002
72183,9157002
72184,9157002
72185,9157002
72186,9157002
72187,9157002
72188,9157002
72189,9157002
72190,9157002
72191,9157002
72192,9157002
72193,9157002
72194,9157002
72196,9157002
72197,9157002
72198,9157002
72199,9157002
72200,9157002
42151,9157014
42152,9157014
42153,9157014
42154,9157014
42155,9157014
42157,9157014
42158,9157014
42159,9157014
42160,9157014
42161,9157014
42162,9157014
42163,9157014
42164,9157014
42165,9157014
42166,9157014
42167,9157014
42168,9157014
42169,9157014
42170,9157014
42171,9157014
42173,9157014
42175,9157014
42177,9157014
42178,9157014
42179,9157014
42183,9157014
42184,9157014
42185,9157014
42186,9157014
42187,9157014
42188,9157014
42189,9157014
42190,9157014
42191,9157014
42193,9157014
42194,9157014
42195,9157014
42196,9157014
42198,9157014
42200,9157014
32601,9169768
32602,9169768
32603,9169768
32604,9169768
32605,9169768
32606,9169768
32607,9169768
32609,9169768
32610,9169768
32611,9169768
32615,9169768
32616,9169768
32617,9169768
32620,9169768
32621,9169768
32622,9169768
32623,9169768
32624,9169768
32626,9169768
32627,9169768
32628,9169768
32629,9169768
32630,9169768
32631,9169768
32632,9169768
32634,9169768
32635,9169768
32636,9169768
32638,9169768
32639,9169768
32640,9169768
32641,9169768
32642,9169768
32643,9169768
32644,9169768
32645,9169768
32647,9169768
32648,9169768
32649,9169768
32650,9169768
53701,9174098
53702,9174098
53703,9174098
53704,9174098
53706,9174098
53708,9174098
53709,9174098
53710,9174098
53711,9174098
53712,9174098
53714,9174098
53716,9174098
53717,9174098
53718,9174098
53719,9174098
53720,9174098
53722,9174098
53723,9174098
53724,9174098
53725,9174098
53728,9174098
53729,9174098
53730,9174098
53731,9174098
53732,9174098
53733,9174098
53734,9174098
53735,9174098
53736,9174098
53737,9174098
53738,9174098
53739,9174098
53740,9174098
53741,9174098
53742,9174098
53743,9174098
53745,9174098
53747,9174098
53748,9174098
53750,9174098
68251,9174713
68254,9174713
68256,9174713
68257,9174713
68259,9174713
68260,9174713
68261,9174713
68262,9174713
68264,9174713
68265,9174713
68266,9174713
68267,9174713
68268,9174713
68269,9174713
68271,9174713
68272,9174713
68273,9174713
68274,9174713
68275,9174713
68276,9174713
68277,9174713
68278,9174713
68279,9174713
68282,9174713
68283,9174713
68284,9174713
68285,9174713
68286,9174713
68288,9174713
68289,9174713
68290,9174713
68291,9174713
68292,9174713
68293,9174713
68294,9174713
68296,9174713
68297,9174713
68298,9174713
68299,9174713
68300,9174713
68201,9183831
68202,9183831
68203,9183831
68205,9183831
68206,9183831
68207,9183831
68208,9183831
68209,9183831
68210,9183831
68211,9183831
68212,9183831
68213,9183831
68214,9183831
68215,9183831
68217,9183831
68218,9183831
68221,9183831
68222,9183831
68224,9183831
68225,9183831
68226,9183831
68227,9183831
68228,9183831
68230,9183831
68232,9183831
68233,9183831
68234,9183831
68235,9183831
68236,9183831
68237,9183831
68238,9183831
68239,9183831
68241,9183831
68242,9183831
68243,9183831
68244,9183831
68245,9183831
68246,9183831
68248,9183831
68249,9183831
53653,9183843
53654,9183843
53655,9183843
53657,9183843
53658,9183843
53659,9183843
53660,9183843
53662,9183843
53664,9183843
53665,9183843
53666,9183843
53667,9183843
53668,9183843
53669,9183843
53670,9183843
53671,9183843
53673,9183843
53674,9183843
53675,9183843
53676,9183843
53677,9183843
53678,9183843
53679,9183843
53680,9183843
53681,9183843
53682,9183843
53684,9183843
53685,9183843
53686,9183843
53687,9183843
53688,9183843
53690,9183843
53691,9183843
53692,9183843
53694,9183843
53695,9183843
53697,9183843
53698,9183843
53699,9183843
53700,9183843
25901,9186704
25902,9186704
25903,9186704
25904,9186704
25905,9186704
25906,9186704
25907,9186704
25908,9186704
25911,9186704
25912,9186704
25913,9186704
25914,9186704
25915,9186704
25917,9186704
25919,9186704
25920,9186704
25921,9186704
25922,9186704
25923,9186704
25924,9186704
25927,9186704
25928,9186704
25929,9186704
25930,9186704
25933,9186704
25935,9186704
25936,9186704
25937,9186704
25938,9186704
25939,9186704
25940,9186704
25941,9186704
25942,9186704
25943,9186704
25944,9186704
25945,9186704
25946,9186704
25948,9186704
25949,9186704
25950,9186704
51601,9186730
51602,9186730
51603,9186730
51604,9186730
51605,9186730
51606,9186730
51607,9186730
51608,9186730
51609,9186730
51610,9186730
51612,9186730
51613,9186730
51614,9186730
51615,9186730
51616,9186730
51617,9186730
51618,9186730
51619,9186730
51620,9186730
51621,9186730
51622,9186730
51623,9186730
51625,9186730
51626,9186730
51628,9186730
51629,9186730
51630,9186730
51632,9186730
51634,9186730
51636,9186730
51637,9186730
51638,9186730
51640,9186730
51641,9186730
51642,9186730
51643,9186730
51644,9186730
51646,9186730
51647,9186730
51650,9186730
20551,9191175
20553,9191175
20555,9191175
20556,9191175
20557,9191175
20558,9191175
20560,9191175
20561,9191175
20562,9191175
20565,9191175
20566,9191175
20567,9191175
20568,9191175
20569,9191175
20570,9191175
20571,9191175
20572,9191175
20574,9191175
20575,9191175
20577,9191175
20579,9191175
20580,9191175
20581,9191175
20582,9191175
20583,9191175
20584,9191175
20585,9191175
20586,9191175
20587,9191175
20588,9191175
20589,9191175
20591,9191175
20592,9191175
20594,9191175
20595,9191175
20596,9191175
20597,9191175
20598,9191175
20599,9191175
20600,9191175
21901,9204049
21902,9204049
21903,9204049
21904,9204049
21905,9204049
21906,9204049
21907,9204049
21908,9204049
21910,9204049
21911,9204049
21912,9204049
21913,9204049
21914,9204049
21915,9204049
21916,9204049
21918,9204049
21919,9204049
21920,9204049
21921,9204049
21923,9204049
21924,9204049
21925,9204049
21926,9204049
21927,9204049
21928,9204049
21929,9204049
21930,9204049
21932,9204049
21933,9204049
21935,9204049
21936,9204049
21937,9204049
21939,9204049
21941,9204049
21944,9204049
21945,9204049
21946,9204049
21947,9204049
21948,9204049
21949,9204049
325351,9223265
325352,9223265
325353,9223265
325354,9223265
325355,9223265
325356,9223265
325357,9223265
325358,9223265
325359,9223265
325360,9223265
325361,9223265
325362,9223265
325364,9223265
325365,9223265
325366,9223265
325367,9223265
325369,9223265
325370,9223265
325371,9223265
325372,9223265
325373,9223265
325375,9223265
325376,9223265
325377,9223265
325378,9223265
325379,9223265
325380,9223265
325381,9223265
325383,9223265
325384,9223265
325385,9223265
325387,9223265
325388,9223265
325389,9223265
325391,9223265
325394,9223265
325395,9223265
325396,9223265
325397,9223265
325399,9223265
387601,9223851
387602,9223851
387603,9223851
387605,9223851
387606,9223851
387607,9223851
387609,9223851
387610,9223851
387611,9223851
387612,9223851
387613,9223851
387614,9223851
387615,9223851
387616,9223851
387617,9223851
387618,9223851
387619,9223851
387620,9223851
387621,9223851
387622,9223851
387625,9223851
387626,9223851
387627,9223851
387628,9223851
387629,9223851
387631,9223851
387632,9223851
387633,9223851
387635,9223851
387636,9223851
387637,9223851
387638,9223851
387639,9223851
387642,9223851
387643,9223851
387644,9223851
387645,9223851
387646,9223851
387649,9223851
387650,9223851
73801,9234616
73803,9234616
73804,9234616
73806,9234616
73807,9234616
73808,9234616
73809,9234616
73810,9234616
73811,9234616
73812,9234616
73814,9234616
73815,9234616
73816,9234616
73817,9234616
73818,9234616
73819,9234616
73821,9234616
73822,9234616
73823,9234616
73824,9234616
73825,9234616
73826,9234616
73827,9234616
73831,9234616
73832,9234616
73833,9234616
73834,9234616
73835,9234616
73836,9234616
73838,9234616
73839,9234616
73840,9234616
73841,9234616
73842,9234616
73843,9234616
73844,9234616
73847,9234616
73848,9234616
73849,9234616
73850,9234616
65251,9234628
65252,9234628
65253,9234628
65255,9234628
65256,9234628
65257,9234628
65259,9234628
65260,9234628
65261,9234628
65262,9234628
65263,9234628
65264,9234628
65265,9234628
65267,9234628
65269,9234628
65271,9234628
65272,9234628
65273,9234628
65274,9234628
65275,9234628
65276,9234628
65277,9234628
65278,9234628
65279,9234628
65280,9234628
65281,9234628
65282,9234628
65283,9234628
65284,9234628
65286,9234628
65287,9234628
65290,9234628
65291,9234628
65292,9234628
65294,9234628
65295,9234628
65297,9234628
65298,9234628
65299,9234628
65300,9234628
324901,9236640
324902,9236640
324903,9236640
324904,9236640
324906,9236640
324907,9236640
324908,9236640
324910,9236640
324911,9236640
324912,9236640
324913,9236640
324914,9236640
324915,9236640
324916,9236640
324918,9236640
324919,9236640
324922,9236640
324923,9236640
324925,9236640
324926,9236640
324927,9236640
324928,9236640
324929,9236640
324930,9236640
324933,9236640
324934,9236640
324935,9236640
324936,9236640
324937,9236640
324938,9236640
324939,9236640
324940,9236640
324942,9236640
324943,9236640
324944,9236640
324945,9236640
324946,9236640
324948,9236640
324949,9236640
324950,9236640
43151,9242730
43152,9242730
43154,9242730
43156,9242730
43157,9242730
43159,9242730
43160,9242730
43161,9242730
43162,9242730
43164,9242730
43165,9242730
43166,9242730
43167,9242730
43168,9242730
43169,9242730
43170,9242730
43171,9242730
43172,9242730
43174,9242730
43175,9242730
43176,9242730
43177,9242730
43179,9242730
43180,9242730
43182,9242730
43183,9242730
43184,9242730
43185,9242730
43186,9242730
43187,9242730
43188,9242730
43190,9242730
43192,9242730
43193,9242730
43194,9242730
43195,9242730
43196,9242730
43197,9242730
43199,9242730
43200,9242730
308801,9244441
308802,9244441
308803,9244441
308804,9244441
308805,9244441
308806,9244441
308807,9244441
308809,9244441
308810,9244441
308811,9244441
308813,9244441
308815,9244441
308816,9244441
308817,9244441
308818,9244441
308819,9244441
308820,9244441
308821,9244441
308822,9244441
308823,9244441
308824,9244441
308825,9244441
308826,9244441
308827,9244441
308828,9244441
308831,9244441
308832,9244441
308833,9244441
308834,9244441
308836,9244441
308838,9244441
308839,9244441
308840,9244441
308841,9244441
308842,9244441
308844,9244441
308845,9244441
308846,9244441
308849,9244441
308850,9244441
39801,9247388
39802,9247388
39803,9247388
39804,9247388
39805,9247388
39806,9247388
39807,9247388
39808,9247388
39810,9247388
39811,9247388
39812,9247388
39815,9247388
39817,9247388
39819,9247388
39820,9247388
39822,9247388
39823,9247388
39824,9247388
39825,9247388
39826,9247388
39827,9247388
39828,9247388
39829,9247388
39831,9247388
39833,9247388
39834,9247388
39835,9247388
39836,9247388
39837,9247388
39838,9247388
39839,9247388
39840,9247388
39841,9247388
39842,9247388
39843,9247388
39845,9247388
39847,9247388
39848,9247388
39849,9247388
39850,9247388
243101,9251743
243102,9251743
243103,9251743
243104,9251743
243105,9251743
243107,9251743
243108,9251743
243109,9251743
243110,9251743
243111,9251743
243112,9251743
243113,9251743
243114,9251743
243115,9251743
243116,9251743
243117,9251743
243118,9251743
243119,9251743
243120,9251743
243121,9251743
243122,9251743
243124,9251743
243125,9251743
243127,9251743
243129,9251743
243130,9251743
243131,9251743
243132,9251743
243135,9251743
243136,9251743
243138,9251743
243139,9251743
243141,9251743
243142,9251743
243143,9251743
243145,9251743
243146,9251743
243148,9251743
243149,9251743
243150,9251743
102702,9255517
102703,9255517
102704,9255517
102705,9255517
102706,9255517
102707,9255517
102709,9255517
102710,9255517
102711,9255517
102713,9255517
102714,9255517
102715,9255517
102716,9255517
102717,9255517
102719,9255517
102720,9255517
102721,9255517
102723,9255517
102724,9255517
102725,9255517
102728,9255517
102729,9255517
102730,9255517
102733,9255517
102734,9255517
102735,9255517
102736,9255517
102737,9255517
102738,9255517
102739,9255517
102740,9255517
102741,9255517
102742,9255517
102743,9255517
102744,9255517
102745,9255517
102746,9255517
102747,9255517
102749,9255517
102750,9255517
333001,9260067
333002,9260067
333004,9260067
333005,9260067
333006,9260067
333007,9260067
333008,9260067
333009,9260067
333010,9260067
333012,9260067
333013,9260067
333015,9260067
333017,9260067
333018,9260067
333019,9260067
333020,9260067
333021,9260067
333022,9260067
333023,9260067
333024,9260067
333025,9260067
333026,9260067
333028,9260067
333029,9260067
333030,9260067
333031,9260067
333032,9260067
333033,9260067
333034,9260067
333038,9260067
333039,9260067
333040,9260067
333041,9260067
333042,9260067
333044,9260067
333045,9260067
333046,9260067
333047,9260067
333048,9260067
333049,9260067
266352,9260263
266353,9260263
266354,9260263
266356,9260263
266358,9260263
266360,9260263
266361,9260263
266363,9260263
266364,9260263
266366,9260263
266367,9260263
266368,9260263
266369,9260263
266370,9260263
266372,9260263
266373,9260263
266374,9260263
266375,9260263
266377,9260263
266378,9260263
266379,9260263
266380,9260263
266381,9260263
266382,9260263
266383,9260263
266384,9260263
266385,9260263
266386,9260263
266387,9260263
266388,9260263
266389,9260263
266390,9260263
266391,9260263
266392,9260263
266393,9260263
266394,9260263
266395,9260263
266397,9260263
266399,9260263
266400,9260263
149151,9260407
149152,9260407
149153,9260407
149154,9260407
149155,9260407
149156,9260407
149157,9260407
149159,9260407
149160,9260407
149161,9260407
149162,9260407
149165,9260407
149166,9260407
149167,9260407
149168,9260407
149169,9260407
149170,9260407
149171,9260407
149172,9260407
149173,9260407
149174,9260407
149175,9260407
149176,9260407
149177,9260407
149178,9260407
149179,9260407
149181,9260407
149183,9260407
149184,9260407
149185,9260407
149186,9260407
149187,9260407
149188,9260407
149190,9260407
149191,9260407
149192,9260407
149193,9260407
149195,9260407
149196,9260407
149199,9260407
139951,9261396
139952,9261396
139953,9261396
139954,9261396
139956,9261396
139957,9261396
139958,9261396
139960,9261396
139961,9261396
139963,9261396
139964,9261396
139965,9261396
139966,9261396
139967,9261396
139968,9261396
139969,9261396
139970,9261396
139971,9261396
139972,9261396
139973,9261396
139974,9261396
139975,9261396
139976,9261396
139978,9261396
139979,9261396
139982,9261396
139983,9261396
139984,9261396
139985,9261396
139986,9261396
139988,9261396
139989,9261396
139990,9261396
139992,9261396
139993,9261396
139994,9261396
139995,9261396
139997,9261396
139998,9261396
139999,9261396
386901,9262091
386902,9262091
386903,9262091
386904,9262091
386906,9262091
386907,9262091
386908,9262091
386909,9262091
386912,9262091
386913,9262091
386914,9262091
386915,9262091
386916,9262091
386917,9262091
386918,9262091
386919,9262091
386920,9262091
386921,9262091
386922,9262091
386924,9262091
386926,9262091
386928,9262091
386929,9262091
386930,9262091
386931,9262091
386932,9262091
386933,9262091
386936,9262091
386937,9262091
386938,9262091
386939,9262091
386940,9262091
386941,9262091
386942,9262091
386945,9262091
386946,9262091
386947,9262091
386948,9262091
386949,9262091
386950,9262091
75451,9264283
75452,9264283
75454,9264283
75455,9264283
75456,9264283
75457,9264283
75458,9264283
75461,9264283
75463,9264283
75465,9264283
75466,9264283
75467,9264283
75468,9264283
75469,9264283
75470,9264283
75471,9264283
75473,9264283
75474,9264283
75475,9264283
75476,9264283
75477,9264283
75478,9264283
75479,9264283
75480,9264283
75481,9264283
75482,9264283
75483,9264283
75484,9264283
75487,9264283
75488,9264283
75490,9264283
75492,9264283
75493,9264283
75494,9264283
75495,9264283
75496,9264283
75497,9264283
75498,9264283
75499,9264283
75500,9264283
82751,9265249
82752,9265249
82753,9265249
82755,9265249
82756,9265249
82758,9265249
82759,9265249
82760,9265249
82761,9265249
82762,9265249
82763,9265249
82764,9265249
82765,9265249
82767,9265249
82768,9265249
82769,9265249
82770,9265249
82771,9265249
82773,9265249
82774,9265249
82775,9265249
82776,9265249
82777,9265249
82778,9265249
82779,9265249
82780,9265249
82781,9265249
82782,9265249
82783,9265249
82786,9265249
82787,9265249
82788,9265249
82789,9265249
82790,9265249
82791,9265249
82792,9265249
82793,9265249
82794,9265249
82797,9265249
82799,9265249
376501,9266243
376503,9266243
376504,9266243
376505,9266243
376506,9266243
376507,9266243
376508,9266243
376509,9266243
376510,9266243
376511,9266243
376513,9266243
376514,9266243
376515,9266243
376516,9266243
376517,9266243
376518,9266243
376520,9266243
376521,9266243
376522,9266243
376523,9266243
376524,9266243
376525,9266243
376526,9266243
376531,9266243
376532,9266243
376533,9266243
376535,9266243
376536,9266243
376537,9266243
376538,9266243
376539,9266243
376540,9266243
376541,9266243
376542,9266243
376543,9266243
376544,9266243
376547,9266243
376548,9266243
376549,9266243
376550,9266243
27451,9268241
27452,9268241
27453,9268241
27455,9268241
27456,9268241
27457,9268241
27458,9268241
27461,9268241
27462,9268241
27464,9268241
27465,9268241
27466,9268241
27467,9268241
27468,9268241
27470,9268241
27471,9268241
27472,9268241
27473,9268241
27474,9268241
27475,9268241
27477,9268241
27478,9268241
27479,9268241
27480,9268241
27481,9268241
27482,9268241
27483,9268241
27484,9268241
27486,9268241
27487,9268241
27488,9268241
27489,9268241
27491,9268241
27493,9268241
27494,9268241
27495,9268241
27496,9268241
27497,9268241
27498,9268241
27499,9268241
38351,9268253
38352,9268253
38353,9268253
38354,9268253
38356,9268253
38357,9268253
38358,9268253
38359,9268253
38360,9268253
38362,9268253
38363,9268253
38365,9268253
38366,9268253
38367,9268253
38369,9268253
38370,9268253
38371,9268253
38372,9268253
38373,9268253
38375,9268253
38376,9268253
38378,9268253
38379,9268253
38380,9268253
38381,9268253
38382,9268253
38384,9268253
38385,9268253
38386,9268253
38387,9268253
38388,9268253
38389,9268253
38390,9268253
38392,9268253
38393,9268253
38395,9268253
38396,9268253
38398,9268253
38399,9268253
38400,9268253
10351,9268631
10352,9268631
10353,9268631
10354,9268631
10355,9268631
10356,9268631
10357,9268631
10358,9268631
10359,9268631
10360,9268631
10362,9268631
10363,9268631
10364,9268631
10367,9268631
10368,9268631
10369,9268631
10370,9268631
10371,9268631
10373,9268631
10374,9268631
10376,9268631
10377,9268631
10378,9268631
10381,9268631
10382,9268631
10383,9268631
10384,9268631
10385,9268631
10386,9268631
10387,9268631
10389,9268631
10390,9268631
10391,9268631
10392,9268631
10393,9268631
10394,9268631
10396,9268631
10397,9268631
10398,9268631
10400,9268631
91051,9272761
91052,9272761
91053,9272761
91054,9272761
91055,9272761
91056,9272761
91057,9272761
91058,9272761
91061,9272761
91062,9272761
91063,9272761
91064,9272761
91065,9272761
91066,9272761
91068,9272761
91069,9272761
91070,9272761
91071,9272761
91072,9272761
91073,9272761
91075,9272761
91076,9272761
91077,9272761
91078,9272761
91080,9272761
91081,9272761
91083,9272761
91084,9272761
91085,9272761
91086,9272761
91087,9272761
91088,9272761
91089,9272761
91091,9272761
91093,9272761
91095,9272761
91096,9272761
91097,9272761
91098,9272761
91100,9272761
332951,9274305
332953,9274305
332954,9274305
332956,9274305
332957,9274305
332958,9274305
332959,9274305
332960,9274305
332961,9274305
332962,9274305
332963,9274305
332965,9274305
332966,9274305
332968,9274305
332969,9274305
332970,9274305
332971,9274305
332972,9274305
332973,9274305
332974,9274305
332975,9274305
332976,9274305
332977,9274305
332979,9274305
332980,9274305
332982,9274305
332983,9274305
332984,9274305
332985,9274305
332986,9274305
332987,9274305
332988,9274305
332991,9274305
332992,9274305
332993,9274305
332994,9274305
332996,9274305
332997,9274305
332998,9274305
332999,9274305
152701,9274628
152702,9274628
152703,9274628
152705,9274628
152706,9274628
152707,9274628
152708,9274628
152710,9274628
152712,9274628
152713,9274628
152714,9274628
152716,9274628
152717,9274628
152719,9274628
152720,9274628
152721,9274628
152722,9274628
152723,9274628
152724,9274628
152725,9274628
152726,9274628
152727,9274628
152728,9274628
152729,9274628
152730,9274628
152731,9274628
152733,9274628
152735,9274628
152736,9274628
152737,9274628
152739,9274628
152742,9274628
152743,9274628
152744,9274628
152745,9274628
152746,9274628
152747,9274628
152748,9274628
152749,9274628
152750,9274628
79351,9274630
79352,9274630
79353,9274630
79354,9274630
79355,9274630
79356,9274630
79357,9274630
79358,9274630
79359,9274630
79360,9274630
79362,9274630
79363,9274630
79364,9274630
79365,9274630
79366,9274630
79367,9274630
79368,9274630
79369,9274630
79370,9274630
79371,9274630
79372,9274630
79373,9274630
79375,9274630
79378,9274630
79379,9274630
79380,9274630
79382,9274630
79383,9274630
79384,9274630
79386,9274630
79388,9274630
79390,9274630
79391,9274630
79392,9274630
79393,9274630
79395,9274630
79396,9274630
79397,9274630
79398,9274630
79400,9274630
294002,9276224
294004,9276224
294005,9276224
294006,9276224
294007,9276224
294008,9276224
294009,9276224
294011,9276224
294012,9276224
294013,9276224
294014,9276224
294015,9276224
294016,9276224
294017,9276224
294018,9276224
294019,9276224
294021,9276224
294022,9276224
294023,9276224
294025,9276224
294026,9276224
294027,9276224
294028,9276224
294029,9276224
294031,9276224
294032,9276224
294034,9276224
294035,9276224
294036,9276224
294037,9276224
294038,9276224
294039,9276224
294041,9276224
294042,9276224
294043,9276224
294044,9276224
294045,9276224
294046,9276224
294047,9276224
294048,9276224
340302,9278480
340304,9278480
340305,9278480
340307,9278480
340308,9278480
340309,9278480
340310,9278480
340311,9278480
340312,9278480
340313,9278480
340314,9278480
340315,9278480
340316,9278480
340317,9278480
340318,9278480
340319,9278480
340320,9278480
340323,9278480
340324,9278480
340325,9278480
340326,9278480
340327,9278480
340328,9278480
340329,9278480
340330,9278480
340331,9278480
340332,9278480
340333,9278480
340334,9278480
340335,9278480
340336,9278480
340337,9278480
340339,9278480
340341,9278480
340342,9278480
340343,9278480
340344,9278480
340345,9278480
340347,9278480
340349,9278480
279951,9284439
279952,9284439
279954,9284439
279955,9284439
279956,9284439
279957,9284439
279959,9284439
279960,9284439
279961,9284439
279962,9284439
279964,9284439
279965,9284439
279966,9284439
279967,9284439
279969,9284439
279970,9284439
279971,9284439
279973,9284439
279974,9284439
279975,9284439
279976,9284439
279978,9284439
279979,9284439
279981,9284439
279982,9284439
279983,9284439
279985,9284439
279986,9284439
279987,9284439
279988,9284439
279989,9284439
279990,9284439
279991,9284439
279992,9284439
279993,9284439
279994,9284439
279995,9284439
279997,9284439
279998,9284439
279999,9284439
39753,9284647
39754,9284647
39755,9284647
39756,9284647
39757,9284647
39758,9284647
39759,9284647
39760,9284647
39761,9284647
39762,9284647
39763,9284647
39764,9284647
39765,9284647
39766,9284647
39767,9284647
39768,9284647
39770,9284647
39771,9284647
39772,9284647
39773,9284647
39774,9284647
39775,9284647
39776,9284647
39778,9284647
39779,9284647
39780,9284647
39782,9284647
39784,9284647
39785,9284647
39786,9284647
39788,9284647
39790,9284647
39791,9284647
39793,9284647
39794,9284647
39795,9284647
39796,9284647
39797,9284647
39799,9284647
39800,9284647
376301,9290517
376302,9290517
376303,9290517
376304,9290517
376305,9290517
376306,9290517
376307,9290517
376308,9290517
376309,9290517
376310,9290517
376311,9290517
376312,9290517
376314,9290517
376315,9290517
376316,9290517
376317,9290517
376318,9290517
376320,9290517
376322,9290517
376323,9290517
376325,9290517
376326,9290517
376327,9290517
376328,9290517
376330,9290517
376331,9290517
376332,9290517
376334,9290517
376335,9290517
376336,9290517
376337,9290517
376339,9290517
376341,9290517
376342,9290517
376343,9290517
376344,9290517
376346,9290517
376347,9290517
376348,9290517
376349,9290517
349402,9290608
349403,9290608
349405,9290608
349406,9290608
349407,9290608
349408,9290608
349409,9290608
349410,9290608
349411,9290608
349412,9290608
349413,9290608
349415,9290608
349416,9290608
349417,9290608
349418,9290608
349419,9290608
349420,9290608
349421,9290608
349422,9290608
349423,9290608
349424,9290608
349426,9290608
349428,9290608
349429,9290608
349430,9290608
349432,9290608
349433,9290608
349435,9290608
349436,9290608
349437,9290608
349438,9290608
349440,9290608
349441,9290608
349442,9290608
349443,9290608
349444,9290608
349446,9290608
349447,9290608
349448,9290608
349449,9290608
102501,9294616
102502,9294616
102503,9294616
102504,9294616
102505,9294616
102507,9294616
102508,9294616
102509,9294616
102510,9294616
102511,9294616
102515,9294616
102516,9294616
102517,9294616
102518,9294616
102520,9294616
102521,9294616
102522,9294616
102523,9294616
102524,9294616
102525,9294616
102526,9294616
102527,9294616
102528,9294616
102530,9294616
102531,9294616
102533,9294616
102534,9294616
102535,9294616
102536,9294616
102537,9294616
102538,9294616
102539,9294616
102540,9294616
102541,9294616
102542,9294616
102543,9294616
102545,9294616
102547,9294616
102548,9294616
102550,9294616
286451,9294795
286452,9294795
286454,9294795
286455,9294795
286457,9294795
286458,9294795
286459,9294795
286460,9294795
286461,9294795
286464,9294795
286465,9294795
286466,9294795
286467,9294795
286468,9294795
286469,9294795
286470,9294795
286472,9294795
286473,9294795
286475,9294795
286476,9294795
286477,9294795
286479,9294795
286480,9294795
286481,9294795
286482,9294795
286483,9294795
286484,9294795
286485,9294795
286486,9294795
286487,9294795
286488,9294795
286489,9294795
286490,9294795
286492,9294795
286493,9294795
286494,9294795
286496,9294795
286497,9294795
286498,9294795
286499,9294795
90951,9295426
90953,9295426
90954,9295426
90955,9295426
90956,9295426
90957,9295426
90958,9295426
90960,9295426
90961,9295426
90962,9295426
90964,9295426
90965,9295426
90968,9295426
90969,9295426
90970,9295426
90971,9295426
90972,9295426
90974,9295426
90975,9295426
90977,9295426
90978,9295426
90979,9295426
90980,9295426
90981,9295426
90982,9295426
90983,9295426
90984,9295426
90985,9295426
90986,9295426
90987,9295426
90988,9295426
90989,9295426
90991,9295426
90992,9295426
90994,9295426
90995,9295426
90997,9295426
90998,9295426
90999,9295426
91000,9295426
84751,9295438
84752,9295438
84753,9295438
84756,9295438
84759,9295438
84760,9295438
84762,9295438
84763,9295438
84764,9295438
84765,9295438
84766,9295438
84768,9295438
84769,9295438
84770,9295438
84771,9295438
84772,9295438
84773,9295438
84774,9295438
84775,9295438
84776,9295438
84778,9295438
84779,9295438
84780,9295438
84781,9295438
84782,9295438
84783,9295438
84784,9295438
84785,9295438
84786,9295438
84787,9295438
84788,9295438
84789,9295438
84790,9295438
84791,9295438
84792,9295438
84793,9295438
84794,9295438
84796,9295438
84797,9295438
84799,9295438
81151,9295440
81153,9295440
81154,9295440
81155,9295440
81156,9295440
81157,9295440
81159,9295440
81160,9295440
81161,9295440
81162,9295440
81163,9295440
81164,9295440
81165,9295440
81166,9295440
81167,9295440
81168,9295440
81169,9295440
81171,9295440
81172,9295440
81173,9295440
81174,9295440
81175,9295440
81176,9295440
81177,9295440
81178,9295440
81179,9295440
81180,9295440
81181,9295440
81182,9295440
81183,9295440
81186,9295440
81187,9295440
81188,9295440
81191,9295440
81192,9295440
81193,9295440
81196,9295440
81198,9295440
81199,9295440
81200,9295440
124251,9298181
124252,9298181
124253,9298181
124254,9298181
124255,9298181
124256,9298181
124257,9298181
124258,9298181
124259,9298181
124260,9298181
124261,9298181
124265,9298181
124266,9298181
124269,9298181
124270,9298181
124271,9298181
124272,9298181
124274,9298181
124275,9298181
124276,9298181
124277,9298181
124278,9298181
124279,9298181
124280,9298181
124281,9298181
124282,9298181
124284,9298181
124285,9298181
124286,9298181
124288,9298181
124289,9298181
124290,9298181
124291,9298181
124292,9298181
124294,9298181
124295,9298181
124296,9298181
124297,9298181
124298,9298181
124300,9298181
208002,9298387
208003,9298387
208004,9298387
208006,9298387
208008,9298387
208009,9298387
208010,9298387
208011,9298387
208013,9298387
208014,9298387
208015,9298387
208016,9298387
208018,9298387
208020,9298387
208022,9298387
208023,9298387
208024,9298387
208025,9298387
208026,9298387
208027,9298387
208028,9298387
208029,9298387
208030,9298387
208031,9298387
208033,9298387
208034,9298387
208035,9298387
208037,9298387
208038,9298387
208039,9298387
208040,9298387
208041,9298387
208042,9298387
208043,9298387
208045,9298387
208046,9298387
208047,9298387
208048,9298387
208049,9298387
208050,9298387
293451,9298507
293452,9298507
293453,9298507
293454,9298507
293455,9298507
293456,9298507
293457,9298507
293458,9298507
293459,9298507
293460,9298507
293461,9298507
293464,9298507
293465,9298507
293466,9298507
293467,9298507
293468,9298507
293469,9298507
293470,9298507
293474,9298507
293475,9298507
293477,9298507
293478,9298507
293479,9298507
293480,9298507
293481,9298507
293482,9298507
293483,9298507
293484,9298507
293486,9298507
293487,9298507
293488,9298507
293490,9298507
293492,9298507
293493,9298507
293494,9298507
293495,9298507
293497,9298507
293498,9298507
293499,9298507
293500,9298507
272901,9302671
272902,9302671
272904,9302671
272906,9302671
272907,9302671
272908,9302671
272909,9302671
272910,9302671
272911,9302671
272913,9302671
272915,9302671
272916,9302671
272917,9302671
272919,9302671
272922,9302671
272923,9302671
272924,9302671
272925,9302671
272926,9302671
272927,9302671
272928,9302671
272929,9302671
272930,9302671
272931,9302671
272933,9302671
272934,9302671
272935,9302671
272936,9302671
272937,9302671
272938,9302671
272939,9302671
272941,9302671
272942,9302671
272943,9302671
272944,9302671
272946,9302671
272947,9302671
272948,9302671
272949,9302671
272950,9302671
102401,9305403
102403,9305403
102405,9305403
102406,9305403
102407,9305403
102408,9305403
102409,9305403
102412,9305403
102413,9305403
102415,9305403
102416,9305403
102417,9305403
102418,9305403
102419,9305403
102420,9305403
102421,9305403
102422,9305403
102423,9305403
102424,9305403
102425,9305403
102427,9305403
102428,9305403
102431,9305403
102432,9305403
102433,9305403
102434,9305403
102437,9305403
102438,9305403
102439,9305403
102440,9305403
102441,9305403
102442,9305403
102443,9305403
102444,9305403
102445,9305403
102446,9305403
102447,9305403
102448,9305403
102449,9305403
102450,9305403
259351,9305855
259352,9305855
259355,9305855
259356,9305855
259357,9305855
259358,9305855
259359,9305855
259360,9305855
259361,9305855
259362,9305855
259363,9305855
259365,9305855
259366,9305855
259367,9305855
259368,9305855
259369,9305855
259371,9305855
259372,9305855
259373,9305855
259374,9305855
259376,9305855
259377,9305855
259378,9305855
259379,9305855
259380,9305855
259381,9305855
259382,9305855
259383,9305855
259384,9305855
259385,9305855
259387,9305855
259391,9305855
259392,9305855
259393,9305855
259394,9305855
259395,9305855
259396,9305855
259397,9305855
259398,9305855
259400,9305855
286302,9307437
286303,9307437
286304,9307437
286305,9307437
286306,9307437
286307,9307437
286308,9307437
286309,9307437
286310,9307437
286311,9307437
286312,9307437
286314,9307437
286315,9307437
286316,9307437
286318,9307437
286320,9307437
286321,9307437
286322,9307437
286324,9307437
286325,9307437
286327,9307437
286328,9307437
286330,9307437
286331,9307437
286332,9307437
286333,9307437
286335,9307437
286337,9307437
286338,9307437
286339,9307437
286340,9307437
286341,9307437
286342,9307437
286343,9307437
286345,9307437
286346,9307437
286347,9307437
286348,9307437
286349,9307437
286350,9307437
315051,9308900
315052,9308900
315054,9308900
315055,9308900
315056,9308900
315057,9308900
315058,9308900
315059,9308900
315061,9308900
315062,9308900
315063,9308900
315064,9308900
315065,9308900
315066,9308900
315067,9308900
315068,9308900
315069,9308900
315070,9308900
315071,9308900
315072,9308900
315074,9308900
315075,9308900
315076,9308900
315077,9308900
315078,9308900
315079,9308900
315080,9308900
315081,9308900
315082,9308900
315083,9308900
315084,9308900
315088,9308900
315092,9308900
315093,9308900
315094,9308900
315095,9308900
315096,9308900
315098,9308900
315099,9308900
315100,9308900
127101,9309227
127102,9309227
127103,9309227
127105,9309227
127106,9309227
127107,9309227
127108,9309227
127109,9309227
127110,9309227
127112,9309227
127114,9309227
127115,9309227
127116,9309227
127118,9309227
127119,9309227
127120,9309227
127121,9309227
127122,9309227
127123,9309227
127124,9309227
127125,9309227
127126,9309227
127128,9309227
127129,9309227
127130,9309227
127131,9309227
127135,9309227
127136,9309227
127137,9309227
127138,9309227
127140,9309227
127141,9309227
127142,9309227
127143,9309227
127144,9309227
127146,9309227
127147,9309227
127148,9309227
127149,9309227
127150,9309227
48602,9311634
48603,9311634
48604,9311634
48605,9311634
48606,9311634
48607,9311634
48608,9311634
48610,9311634
48611,9311634
48612,9311634
48613,9311634
48616,9311634
48617,9311634
48618,9311634
48619,9311634
48620,9311634
48621,9311634
48622,9311634
48624,9311634
48625,9311634
48626,9311634
48628,9311634
48629,9311634
48631,9311634
48632,9311634
48633,9311634
48634,9311634
48635,9311634
48636,9311634
48637,9311634
48638,9311634
48641,9311634
48642,9311634
48643,9311634
48644,9311634
48646,9311634
48647,9311634
48648,9311634
48649,9311634
48650,9311634
171851,9311646
171852,9311646
171854,9311646
171855,9311646
171856,9311646
171857,9311646
171858,9311646
171859,9311646
171860,9311646
171862,9311646
171863,9311646
171864,9311646
171866,9311646
171867,9311646
171868,9311646
171869,9311646
171871,9311646
171872,9311646
171873,9311646
171874,9311646
171875,9311646
171876,9311646
171877,9311646
171879,9311646
171880,9311646
171882,9311646
171883,9311646
171884,9311646
171885,9311646
171886,9311646
171887,9311646
171888,9311646
171889,9311646
171890,9311646
171891,9311646
171892,9311646
171894,9311646
171898,9311646
171899,9311646
171900,9311646
357401,9318034
357402,9318034
357403,9318034
357404,9318034
357405,9318034
357407,9318034
357409,9318034
357410,9318034
357411,9318034
357412,9318034
357413,9318034
357416,9318034
357417,9318034
357418,9318034
357419,9318034
357420,9318034
357421,9318034
357422,9318034
357423,9318034
357424,9318034
357425,9318034
357427,9318034
357428,9318034
357429,9318034
357431,9318034
357432,9318034
357433,9318034
357436,9318034
357437,9318034
357438,9318034
357439,9318034
357440,9318034
357442,9318034
357443,9318034
357444,9318034
357445,9318034
357446,9318034
357448,9318034
357449,9318034
357450,9318034
357351,9318333
357353,9318333
357354,9318333
357356,9318333
357357,9318333
357358,9318333
357361,9318333
357362,9318333
357363,9318333
357364,9318333
357365,9318333
357366,9318333
357367,9318333
357368,9318333
357370,9318333
357371,9318333
357373,9318333
357374,9318333
357376,9318333
357377,9318333
357378,9318333
357379,9318333
357381,9318333
357383,9318333
357384,9318333
357385,9318333
357386,9318333
357387,9318333
357388,9318333
357390,9318333
357391,9318333
357392,9318333
357393,9318333
357394,9318333
357395,9318333
357396,9318333
357397,9318333
357398,9318333
357399,9318333
357400,9318333
171652,9321639
171653,9321639
171655,9321639
171656,9321639
171657,9321639
171658,9321639
171659,9321639
171660,9321639
171661,9321639
171664,9321639
171665,9321639
171666,9321639
171667,9321639
171668,9321639
171669,9321639
171670,9321639
171671,9321639
171672,9321639
171673,9321639
171674,9321639
171675,9321639
171676,9321639
171677,9321639
171678,9321639
171679,9321639
171680,9321639
171681,9321639
171684,9321639
171685,9321639
171686,9321639
171687,9321639
171688,9321639
171689,9321639
171690,9321639
171692,9321639
171694,9321639
171696,9321639
171698,9321639
171699,9321639
171700,9321639
121351,9321641
121352,9321641
121353,9321641
121354,9321641
121355,9321641
121356,9321641
121357,9321641
121358,9321641
121359,9321641
121360,9321641
121361,9321641
121362,9321641
121363,9321641
121365,9321641
121366,9321641
121367,9321641
121368,9321641
121369,9321641
121371,9321641
121372,9321641
121373,9321641
121374,9321641
121375,9321641
121376,9321641
121377,9321641
121378,9321641
121379,9321641
121380,9321641
121381,9321641
121382,9321641
121384,9321641
121387,9321641
121389,9321641
121390,9321641
121394,9321641
121395,9321641
121396,9321641
121398,9321641
121399,9321641
121400,9321641
332201,9321873
332203,9321873
332204,9321873
332205,9321873
332206,9321873
332207,9321873
332208,9321873
332209,9321873
332210,9321873
332213,9321873
332215,9321873
332216,9321873
332218,9321873
332219,9321873
332220,9321873
332222,9321873
332223,9321873
332224,9321873
332225,9321873
332226,9321873
332227,9321873
332228,9321873
332229,9321873
332230,9321873
332231,9321873
332232,9321873
332234,9321873
332235,9321873
332236,9321873
332237,9321873
332238,9321873
332239,9321873
332240,9321873
332241,9321873
332243,9321873
332245,9321873
332246,9321873
332247,9321873
332248,9321873
332250,9321873
162951,9322994
162953,9322994
162954,9322994
162955,9322994
162956,9322994
162957,9322994
162958,9322994
162959,9322994
162961,9322994
162962,9322994
162963,9322994
162964,9322994
162967,9322994
162968,9322994
162970,9322994
162971,9322994
162972,9322994
162973,9322994
162974,9322994
162975,9322994
162976,9322994
162977,9322994
162978,9322994
162979,9322994
162980,9322994
162981,9322994
162982,9322994
162983,9322994
162984,9322994
162985,9322994
162986,9322994
162988,9322994
162989,9322994
162990,9322994
162991,9322994
162994,9322994
162997,9322994
162998,9322994
162999,9322994
163000,9322994
63901,9327097
63902,9327097
63904,9327097
63905,9327097
63906,9327097
63907,9327097
63910,9327097
63911,9327097
63912,9327097
63913,9327097
63916,9327097
63917,9327097
63918,9327097
63919,9327097
63920,9327097
63921,9327097
63922,9327097
63923,9327097
63924,9327097
63925,9327097
63926,9327097
63927,9327097
63928,9327097
63929,9327097
63931,9327097
63933,9327097
63934,9327097
63937,9327097
63938,9327097
63939,9327097
63940,9327097
63941,9327097
63942,9327097
63943,9327097
63945,9327097
63946,9327097
63947,9327097
63948,9327097
63949,9327097
63950,9327097
73451,9327102
73452,9327102
73453,9327102
73454,9327102
73455,9327102
73457,9327102
73460,9327102
73462,9327102
73463,9327102
73464,9327102
73465,9327102
73466,9327102
73468,9327102
73469,9327102
73470,9327102
73471,9327102
73472,9327102
73474,9327102
73475,9327102
73476,9327102
73477,9327102
73480,9327102
73481,9327102
73482,9327102
73483,9327102
73484,9327102
73485,9327102
73486,9327102
73487,9327102
73488,9327102
73489,9327102
73491,9327102
73492,9327102
73493,9327102
73494,9327102
73495,9327102
73496,9327102
73498,9327102
73499,9327102
73500,9327102
26852,9330185
26853,9330185
26854,9330185
26855,9330185
26856,9330185
26857,9330185
26858,9330185
26859,9330185
26860,9330185
26861,9330185
26862,9330185
26863,9330185
26864,9330185
26867,9330185
26868,9330185
26870,9330185
26871,9330185
26872,9330185
26874,9330185
26875,9330185
26877,9330185
26878,9330185
26879,9330185
26880,9330185
26881,9330185
26882,9330185
26884,9330185
26885,9330185
26886,9330185
26887,9330185
26889,9330185
26891,9330185
26892,9330185
26894,9330185
26895,9330185
26896,9330185
26897,9330185
26898,9330185
26899,9330185
26900,9330185
385501,9334430
385502,9334430
385503,9334430
385504,9334430
385505,9334430
385507,9334430
385508,9334430
385510,9334430
385511,9334430
385512,9334430
385513,9334430
385514,9334430
385515,9334430
385516,9334430
385517,9334430
385518,9334430
385520,9334430
385521,9334430
385522,9334430
385523,9334430
385524,9334430
385525,9334430
385526,9334430
385527,9334430
385529,9334430
385531,9334430
385532,9334430
385533,9334430
385534,9334430
385535,9334430
385536,9334430
385537,9334430
385538,9334430
385540,9334430
385542,9334430
385545,9334430
385546,9334430
385547,9334430
385548,9334430
385550,9334430
247751,9337286
247752,9337286
247754,9337286
247755,9337286
247756,9337286
247757,9337286
247758,9337286
247759,9337286
247760,9337286
247761,9337286
247763,9337286
247764,9337286
247765,9337286
247766,9337286
247768,9337286
247770,9337286
247771,9337286
247772,9337286
247773,9337286
247775,9337286
247776,9337286
247777,9337286
247778,9337286
247779,9337286
247781,9337286
247782,9337286
247783,9337286
247786,9337286
247787,9337286
247788,9337286
247789,9337286
247790,9337286
247791,9337286
247792,9337286
247793,9337286
247794,9337286
247795,9337286
247796,9337286
247798,9337286
247800,9337286
323052,9340350
323053,9340350
323054,9340350
323055,9340350
323056,9340350
323057,9340350
323059,9340350
323060,9340350
323061,9340350
323062,9340350
323063,9340350
323064,9340350
323066,9340350
323067,9340350
323068,9340350
323069,9340350
323071,9340350
323072,9340350
323073,9340350
323074,9340350
323075,9340350
323076,9340350
323077,9340350
323078,9340350
323079,9340350
323080,9340350
323081,9340350
323083,9340350
323084,9340350
323085,9340350
323086,9340350
323087,9340350
323088,9340350
323089,9340350
323090,9340350
323094,9340350
323096,9340350
323097,9340350
323098,9340350
323099,9340350
63801,9340398
63803,9340398
63805,9340398
63806,9340398
63807,9340398
63809,9340398
63810,9340398
63811,9340398
63813,9340398
63814,9340398
63815,9340398
63816,9340398
63817,9340398
63819,9340398
63820,9340398
63821,9340398
63822,9340398
63823,9340398
63825,9340398
63827,9340398
63828,9340398
63829,9340398
63830,9340398
63831,9340398
63832,9340398
63833,9340398
63834,9340398
63835,9340398
63836,9340398
63838,9340398
63839,9340398
63840,9340398
63841,9340398
63842,9340398
63843,9340398
63844,9340398
63846,9340398
63848,9340398
63849,9340398
63850,9340398
323001,9340453
323002,9340453
323003,9340453
323004,9340453
323006,9340453
323007,9340453
323008,9340453
323009,9340453
323010,9340453
323011,9340453
323012,9340453
323013,9340453
323014,9340453
323015,9340453
323016,9340453
323017,9340453
323019,9340453
323020,9340453
323021,9340453
323022,9340453
323023,9340453
323025,9340453
323026,9340453
323028,9340453
323029,9340453
323031,9340453
323032,9340453
323033,9340453
323034,9340453
323035,9340453
323036,9340453
323037,9340453
323040,9340453
323041,9340453
323043,9340453
323044,9340453
323045,9340453
323046,9340453
323048,9340453
323050,9340453
118501,9344320
118502,9344320
118505,9344320
118506,9344320
118507,9344320
118508,9344320
118509,9344320
118510,9344320
118511,9344320
118512,9344320
118513,9344320
118514,9344320
118515,9344320
118516,9344320
118517,9344320
118518,9344320
118520,9344320
118521,9344320
118523,9344320
118524,9344320
118526,9344320
118527,9344320
118528,9344320
118529,9344320
118530,9344320
118531,9344320
118532,9344320
118533,9344320
118535,9344320
118536,9344320
118538,9344320
118539,9344320
118540,9344320
118541,9344320
118542,9344320
118543,9344320
118545,9344320
118546,9344320
118547,9344320
118549,9344320
247451,9352066
247453,9352066
247454,9352066
247455,9352066
247457,9352066
247458,9352066
247459,9352066
247460,9352066
247461,9352066
247462,9352066
247464,9352066
247465,9352066
247466,9352066
247467,9352066
247468,9352066
247469,9352066
247470,9352066
247471,9352066
247472,9352066
247475,9352066
247476,9352066
247477,9352066
247478,9352066
247480,9352066
247481,9352066
247482,9352066
247483,9352066
247484,9352066
247485,9352066
247486,9352066
247487,9352066
247488,9352066
247489,9352066
247490,9352066
247493,9352066
247495,9352066
247497,9352066
247498,9352066
247499,9352066
247500,9352066
198401,9360427
198403,9360427
198404,9360427
198405,9360427
198406,9360427
198407,9360427
198408,9360427
198409,9360427
198410,9360427
198411,9360427
198413,9360427
198414,9360427
198415,9360427
198417,9360427
198418,9360427
198419,9360427
198420,9360427
198421,9360427
198422,9360427
198424,9360427
198425,9360427
198427,9360427
198429,9360427
198430,9360427
198431,9360427
198432,9360427
198433,9360427
198434,9360427
198436,9360427
198438,9360427
198439,9360427
198440,9360427
198441,9360427
198442,9360427
198444,9360427
198445,9360427
198446,9360427
198447,9360427
198448,9360427
198450,9360427
202951,9360439
202952,9360439
202953,9360439
202954,9360439
202956,9360439
202957,9360439
202958,9360439
202960,9360439
202961,9360439
202962,9360439
202963,9360439
202964,9360439
202965,9360439
202966,9360439
202967,9360439
202968,9360439
202971,9360439
202972,9360439
202974,9360439
202975,9360439
202976,9360439
202977,9360439
202978,9360439
202979,9360439
202981,9360439
202982,9360439
202983,9360439
202984,9360439
202985,9360439
202986,9360439
202987,9360439
202988,9360439
202990,9360439
202991,9360439
202993,9360439
202996,9360439
202997,9360439
202998,9360439
202999,9360439
203000,9360439
126651,9361483
126653,9361483
126654,9361483
126655,9361483
126656,9361483
126657,9361483
126661,9361483
126662,9361483
126663,9361483
126664,9361483
126666,9361483
126668,9361483
126669,9361483
126670,9361483
126671,9361483
126672,9361483
126673,9361483
126674,9361483
126675,9361483
126676,9361483
126677,9361483
126678,9361483
126680,9361483
126681,9361483
126682,9361483
126683,9361483
126684,9361483
126688,9361483
126689,9361483
126690,9361483
126691,9361483
126692,9361483
126693,9361483
126694,9361483
126695,9361483
126696,9361483
126697,9361483
126698,9361483
126699,9361483
126700,9361483
236651,9365623
236652,9365623
236654,9365623
236656,9365623
236657,9365623
236658,9365623
236659,9365623
236660,9365623
236661,9365623
236663,9365623
236664,9365623
236665,9365623
236666,9365623
236668,9365623
236669,9365623
236670,9365623
236671,9365623
236672,9365623
236673,9365623
236674,9365623
236675,9365623
236676,9365623
236677,9365623
236678,9365623
236680,9365623
236683,9365623
236684,9365623
236685,9365623
236686,9365623
236687,9365623
236689,9365623
236690,9365623
236691,9365623
236692,9365623
236693,9365623
236695,9365623
236696,9365623
236698,9365623
236699,9365623
236700,9365623
106551,9371787
106552,9371787
106553,9371787
106554,9371787
106555,9371787
106556,9371787
106557,9371787
106558,9371787
106559,9371787
106562,9371787
106564,9371787
106565,9371787
106566,9371787
106567,9371787
106568,9371787
106569,9371787
106572,9371787
106573,9371787
106574,9371787
106575,9371787
106576,9371787
106577,9371787
106578,9371787
106579,9371787
106580,9371787
106581,9371787
106583,9371787
106584,9371787
106585,9371787
106590,9371787
106591,9371787
106592,9371787
106593,9371787
106594,9371787
106595,9371787
106596,9371787
106597,9371787
106598,9371787
106599,9371787
106600,9371787
126551,9373929
126553,9373929
126554,9373929
126556,9373929
126559,9373929
126560,9373929
126561,9373929
126562,9373929
126563,9373929
126565,9373929
126566,9373929
126567,9373929
126568,9373929
126569,9373929
126570,9373929
126571,9373929
126572,9373929
126573,9373929
126574,9373929
126575,9373929
126576,9373929
126577,9373929
126578,9373929
126579,9373929
126580,9373929
126581,9373929
126582,9373929
126583,9373929
126585,9373929
126587,9373929
126588,9373929
126589,9373929
126590,9373929
126592,9373929
126594,9373929
126596,9373929
126597,9373929
126598,9373929
126599,9373929
126600,9373929
356802,9374428
356803,9374428
356804,9374428
356806,9374428
356807,9374428
356808,9374428
356810,9374428
356811,9374428
356812,9374428
356814,9374428
356815,9374428
356816,9374428
356817,9374428
356820,9374428
356822,9374428
356823,9374428
356824,9374428
356826,9374428
356827,9374428
356828,9374428
356830,9374428
356831,9374428
356832,9374428
356833,9374428
356834,9374428
356835,9374428
356837,9374428
356838,9374428
356839,9374428
356840,9374428
356841,9374428
356842,9374428
356843,9374428
356844,9374428
356845,9374428
356846,9374428
356847,9374428
356848,9374428
356849,9374428
356850,9374428
347501,9390331
347502,9390331
347504,9390331
347505,9390331
347506,9390331
347507,9390331
347509,9390331
347510,9390331
347511,9390331
347512,9390331
347513,9390331
347516,9390331
347517,9390331
347519,9390331
347520,9390331
347521,9390331
347522,9390331
347523,9390331
347524,9390331
347525,9390331
347526,9390331
347527,9390331
347528,9390331
347529,9390331
347530,9390331
347532,9390331
347534,9390331
347535,9390331
347537,9390331
347538,9390331
347539,9390331
347540,9390331
347541,9390331
347542,9390331
347543,9390331
347544,9390331
347545,9390331
347546,9390331
347549,9390331
347550,9390331
216701,9396385
216702,9396385
216703,9396385
216704,9396385
216705,9396385
216706,9396385
216707,9396385
216708,9396385
216709,9396385
216710,9396385
216711,9396385
216712,9396385
216713,9396385
216715,9396385
216716,9396385
216717,9396385
216718,9396385
216719,9396385
216720,9396385
216721,9396385
216722,9396385
216723,9396385
216725,9396385
216728,9396385
216730,9396385
216731,9396385
216732,9396385
216733,9396385
216734,9396385
216736,9396385
216737,9396385
216739,9396385
216740,9396385
216742,9396385
216743,9396385
216745,9396385
216746,9396385
216747,9396385
216748,9396385
216749,9396385
63551,9402653
63552,9402653
63554,9402653
63555,9402653
63556,9402653
63558,9402653
63559,9402653
63560,9402653
63561,9402653
63562,9402653
63563,9402653
63564,9402653
63565,9402653
63566,9402653
63567,9402653
63568,9402653
63569,9402653
63570,9402653
63572,9402653
63573,9402653
63575,9402653
63576,9402653
63577,9402653
63578,9402653
63582,9402653
63583,9402653
63585,9402653
63586,9402653
63587,9402653
63588,9402653
63589,9402653
63591,9402653
63593,9402653
63594,9402653
63595,9402653
63596,9402653
63597,9402653
63598,9402653
63599,9402653
63600,9402653
306751,9406726
306753,9406726
306754,9406726
306756,9406726
306759,9406726
306760,9406726
306761,9406726
306762,9406726
306763,9406726
306764,9406726
306765,9406726
306766,9406726
306767,9406726
306768,9406726
306769,9406726
306770,9406726
306771,9406726
306772,9406726
306773,9406726
306774,9406726
306776,9406726
306777,9406726
306780,9406726
306781,9406726
306782,9406726
306783,9406726
306784,9406726
306785,9406726
306786,9406726
306787,9406726
306788,9406726
306789,9406726
306790,9406726
306792,9406726
306793,9406726
306794,9406726
306796,9406726
306797,9406726
306799,9406726
306800,9406726
184001,9419199
184002,9419199
184003,9419199
184004,9419199
184005,9419199
184007,9419199
184009,9419199
184010,9419199
184011,9419199
184012,9419199
184013,9419199
184015,9419199
184016,9419199
184017,9419199
184019,9419199
184020,9419199
184021,9419199
184022,9419199
184023,9419199
184024,9419199
184025,9419199
184026,9419199
184028,9419199
184029,9419199
184031,9419199
184032,9419199
184034,9419199
184035,9419199
184036,9419199
184038,9419199
184039,9419199
184040,9419199
184042,9419199
184043,9419199
184044,9419199
184045,9419199
184047,9419199
184048,9419199
184049,9419199
184050,9419199
11901,9424053
11902,9424053
11903,9424053
11904,9424053
11905,9424053
11906,9424053
11907,9424053
11909,9424053
11910,9424053
11911,9424053
11912,9424053
11913,9424053
11914,9424053
11915,9424053
11916,9424053
11917,9424053
11918,9424053
11920,9424053
11921,9424053
11924,9424053
11925,9424053
11926,9424053
11928,9424053
11929,9424053
11930,9424053
11933,9424053
11934,9424053
11935,9424053
11936,9424053
11938,9424053
11939,9424053
11940,9424053
11941,9424053
11942,9424053
11944,9424053
11946,9424053
11947,9424053
11948,9424053
11949,9424053
11950,9424053
394103,9425227
394104,9425227
394105,9425227
394106,9425227
394107,9425227
394109,9425227
394110,9425227
394112,9425227
394113,9425227
394114,9425227
394115,9425227
394116,9425227
394117,9425227
394118,9425227
394119,9425227
394120,9425227
394121,9425227
394122,9425227
394123,9425227
394126,9425227
394127,9425227
394128,9425227
394129,9425227
394130,9425227
394131,9425227
394132,9425227
394133,9425227
394134,9425227
394135,9425227
394137,9425227
394138,9425227
394139,9425227
394140,9425227
394141,9425227
394142,9425227
394145,9425227
394146,9425227
394148,9425227
394149,9425227
394150,9425227
291901,9438157
291902,9438157
291903,9438157
291904,9438157
291905,9438157
291907,9438157
291908,9438157
291909,9438157
291910,9438157
291913,9438157
291914,9438157
291915,9438157
291917,9438157
291918,9438157
291919,9438157
291920,9438157
291921,9438157
291922,9438157
291923,9438157
291924,9438157
291925,9438157
291926,9438157
291927,9438157
291928,9438157
291929,9438157
291930,9438157
291932,9438157
291933,9438157
291934,9438157
291935,9438157
291937,9438157
291940,9438157
291942,9438157
291943,9438157
291944,9438157
291945,9438157
291947,9438157
291948,9438157
291949,9438157
291950,9438157
230851,9439319
230852,9439319
230853,9439319
230854,9439319
230855,9439319
230856,9439319
230857,9439319
230858,9439319
230859,9439319
230860,9439319
230861,9439319
230862,9439319
230864,9439319
230865,9439319
230866,9439319
230867,9439319
230868,9439319
230869,9439319
230872,9439319
230873,9439319
230874,9439319
230875,9439319
230876,9439319
230877,9439319
230878,9439319
230880,9439319
230882,9439319
230883,9439319
230885,9439319
230886,9439319
230887,9439319
230888,9439319
230889,9439319
230891,9439319
230893,9439319
230894,9439319
230896,9439319
230897,9439319
230898,9439319
230899,9439319
197751,9439345
197752,9439345
197753,9439345
197754,9439345
197755,9439345
197756,9439345
197757,9439345
197758,9439345
197760,9439345
197763,9439345
197766,9439345
197767,9439345
197768,9439345
197769,9439345
197770,9439345
197773,9439345
197774,9439345
197775,9439345
197776,9439345
197777,9439345
197778,9439345
197779,9439345
197780,9439345
197781,9439345
197782,9439345
197783,9439345
197785,9439345
197786,9439345
197787,9439345
197788,9439345
197790,9439345
197791,9439345
197792,9439345
197793,9439345
197794,9439345
197795,9439345
197796,9439345
197797,9439345
197798,9439345
197800,9439345
298201,9476135
298205,9476135
298206,9476135
298207,9476135
298208,9476135
298209,9476135
298210,9476135
298211,9476135
298212,9476135
298213,9476135
298214,9476135
298215,9476135
298216,9476135
298217,9476135
298218,9476135
298220,9476135
298221,9476135
298222,9476135
298224,9476135
298225,9476135
298228,9476135
298230,9476135
298231,9476135
298232,9476135
298233,9476135
298234,9476135
298236,9476135
298237,9476135
298238,9476135
298239,9476135
298240,9476135
298241,9476135
298242,9476135
298243,9476135
298244,9476135
298245,9476135
298246,9476135
298247,9476135
298248,9476135
298250,9476135
306052,9477555
306053,9477555
306054,9477555
306055,9477555
306056,9477555
306057,9477555
306058,9477555
306059,9477555
306060,9477555
306062,9477555
306063,9477555
306064,9477555
306065,9477555
306067,9477555
306068,9477555
306069,9477555
306070,9477555
306072,9477555
306074,9477555
306075,9477555
306076,9477555
306077,9477555
306078,9477555
306082,9477555
306084,9477555
306085,9477555
306086,9477555
306087,9477555
306088,9477555
306089,9477555
306090,9477555
306091,9477555
306092,9477555
306093,9477555
306095,9477555
306096,9477555
306097,9477555
306098,9477555
306099,9477555
306100,9477555
383651,9485356
383652,9485356
383653,9485356
383655,9485356
383656,9485356
383658,9485356
383659,9485356
383663,9485356
383664,9485356
383666,9485356
383667,9485356
383668,9485356
383669,9485356
383670,9485356
383671,9485356
383672,9485356
383673,9485356
383674,9485356
383675,9485356
383676,9485356
383677,9485356
383678,9485356
383679,9485356
383682,9485356
383683,9485356
383684,9485356
383685,9485356
383686,9485356
383687,9485356
383688,9485356
383689,9485356
383690,9485356
383691,9485356
383692,9485356
383694,9485356
383695,9485356
383696,9485356
383697,9485356
383698,9485356
383699,9485356
42552,9494216
42553,9494216
42556,9494216
42557,9494216
42558,9494216
42559,9494216
42560,9494216
42561,9494216
42563,9494216
42564,9494216
42565,9494216
42566,9494216
42567,9494216
42568,9494216
42569,9494216
42570,9494216
42571,9494216
42572,9494216
42575,9494216
42576,9494216
42577,9494216
42578,9494216
42579,9494216
42580,9494216
42581,9494216
42582,9494216
42585,9494216
42586,9494216
42587,9494216
42589,9494216
42590,9494216
42592,9494216
42593,9494216
42594,9494216
42595,9494216
42596,9494216
42597,9494216
42598,9494216
42599,9494216
42600,9494216
383601,9494876
383603,9494876
383604,9494876
383605,9494876
383606,9494876
383609,9494876
383610,9494876
383612,9494876
383613,9494876
383614,9494876
383615,9494876
383618,9494876
383619,9494876
383620,9494876
383621,9494876
383622,9494876
383623,9494876
383624,9494876
383625,9494876
383626,9494876
383627,9494876
383629,9494876
383630,9494876
383631,9494876
383632,9494876
383633,9494876
383634,9494876
383635,9494876
383636,9494876
383637,9494876
383638,9494876
383639,9494876
383640,9494876
383641,9494876
383642,9494876
383643,9494876
383644,9494876
383648,9494876
383649,9494876
383650,9494876
126454,9518799
126455,9518799
126457,9518799
126458,9518799
126459,9518799
126461,9518799
126463,9518799
126464,9518799
126465,9518799
126466,9518799
126468,9518799
126469,9518799
126470,9518799
126471,9518799
126472,9518799
126473,9518799
126474,9518799
126475,9518799
126476,9518799
126477,9518799
126478,9518799
126479,9518799
126480,9518799
126481,9518799
126483,9518799
126484,9518799
126485,9518799
126486,9518799
126487,9518799
126488,9518799
126489,9518799
126492,9518799
126493,9518799
126494,9518799
126495,9518799
126496,9518799
126497,9518799
126498,9518799
126499,9518799
126500,9518799
241101,9523548
241102,9523548
241103,9523548
241104,9523548
241105,9523548
241106,9523548
241107,9523548
241108,9523548
241109,9523548
241110,9523548
241112,9523548
241113,9523548
241114,9523548
241115,9523548
241116,9523548
241118,9523548
241119,9523548
241121,9523548
241122,9523548
241123,9523548
241125,9523548
241128,9523548
241129,9523548
241130,9523548
241131,9523548
241132,9523548
241133,9523548
241134,9523548
241136,9523548
241137,9523548
241138,9523548
241139,9523548
241140,9523548
241141,9523548
241142,9523548
241144,9523548
241146,9523548
241147,9523548
241148,9523548
241150,9523548
329951,9566693
329952,9566693
329955,9566693
329956,9566693
329959,9566693
329960,9566693
329962,9566693
329963,9566693
329964,9566693
329965,9566693
329966,9566693
329967,9566693
329968,9566693
329969,9566693
329970,9566693
329971,9566693
329972,9566693
329974,9566693
329975,9566693
329976,9566693
329977,9566693
329978,9566693
329979,9566693
329981,9566693
329982,9566693
329983,9566693
329984,9566693
329986,9566693
329987,9566693
329988,9566693
329989,9566693
329990,9566693
329992,9566693
329993,9566693
329994,9566693
329995,9566693
329996,9566693
329997,9566693
329998,9566693
329999,9566693
