382601,6903498
382602,6903498
382603,6903498
382604,6903498
382606,6903498
382607,6903498
382608,6903498
382609,6903498
382610,6903498
382611,6903498
382612,6903498
382613,6903498
382614,6903498
382615,6903498
382617,6903498
382618,6903498
382619,6903498
382620,6903498
382621,6903498
382622,6903498
382624,6903498
382626,6903498
382627,6903498
382628,6903498
382629,6903498
382630,6903498
382631,6903498
382632,6903498
382633,6903498
382634,6903498
382635,6903498
382636,6903498
382637,6903498
382641,6903498
382642,6903498
382643,6903498
382644,6903498
382645,6903498
382646,6903498
382647,6903498
49501,7038680
49502,7038680
49503,7038680
49505,7038680
49507,7038680
49508,7038680
49509,7038680
49510,7038680
49511,7038680
49512,7038680
49513,7038680
49514,7038680
49515,7038680
49517,7038680
49518,7038680
49519,7038680
49520,7038680
49521,7038680
49524,7038680
49525,7038680
49526,7038680
49527,7038680
49529,7038680
49530,7038680
49531,7038680
49533,7038680
49534,7038680
49535,7038680
49536,7038680
49538,7038680
49539,7038680
49540,7038680
49541,7038680
49542,7038680
49544,7038680
49545,7038680
49546,7038680
49547,7038680
49548,7038680
49549,7038680
151101,7235018
151102,7235018
151103,7235018
151104,7235018
151105,7235018
151106,7235018
151108,7235018
151111,7235018
151112,7235018
151113,7235018
151114,7235018
151115,7235018
151116,7235018
151117,7235018
151118,7235018
151119,7235018
151121,7235018
151122,7235018
151123,7235018
151125,7235018
151126,7235018
151127,7235018
151128,7235018
151129,7235018
151130,7235018
151132,7235018
151133,7235018
151136,7235018
151137,7235018
151138,7235018
151139,7235018
151140,7235018
151141,7235018
151143,7235018
151144,7235018
151145,7235018
151146,7235018
151147,7235018
151148,7235018
151149,7235018
354651,7350260
354652,7350260
354653,7350260
354654,7350260
354655,7350260
354656,7350260
354657,7350260
354658,7350260
354659,7350260
354660,7350260
354661,7350260
354662,7350260
354663,7350260
354664,7350260
354665,7350260
354666,7350260
354667,7350260
354668,7350260
354669,7350260
354670,7350260
354672,7350260
354673,7350260
354674,7350260
354676,7350260
354677,7350260
354678,7350260
354679,7350260
354680,7350260
354681,7350260
354682,7350260
354684,7350260
354686,7350260
354689,7350260
354690,7350260
354691,7350260
354692,7350260
354696,7350260
354697,7350260
354698,7350260
354700,7350260
183351,7382976
183352,7382976
183353,7382976
183354,7382976
183355,7382976
183357,7382976
183358,7382976
183359,7382976
183361,7382976
183362,7382976
183363,7382976
183365,7382976
183366,7382976
183367,7382976
183369,7382976
183370,7382976
183371,7382976
183372,7382976
183374,7382976
183375,7382976
183376,7382976
183377,7382976
183379,7382976
183381,7382976
183382,7382976
183383,7382976
183384,7382976
183385,7382976
183386,7382976
183387,7382976
183388,7382976
183390,7382976
183391,7382976
183392,7382976
183393,7382976
183394,7382976
183396,7382976
183398,7382976
183399,7382976
183400,7382976
28351,8023527
28352,8023527
28353,8023527
28354,8023527
28356,8023527
28357,8023527
28358,8023527
28359,8023527
28360,8023527
28361,8023527
28363,8023527
28364,8023527
28365,8023527
28367,8023527
28369,8023527
28370,8023527
28371,8023527
28373,8023527
28374,8023527
28375,8023527
28376,8023527
28377,8023527
28378,8023527
28379,8023527
28380,8023527
28381,8023527
28382,8023527
28384,8023527
28385,8023527
28386,8023527
28387,8023527
28388,8023527
28389,8023527
28390,8023527
28391,8023527
28393,8023527
28394,8023527
28398,8023527
28399,8023527
28400,8023527
88101,8300951
88103,8300951
88105,8300951
88106,8300951
88107,8300951
88108,8300951
88109,8300951
88111,8300951
88112,8300951
88113,8300951
88114,8300951
88115,8300951
88116,8300951
88118,8300951
88119,8300951
88120,8300951
88121,8300951
88123,8300951
88124,8300951
88125,8300951
88126,8300951
88127,8300951
88128,8300951
88130,8300951
88131,8300951
88133,8300951
88135,8300951
88136,8300951
88137,8300951
88139,8300951
88140,8300951
88141,8300951
88143,8300951
88144,8300951
88145,8300951
88146,8300951
88147,8300951
88148,8300951
88149,8300951
88150,8300951
40401,8416786
40402,8416786
40403,8416786
40404,8416786
40406,8416786
40407,8416786
40408,8416786
40409,8416786
40410,8416786
40411,8416786
40412,8416786
40413,8416786
40414,8416786
40415,8416786
40416,8416786
40417,8416786
40418,8416786
40419,8416786
40420,8416786
40422,8416786
40423,8416786
40424,8416786
40425,8416786
40426,8416786
40428,8416786
40429,8416786
40431,8416786
40432,8416786
40434,8416786
40437,8416786
40438,8416786
40439,8416786
40441,8416786
40442,8416786
40443,8416786
40444,8416786
40445,8416786
40446,8416786
40447,8416786
40450,8416786
311501,8610435
311503,8610435
311504,8610435
311507,8610435
311508,8610435
311509,8610435
311510,8610435
311511,8610435
311512,8610435
311513,8610435
311514,8610435
311515,8610435
311516,8610435
311517,8610435
311518,8610435
311519,8610435
311521,8610435
311522,8610435
311523,8610435
311524,8610435
311525,8610435
311527,8610435
311528,8610435
311529,8610435
311533,8610435
311534,8610435
311535,8610435
311537,8610435
311538,8610435
311539,8610435
311540,8610435
311541,8610435
311542,8610435
311543,8610435
311544,8610435
311545,8610435
311546,8610435
311547,8610435
311548,8610435
311550,8610435
86051,8712154
86052,8712154
86053,8712154
86054,8712154
86055,8712154
86056,8712154
86057,8712154
86058,8712154
86059,8712154
86060,8712154
86061,8712154
86062,8712154
86063,8712154
86064,8712154
86065,8712154
86066,8712154
86067,8712154
86070,8712154
86071,8712154
86073,8712154
86075,8712154
86076,8712154
86077,8712154
86082,8712154
86083,8712154
86084,8712154
86085,8712154
86086,8712154
86087,8712154
86088,8712154
86090,8712154
86091,8712154
86092,8712154
86093,8712154
86094,8712154
86095,8712154
86096,8712154
86098,8712154
86099,8712154
86100,8712154
210152,8915550
210153,8915550
210154,8915550
210155,8915550
210156,8915550
210158,8915550
210159,8915550
210161,8915550
210162,8915550
210163,8915550
210164,8915550
210166,8915550
210167,8915550
210168,8915550
210169,8915550
210170,8915550
210171,8915550
210172,8915550
210173,8915550
210174,8915550
210175,8915550
210177,8915550
210179,8915550
210180,8915550
210181,8915550
210182,8915550
210183,8915550
210184,8915550
210185,8915550
210186,8915550
210189,8915550
210190,8915550
210191,8915550
210192,8915550
210193,8915550
210194,8915550
210195,8915550
210196,8915550
210198,8915550
210199,8915550
215052,9004164
215053,9004164
215054,9004164
215055,9004164
215056,9004164
215058,9004164
215059,9004164
215060,9004164
215061,9004164
215062,9004164
215063,9004164
215064,9004164
215065,9004164
215066,9004164
215067,9004164
215068,9004164
215070,9004164
215071,9004164
215072,9004164
215074,9004164
215075,9004164
215077,9004164
215078,9004164
215079,9004164
215080,9004164
215081,9004164
215082,9004164
215083,9004164
215085,9004164
215086,9004164
215088,9004164
215090,9004164
215091,9004164
215093,9004164
215094,9004164
215096,9004164
215097,9004164
215098,9004164
215099,9004164
215100,9004164
18701,9016923
18702,9016923
18703,9016923
18704,9016923
18705,9016923
18706,9016923
18707,9016923
18708,9016923
18709,9016923
18710,9016923
18711,9016923
18712,9016923
18714,9016923
18715,9016923
18716,9016923
18717,9016923
18718,9016923
18719,9016923
18720,9016923
18721,9016923
18722,9016923
18723,9016923
18724,9016923
18726,9016923
18727,9016923
18728,9016923
18730,9016923
18731,9016923
18732,9016923
18735,9016923
18737,9016923
18738,9016923
18739,9016923
18741,9016923
18742,9016923
18744,9016923
18745,9016923
18747,9016923
18748,9016923
18749,9016923
32802,9020417
32803,9020417
32804,9020417
32805,9020417
32806,9020417
32807,9020417
32808,9020417
32810,9020417
32811,9020417
32812,9020417
32813,9020417
32814,9020417
32815,9020417
32817,9020417
32818,9020417
32819,9020417
32820,9020417
32822,9020417
32823,9020417
32824,9020417
32827,9020417
32828,9020417
32829,9020417
32830,9020417
32831,9020417
32833,9020417
32834,9020417
32835,9020417
32836,9020417
32837,9020417
32838,9020417
32840,9020417
32842,9020417
32843,9020417
32844,9020417
32845,9020417
32846,9020417
32847,9020417
32848,9020417
32849,9020417
33601,9020429
33602,9020429
33604,9020429
33605,9020429
33606,9020429
33607,9020429
33608,9020429
33611,9020429
33613,9020429
33614,9020429
33615,9020429
33616,9020429
33619,9020429
33620,9020429
33621,9020429
33622,9020429
33624,9020429
33625,9020429
33626,9020429
33627,9020429
33628,9020429
33629,9020429
33630,9020429
33631,9020429
33633,9020429
33634,9020429
33635,9020429
33637,9020429
33638,9020429
33639,9020429
33640,9020429
33641,9020429
33642,9020429
33644,9020429
33645,9020429
33646,9020429
33647,9020429
33648,9020429
33649,9020429
33650,9020429
36152,9046564
36157,9046564
36158,9046564
36159,9046564
36160,9046564
36161,9046564
36162,9046564
36163,9046564
36165,9046564
36166,9046564
36167,9046564
36168,9046564
36169,9046564
36170,9046564
36171,9046564
36172,9046564
36173,9046564
36174,9046564
36176,9046564
36177,9046564
36178,9046564
36179,9046564
36180,9046564
36181,9046564
36182,9046564
36184,9046564
36185,9046564
36186,9046564
36187,9046564
36189,9046564
36190,9046564
36191,9046564
36192,9046564
36193,9046564
36194,9046564
36195,9046564
36196,9046564
36197,9046564
36198,9046564
36199,9046564
182101,9053191
182102,9053191
182103,9053191
182104,9053191
182105,9053191
182106,9053191
182107,9053191
182108,9053191
182110,9053191
182111,9053191
182112,9053191
182113,9053191
182115,9053191
182116,9053191
182118,9053191
182119,9053191
182121,9053191
182122,9053191
182123,9053191
182124,9053191
182125,9053191
182126,9053191
182127,9053191
182128,9053191
182130,9053191
182131,9053191
182132,9053191
182133,9053191
182134,9053191
182135,9053191
182137,9053191
182138,9053191
182140,9053191
182141,9053191
182142,9053191
182143,9053191
182145,9053191
182146,9053191
182147,9053191
182150,9053191
149901,9053218
149902,9053218
149903,9053218
149904,9053218
149905,9053218
149906,9053218
149907,9053218
149909,9053218
149911,9053218
149912,9053218
149913,9053218
149915,9053218
149917,9053218
149918,9053218
149919,9053218
149920,9053218
149921,9053218
149922,9053218
149924,9053218
149925,9053218
149926,9053218
149927,9053218
149928,9053218
149929,9053218
149930,9053218
149932,9053218
149934,9053218
149937,9053218
149939,9053218
149940,9053218
149941,9053218
149942,9053218
149943,9053218
149944,9053218
149945,9053218
149946,9053218
149947,9053218
149948,9053218
149949,9053218
149950,9053218
141051,9053220
141052,9053220
141053,9053220
141054,9053220
141055,9053220
141056,9053220
141057,9053220
141058,9053220
141060,9053220
141061,9053220
141062,9053220
141063,9053220
141065,9053220
141066,9053220
141068,9053220
141070,9053220
141071,9053220
141072,9053220
141073,9053220
141074,9053220
141075,9053220
141077,9053220
141078,9053220
141079,9053220
141081,9053220
141082,9053220
141083,9053220
141084,9053220
141085,9053220
141086,9053220
141087,9053220
141090,9053220
141092,9053220
141093,9053220
141094,9053220
141095,9053220
141096,9053220
141098,9053220
141099,9053220
141100,9053220
204952,9105138
204953,9105138
204955,9105138
204956,9105138
204957,9105138
204958,9105138
204959,9105138
204960,9105138
204961,9105138
204962,9105138
204963,9105138
204964,9105138
204965,9105138
204967,9105138
204968,9105138
204969,9105138
204970,9105138
204972,9105138
204973,9105138
204974,9105138
204975,9105138
204976,9105138
204977,9105138
204978,9105138
204979,9105138
204980,9105138
204981,9105138
204983,9105138
204985,9105138
204986,9105138
204987,9105138
204989,9105138
204991,9105138
204993,9105138
204994,9105138
204995,9105138
204996,9105138
204997,9105138
204998,9105138
205000,9105138
79951,9114751
79952,9114751
79953,9114751
79954,9114751
79957,9114751
79961,9114751
79962,9114751
79963,9114751
79964,9114751
79965,9114751
79967,9114751
79968,9114751
79969,9114751
79970,9114751
79971,9114751
79972,9114751
79974,9114751
79975,9114751
79976,9114751
79977,9114751
79978,9114751
79979,9114751
79980,9114751
79981,9114751
79983,9114751
79984,9114751
79986,9114751
79987,9114751
79988,9114751
79989,9114751
79990,9114751
79991,9114751
79992,9114751
79993,9114751
79994,9114751
79995,9114751
79996,9114751
79997,9114751
79999,9114751
80000,9114751
379251,9125231
379252,9125231
379253,9125231
379254,9125231
379255,9125231
379256,9125231
379257,9125231
379259,9125231
379260,9125231
379261,9125231
379262,9125231
379263,9125231
379264,9125231
379265,9125231
379267,9125231
379268,9125231
379269,9125231
379270,9125231
379271,9125231
379272,9125231
379273,9125231
379276,9125231
379277,9125231
379278,9125231
379279,9125231
379280,9125231
379281,9125231
379282,9125231
379283,9125231
379285,9125231
379289,9125231
379291,9125231
379292,9125231
379293,9125231
379294,9125231
379295,9125231
379296,9125231
379297,9125231
379299,9125231
379300,9125231
398151,9140841
398153,9140841
398154,9140841
398156,9140841
398157,9140841
398158,9140841
398159,9140841
398160,9140841
398161,9140841
398163,9140841
398164,9140841
398165,9140841
398166,9140841
398167,9140841
398168,9140841
398169,9140841
398170,9140841
398171,9140841
398172,9140841
398173,9140841
398174,9140841
398175,9140841
398178,9140841
398180,9140841
398181,9140841
398183,9140841
398184,9140841
398185,9140841
398186,9140841
398188,9140841
398189,9140841
398190,9140841
398191,9140841
398192,9140841
398193,9140841
398194,9140841
398196,9140841
398197,9140841
398198,9140841
398199,9140841
359851,9141405
359854,9141405
359855,9141405
359856,9141405
359857,9141405
359858,9141405
359859,9141405
359860,9141405
359862,9141405
359863,9141405
359865,9141405
359866,9141405
359867,9141405
359868,9141405
359869,9141405
359870,9141405
359871,9141405
359872,9141405
359873,9141405
359875,9141405
359877,9141405
359878,9141405
359879,9141405
359880,9141405
359882,9141405
359883,9141405
359884,9141405
359885,9141405
359886,9141405
359887,9141405
359888,9141405
359889,9141405
359890,9141405
359891,9141405
359892,9141405
359893,9141405
359894,9141405
359895,9141405
359896,9141405
359900,9141405
333751,9147746
333752,9147746
333754,9147746
333755,9147746
333756,9147746
333757,9147746
333758,9147746
333760,9147746
333761,9147746
333763,9147746
333764,9147746
333765,9147746
333766,9147746
333767,9147746
333768,9147746
333769,9147746
333771,9147746
333772,9147746
333773,9147746
333774,9147746
333775,9147746
333776,9147746
333778,9147746
333781,9147746
333782,9147746
333783,9147746
333784,9147746
333786,9147746
333787,9147746
333788,9147746
333789,9147746
333790,9147746
333791,9147746
333792,9147746
333793,9147746
333794,9147746
333796,9147746
333797,9147746
333798,9147746
333800,9147746
268001,9148582
268002,9148582
268003,9148582
268005,9148582
268006,9148582
268007,9148582
268009,9148582
268011,9148582
268012,9148582
268013,9148582
268014,9148582
268015,9148582
268018,9148582
268019,9148582
268020,9148582
268021,9148582
268022,9148582
268023,9148582
268024,9148582
268025,9148582
268026,9148582
268028,9148582
268030,9148582
268031,9148582
268032,9148582
268033,9148582
268034,9148582
268036,9148582
268037,9148582
268038,9148582
268039,9148582
268040,9148582
268041,9148582
268042,9148582
268044,9148582
268046,9148582
268047,9148582
268048,9148582
268049,9148582
268050,9148582
79802,9156981
79804,9156981
79805,9156981
79806,9156981
79807,9156981
79808,9156981
79809,9156981
79810,9156981
79811,9156981
79812,9156981
79813,9156981
79815,9156981
79816,9156981
79817,9156981
79819,9156981
79820,9156981
79822,9156981
79823,9156981
79824,9156981
79826,9156981
79827,9156981
79828,9156981
79829,9156981
79830,9156981
79831,9156981
79832,9156981
79833,9156981
79834,9156981
79835,9156981
79836,9156981
79837,9156981
79839,9156981
79840,9156981
79842,9156981
79844,9156981
79845,9156981
79846,9156981
79847,9156981
79848,9156981
79850,9156981
35351,9156993
35352,9156993
35353,9156993
35354,9156993
35355,9156993
35357,9156993
35358,9156993
35359,9156993
35360,9156993
35361,9156993
35362,9156993
35363,9156993
35364,9156993
35365,9156993
35366,9156993
35368,9156993
35369,9156993
35370,9156993
35371,9156993
35372,9156993
35373,9156993
35374,9156993
35375,9156993
35379,9156993
35380,9156993
35381,9156993
35382,9156993
35383,9156993
35384,9156993
35385,9156993
35386,9156993
35389,9156993
35391,9156993
35392,9156993
35393,9156993
35395,9156993
35396,9156993
35398,9156993
35399,9156993
35400,9156993
72151,9157002
72152,9157002
72153,9157002
72154,9157002
72155,9157002
72156,9157002
72157,9157002
72158,9157002
72159,9157002
72160,9157002
72161,9157002
72162,9157002
72163,9157002
72164,9157002
72165,9157002
72166,9157002
72167,9157002
72168,9157002
72171,9157002
72172,9157002
72174,9157002
72175,9157002
72176,9157002
72177,9157002
72178,9157002
72182,9157002
72184,9157002
72185,9157002
72186,9157002
72187,9157002
72188,9157002
72189,9157002
72190,9157002
72192,9157002
72193,9157002
72194,9157002
72195,9157002
72197,9157002
72199,9157002
72200,9157002
42151,9157014
42152,9157014
42153,9157014
42154,9157014
42156,9157014
42157,9157014
42158,9157014
42159,9157014
42160,9157014
42161,9157014
42163,9157014
42164,9157014
42165,9157014
42166,9157014
42167,9157014
42168,9157014
42169,9157014
42170,9157014
42171,9157014
42172,9157014
42173,9157014
42174,9157014
42175,9157014
42176,9157014
42180,9157014
42181,9157014
42182,9157014
42184,9157014
42186,9157014
42187,9157014
42188,9157014
42189,9157014
42190,9157014
42191,9157014
42192,9157014
42193,9157014
42194,9157014
42196,9157014
42197,9157014
42199,9157014
32601,9169768
32602,9169768
32603,9169768
32604,9169768
32605,9169768
32607,9169768
32608,9169768
32610,9169768
32611,9169768
32612,9169768
32613,9169768
32614,9169768
32615,9169768
32616,9169768
32618,9169768
32619,9169768
32621,9169768
32622,9169768
32623,9169768
32624,9169768
32625,9169768
32626,9169768
32627,9169768
32630,9169768
32631,9169768
32632,9169768
32633,9169768
32635,9169768
32636,9169768
32637,9169768
32638,9169768
32639,9169768
32640,9169768
32641,9169768
32643,9169768
32645,9169768
32646,9169768
32647,9169768
32648,9169768
32650,9169768
53701,9174098
53703,9174098
53704,9174098
53705,9174098
53706,9174098
53707,9174098
53709,9174098
53712,9174098
53713,9174098
53715,9174098
53716,9174098
53718,9174098
53720,9174098
53721,9174098
53722,9174098
53723,9174098
53725,9174098
53726,9174098
53727,9174098
53728,9174098
53729,9174098
53730,9174098
53731,9174098
53732,9174098
53733,9174098
53734,9174098
53735,9174098
53736,9174098
53737,9174098
53738,9174098
53739,9174098
53740,9174098
53741,9174098
53742,9174098
53744,9174098
53746,9174098
53747,9174098
53748,9174098
53749,9174098
53750,9174098
68251,9174713
68252,9174713
68253,9174713
68254,9174713
68255,9174713
68256,9174713
68257,9174713
68258,9174713
68259,9174713
68260,9174713
68262,9174713
68263,9174713
68264,9174713
68267,9174713
68268,9174713
68269,9174713
68270,9174713
68273,9174713
68274,9174713
68275,9174713
68276,9174713
68277,9174713
68278,9174713
68279,9174713
68280,9174713
68281,9174713
68283,9174713
68284,9174713
68285,9174713
68286,9174713
68287,9174713
68288,9174713
68289,9174713
68292,9174713
68293,9174713
68295,9174713
68296,9174713
68298,9174713
68299,9174713
68300,9174713
68201,9183831
68202,9183831
68203,9183831
68204,9183831
68205,9183831
68206,9183831
68207,9183831
68208,9183831
68209,9183831
68212,9183831
68214,9183831
68216,9183831
68217,9183831
68219,9183831
68220,9183831
68221,9183831
68222,9183831
68223,9183831
68225,9183831
68226,9183831
68228,9183831
68229,9183831
68230,9183831
68231,9183831
68233,9183831
68234,9183831
68235,9183831
68237,9183831
68239,9183831
68240,9183831
68241,9183831
68242,9183831
68243,9183831
68244,9183831
68245,9183831
68246,9183831
68247,9183831
68248,9183831
68249,9183831
68250,9183831
53651,9183843
53652,9183843
53654,9183843
53655,9183843
53656,9183843
53657,9183843
53658,9183843
53659,9183843
53661,9183843
53662,9183843
53663,9183843
53664,9183843
53666,9183843
53667,9183843
53668,9183843
53669,9183843
53671,9183843
53672,9183843
53673,9183843
53674,9183843
53675,9183843
53676,9183843
53677,9183843
53679,9183843
53680,9183843
53681,9183843
53682,9183843
53683,9183843
53684,9183843
53685,9183843
53687,9183843
53688,9183843
53689,9183843
53691,9183843
53692,9183843
53693,9183843
53695,9183843
53696,9183843
53697,9183843
53698,9183843
25901,9186704
25902,9186704
25904,9186704
25906,9186704
25907,9186704
25909,9186704
25910,9186704
25911,9186704
25912,9186704
25913,9186704
25915,9186704
25916,9186704
25917,9186704
25918,9186704
25919,9186704
25920,9186704
25921,9186704
25922,9186704
25924,9186704
25925,9186704
25926,9186704
25927,9186704
25928,9186704
25929,9186704
25930,9186704
25931,9186704
25932,9186704
25933,9186704
25934,9186704
25935,9186704
25936,9186704
25937,9186704
25938,9186704
25939,9186704
25942,9186704
25943,9186704
25945,9186704
25946,9186704
25947,9186704
25949,9186704
51602,9186730
51603,9186730
51605,9186730
51606,9186730
51607,9186730
51608,9186730
51609,9186730
51610,9186730
51611,9186730
51612,9186730
51613,9186730
51614,9186730
51615,9186730
51616,9186730
51617,9186730
51619,9186730
51621,9186730
51622,9186730
51623,9186730
51624,9186730
51626,9186730
51627,9186730
51629,9186730
51631,9186730
51632,9186730
51633,9186730
51635,9186730
51636,9186730
51637,9186730
51638,9186730
51639,9186730
51641,9186730
51642,9186730
51644,9186730
51645,9186730
51646,9186730
51647,9186730
51648,9186730
51649,9186730
51650,9186730
20551,9191175
20552,9191175
20553,9191175
20554,9191175
20556,9191175
20557,9191175
20559,9191175
20560,9191175
20561,9191175
20563,9191175
20564,9191175
20565,9191175
20566,9191175
20567,9191175
20568,9191175
20569,9191175
20570,9191175
20571,9191175
20573,9191175
20574,9191175
20575,9191175
20576,9191175
20577,9191175
20578,9191175
20579,9191175
20580,9191175
20582,9191175
20583,9191175
20585,9191175
20586,9191175
20588,9191175
20589,9191175
20590,9191175
20591,9191175
20593,9191175
20594,9191175
20595,9191175
20597,9191175
20598,9191175
20600,9191175
21901,9204049
21903,9204049
21905,9204049
21906,9204049
21907,9204049
21908,9204049
21909,9204049
21910,9204049
21911,9204049
21912,9204049
21913,9204049
21914,9204049
21915,9204049
21917,9204049
21918,9204049
21919,9204049
21921,9204049
21922,9204049
21923,9204049
21925,9204049
21926,9204049
21927,9204049
21928,9204049
21929,9204049
21930,9204049
21931,9204049
21932,9204049
21933,9204049
21934,9204049
21935,9204049
21938,9204049
21939,9204049
21940,9204049
21942,9204049
21943,9204049
21944,9204049
21945,9204049
21948,9204049
21949,9204049
21950,9204049
325351,9223265
325353,9223265
325355,9223265
325356,9223265
325357,9223265
325358,9223265
325359,9223265
325361,9223265
325362,9223265
325363,9223265
325364,9223265
325365,9223265
325366,9223265
325367,9223265
325368,9223265
325369,9223265
325371,9223265
325373,9223265
325374,9223265
325375,9223265
325376,9223265
325379,9223265
325380,9223265
325382,9223265
325383,9223265
325385,9223265
325386,9223265
325387,9223265
325389,9223265
325390,9223265
325391,9223265
325392,9223265
325393,9223265
325394,9223265
325395,9223265
325396,9223265
325397,9223265
325398,9223265
325399,9223265
325400,9223265
387601,9223851
387602,9223851
387603,9223851
387604,9223851
387605,9223851
387606,9223851
387608,9223851
387609,9223851
387614,9223851
387615,9223851
387616,9223851
387618,9223851
387619,9223851
387620,9223851
387621,9223851
387622,9223851
387623,9223851
387624,9223851
387625,9223851
387626,9223851
387627,9223851
387628,9223851
387629,9223851
387630,9223851
387631,9223851
387632,9223851
387633,9223851
387634,9223851
387636,9223851
387637,9223851
387638,9223851
387640,9223851
387641,9223851
387642,9223851
387644,9223851
387645,9223851
387646,9223851
387647,9223851
387648,9223851
387649,9223851
73802,9234616
73803,9234616
73805,9234616
73806,9234616
73807,9234616
73808,9234616
73810,9234616
73812,9234616
73813,9234616
73814,9234616
73815,9234616
73816,9234616
73817,9234616
73819,9234616
73820,9234616
73822,9234616
73823,9234616
73824,9234616
73825,9234616
73826,9234616
73827,9234616
73828,9234616
73829,9234616
73830,9234616
73831,9234616
73832,9234616
73834,9234616
73835,9234616
73836,9234616
73837,9234616
73838,9234616
73840,9234616
73841,9234616
73843,9234616
73844,9234616
73845,9234616
73846,9234616
73847,9234616
73849,9234616
73850,9234616
65252,9234628
65253,9234628
65254,9234628
65255,9234628
65257,9234628
65258,9234628
65259,9234628
65260,9234628
65263,9234628
65264,9234628
65265,9234628
65266,9234628
65267,9234628
65268,9234628
65269,9234628
65270,9234628
65271,9234628
65272,9234628
65273,9234628
65274,9234628
65275,9234628
65276,9234628
65277,9234628
65278,9234628
65280,9234628
65281,9234628
65283,9234628
65284,9234628
65285,9234628
65286,9234628
65288,9234628
65289,9234628
65291,9234628
65293,9234628
65294,9234628
65295,9234628
65296,9234628
65297,9234628
65298,9234628
65299,9234628
324902,9236640
324903,9236640
324904,9236640
324905,9236640
324906,9236640
324907,9236640
324908,9236640
324909,9236640
324910,9236640
324911,9236640
324912,9236640
324914,9236640
324915,9236640
324916,9236640
324917,9236640
324918,9236640
324919,9236640
324920,9236640
324921,9236640
324923,9236640
324924,9236640
324926,9236640
324927,9236640
324928,9236640
324929,9236640
324931,9236640
324932,9236640
324934,9236640
324935,9236640
324936,9236640
324938,9236640
324939,9236640
324940,9236640
324941,9236640
324942,9236640
324943,9236640
324944,9236640
324946,9236640
324947,9236640
324950,9236640
43151,9242730
43152,9242730
43153,9242730
43155,9242730
43156,9242730
43157,9242730
43158,9242730
43159,9242730
43161,9242730
43162,9242730
43163,9242730
43164,9242730
43165,9242730
43166,9242730
43167,9242730
43168,9242730
43170,9242730
43172,9242730
43173,9242730
43175,9242730
43177,9242730
43178,9242730
43179,9242730
43180,9242730
43181,9242730
43182,9242730
43183,9242730
43184,9242730
43185,9242730
43186,9242730
43188,9242730
43189,9242730
43191,9242730
43192,9242730
43193,9242730
43194,9242730
43197,9242730
43198,9242730
43199,9242730
43200,9242730
308803,9244441
308805,9244441
308807,9244441
308808,9244441
308809,9244441
308811,9244441
308812,9244441
308813,9244441
308814,9244441
308815,9244441
308817,9244441
308818,9244441
308819,9244441
308820,9244441
308822,9244441
308823,9244441
308824,9244441
308825,9244441
308826,9244441
308827,9244441
308828,9244441
308829,9244441
308830,9244441
308831,9244441
308832,9244441
308833,9244441
308834,9244441
308835,9244441
308836,9244441
308837,9244441
308838,9244441
308839,9244441
308841,9244441
308842,9244441
308843,9244441
308844,9244441
308846,9244441
308847,9244441
308848,9244441
308850,9244441
39802,9247388
39805,9247388
39806,9247388
39808,9247388
39809,9247388
39810,9247388
39811,9247388
39813,9247388
39814,9247388
39816,9247388
39817,9247388
39818,9247388
39819,9247388
39820,9247388
39821,9247388
39823,9247388
39824,9247388
39825,9247388
39826,9247388
39827,9247388
39828,9247388
39829,9247388
39830,9247388
39831,9247388
39832,9247388
39833,9247388
39834,9247388
39835,9247388
39836,9247388
39838,9247388
39839,9247388
39840,9247388
39842,9247388
39843,9247388
39844,9247388
39845,9247388
39846,9247388
39848,9247388
39849,9247388
39850,9247388
243101,9251743
243102,9251743
243103,9251743
243105,9251743
243106,9251743
243107,9251743
243109,9251743
243111,9251743
243112,9251743
243113,9251743
243114,9251743
243115,9251743
243116,9251743
243117,9251743
243118,9251743
243119,9251743
243120,9251743
243122,9251743
243123,9251743
243125,9251743
243126,9251743
243127,9251743
243128,9251743
243129,9251743
243132,9251743
243133,9251743
243134,9251743
243135,9251743
243137,9251743
243138,9251743
243139,9251743
243140,9251743
243141,9251743
243142,9251743
243144,9251743
243145,9251743
243146,9251743
243147,9251743
243148,9251743
243149,9251743
102701,9255517
102702,9255517
102705,9255517
102706,9255517
102707,9255517
102708,9255517
102709,9255517
102712,9255517
102714,9255517
102715,9255517
102716,9255517
102718,9255517
102719,9255517
102720,9255517
102721,9255517
102722,9255517
102723,9255517
102724,9255517
102725,9255517
102726,9255517
102727,9255517
102728,9255517
102729,9255517
102730,9255517
102731,9255517
102732,9255517
102733,9255517
102734,9255517
102736,9255517
102739,9255517
102740,9255517
102741,9255517
102742,9255517
102743,9255517
102745,9255517
102746,9255517
102747,9255517
102748,9255517
102749,9255517
102750,9255517
333001,9260067
333003,9260067
333004,9260067
333005,9260067
333006,9260067
333008,9260067
333010,9260067
333011,9260067
333013,9260067
333014,9260067
333015,9260067
333016,9260067
333017,9260067
333018,9260067
333019,9260067
333021,9260067
333023,9260067
333024,9260067
333025,9260067
333026,9260067
333027,9260067
333028,9260067
333030,9260067
333031,9260067
333032,9260067
333033,9260067
333034,9260067
333035,9260067
333036,9260067
333037,9260067
333038,9260067
333039,9260067
333040,9260067
333041,9260067
333042,9260067
333043,9260067
333044,9260067
333046,9260067
333047,9260067
333050,9260067
266351,9260263
266352,9260263
266353,9260263
266354,9260263
266355,9260263
266356,9260263
266357,9260263
266358,9260263
266359,9260263
266361,9260263
266362,9260263
266363,9260263
266365,9260263
266366,9260263
266367,9260263
266368,9260263
266370,9260263
266371,9260263
266373,9260263
266374,9260263
266375,9260263
266376,9260263
266378,9260263
266379,9260263
266380,9260263
266381,9260263
266382,9260263
266384,9260263
266385,9260263
266386,9260263
266387,9260263
266388,9260263
266389,9260263
266390,9260263
266392,9260263
266396,9260263
266397,9260263
266398,9260263
266399,9260263
266400,9260263
149152,9260407
149154,9260407
149155,9260407
149156,9260407
149157,9260407
149158,9260407
149159,9260407
149160,9260407
149162,9260407
149163,9260407
149164,9260407
149166,9260407
149167,9260407
149168,9260407
149169,9260407
149170,9260407
149171,9260407
149172,9260407
149173,9260407
149176,9260407
149177,9260407
149179,9260407
149180,9260407
149181,9260407
149182,9260407
149183,9260407
149185,9260407
149186,9260407
149188,9260407
149189,9260407
149190,9260407
149191,9260407
149192,9260407
149193,9260407
149194,9260407
149196,9260407
149197,9260407
149198,9260407
149199,9260407
149200,9260407
139955,9261396
139956,9261396
139957,9261396
139958,9261396
139959,9261396
139960,9261396
139962,9261396
139963,9261396
139964,9261396
139965,9261396
139966,9261396
139967,9261396
139968,9261396
139969,9261396
139970,9261396
139973,9261396
139975,9261396
139976,9261396
139977,9261396
139978,9261396
139979,9261396
139980,9261396
139981,9261396
139982,9261396
139983,9261396
139984,9261396
139985,9261396
139987,9261396
139989,9261396
139990,9261396
139991,9261396
139992,9261396
139993,9261396
139994,9261396
139995,9261396
139996,9261396
139997,9261396
139998,9261396
139999,9261396
140000,9261396
386901,9262091
386902,9262091
386903,9262091
386904,9262091
386905,9262091
386907,9262091
386908,9262091
386909,9262091
386910,9262091
386911,9262091
386913,9262091
386914,9262091
386916,9262091
386917,9262091
386918,9262091
386919,9262091
386920,9262091
386921,9262091
386922,9262091
386923,9262091
386925,9262091
386926,9262091
386927,9262091
386928,9262091
386929,9262091
386930,9262091
386931,9262091
386933,9262091
386934,9262091
386935,9262091
386936,9262091
386938,9262091
386939,9262091
386940,9262091
386941,9262091
386942,9262091
386943,9262091
386944,9262091
386949,9262091
386950,9262091
75451,9264283
75452,9264283
75453,9264283
75454,9264283
75455,9264283
75457,9264283
75459,9264283
75460,9264283
75462,9264283
75463,9264283
75464,9264283
75466,9264283
75467,9264283
75468,9264283
75470,9264283
75471,9264283
75472,9264283
75474,9264283
75475,9264283
75476,9264283
75477,9264283
75478,9264283
75480,9264283
75481,9264283
75482,9264283
75483,9264283
75484,9264283
75485,9264283
75486,9264283
75487,9264283
75488,9264283
75489,9264283
75490,9264283
75491,9264283
75493,9264283
75494,9264283
75496,9264283
75497,9264283
75498,9264283
75500,9264283
82753,9265249
82754,9265249
82755,9265249
82756,9265249
82757,9265249
82758,9265249
82759,9265249
82760,9265249
82761,9265249
82762,9265249
82763,9265249
82764,9265249
82765,9265249
82766,9265249
82767,9265249
82768,9265249
82769,9265249
82770,9265249
82772,9265249
82774,9265249
82775,9265249
82776,9265249
82778,9265249
82779,9265249
82781,9265249
82784,9265249
82785,9265249
82786,9265249
82787,9265249
82788,9265249
82789,9265249
82790,9265249
82792,9265249
82793,9265249
82794,9265249
82795,9265249
82796,9265249
82798,9265249
82799,9265249
82800,9265249
376501,9266243
376502,9266243
376503,9266243
376504,9266243
376505,9266243
376507,9266243
376509,9266243
376511,9266243
376512,9266243
376515,9266243
376516,9266243
376517,9266243
376519,9266243
376520,9266243
376522,9266243
376524,9266243
376525,9266243
376526,9266243
376527,9266243
376528,9266243
376529,9266243
376530,9266243
376531,9266243
376532,9266243
376533,9266243
376534,9266243
376535,9266243
376537,9266243
376538,9266243
376539,9266243
376540,9266243
376541,9266243
376542,9266243
376543,9266243
376544,9266243
376545,9266243
376546,9266243
376548,9266243
376549,9266243
376550,9266243
27452,9268241
27453,9268241
27454,9268241
27455,9268241
27456,9268241
27457,9268241
27458,9268241
27459,9268241
27460,9268241
27462,9268241
27463,9268241
27465,9268241
27466,9268241
27467,9268241
27469,9268241
27470,9268241
27471,9268241
27472,9268241
27473,9268241
27475,9268241
27476,9268241
27477,9268241
27480,9268241
27481,9268241
27482,9268241
27484,9268241
27485,9268241
27486,9268241
27487,9268241
27488,9268241
27489,9268241
27490,9268241
27491,9268241
27492,9268241
27494,9268241
27495,9268241
27496,9268241
27497,9268241
27498,9268241
27500,9268241
38352,9268253
38353,9268253
38354,9268253
38355,9268253
38356,9268253
38357,9268253
38358,9268253
38359,9268253
38360,9268253
38361,9268253
38362,9268253
38363,9268253
38364,9268253
38365,9268253
38366,9268253
38368,9268253
38369,9268253
38371,9268253
38372,9268253
38373,9268253
38374,9268253
38375,9268253
38376,9268253
38377,9268253
38378,9268253
38379,9268253
38382,9268253
38383,9268253
38384,9268253
38385,9268253
38386,9268253
38389,9268253
38390,9268253
38391,9268253
38392,9268253
38393,9268253
38394,9268253
38396,9268253
38397,9268253
38399,9268253
10352,9268631
10353,9268631
10354,9268631
10355,9268631
10359,9268631
10360,9268631
10361,9268631
10362,9268631
10363,9268631
10364,9268631
10365,9268631
10366,9268631
10367,9268631
10368,9268631
10369,9268631
10370,9268631
10371,9268631
10372,9268631
10374,9268631
10375,9268631
10376,9268631
10377,9268631
10378,9268631
10379,9268631
10380,9268631
10381,9268631
10382,9268631
10383,9268631
10384,9268631
10385,9268631
10387,9268631
10388,9268631
10391,9268631
10393,9268631
10394,9268631
10395,9268631
10396,9268631
10397,9268631
10399,9268631
10400,9268631
91052,9272761
91053,9272761
91054,9272761
91055,9272761
91056,9272761
91057,9272761
91058,9272761
91059,9272761
91060,9272761
91061,9272761
91062,9272761
91065,9272761
91066,9272761
91067,9272761
91068,9272761
91069,9272761
91070,9272761
91071,9272761
91072,9272761
91073,9272761
91074,9272761
91075,9272761
91077,9272761
91079,9272761
91081,9272761
91082,9272761
91083,9272761
91085,9272761
91086,9272761
91087,9272761
91088,9272761
91089,9272761
91090,9272761
91092,9272761
91093,9272761
91094,9272761
91095,9272761
91097,9272761
91098,9272761
91099,9272761
332952,9274305
332953,9274305
332954,9274305
332955,9274305
332957,9274305
332958,9274305
332959,9274305
332960,9274305
332961,9274305
332962,9274305
332963,9274305
332964,9274305
332966,9274305
332967,9274305
332968,9274305
332969,9274305
332971,9274305
332972,9274305
332973,9274305
332974,9274305
332975,9274305
332977,9274305
332978,9274305
332979,9274305
332980,9274305
332981,9274305
332982,9274305
332983,9274305
332985,9274305
332987,9274305
332988,9274305
332989,9274305
332990,9274305
332991,9274305
332993,9274305
332995,9274305
332997,9274305
332998,9274305
332999,9274305
333000,9274305
152701,9274628
152702,9274628
152703,9274628
152704,9274628
152705,9274628
152706,9274628
152707,9274628
152708,9274628
152709,9274628
152710,9274628
152711,9274628
152713,9274628
152714,9274628
152715,9274628
152716,9274628
152717,9274628
152718,9274628
152719,9274628
152720,9274628
152721,9274628
152722,9274628
152723,9274628
152726,9274628
152727,9274628
152728,9274628
152729,9274628
152732,9274628
152733,9274628
152734,9274628
152736,9274628
152738,9274628
152739,9274628
152740,9274628
152741,9274628
152743,9274628
152746,9274628
152747,9274628
152748,9274628
152749,9274628
152750,9274628
79351,9274630
79352,9274630
79354,9274630
79355,9274630
79356,9274630
79360,9274630
79361,9274630
79362,9274630
79363,9274630
79365,9274630
79366,9274630
79367,9274630
79369,9274630
79371,9274630
79372,9274630
79373,9274630
79374,9274630
79375,9274630
79376,9274630
79377,9274630
79378,9274630
79379,9274630
79380,9274630
79381,9274630
79382,9274630
79384,9274630
79385,9274630
79386,9274630
79387,9274630
79388,9274630
79389,9274630
79390,9274630
79391,9274630
79393,9274630
79394,9274630
79395,9274630
79396,9274630
79398,9274630
79399,9274630
79400,9274630
294001,9276224
294002,9276224
294003,9276224
294004,9276224
294005,9276224
294006,9276224
294010,9276224
294011,9276224
294012,9276224
294013,9276224
294014,9276224
294016,9276224
294017,9276224
294019,9276224
294020,9276224
294021,9276224
294022,9276224
294024,9276224
294025,9276224
294026,9276224
294027,9276224
294028,9276224
294029,9276224
294030,9276224
294031,9276224
294032,9276224
294033,9276224
294034,9276224
294035,9276224
294036,9276224
294037,9276224
294038,9276224
294040,9276224
294042,9276224
294043,9276224
294044,9276224
294046,9276224
294047,9276224
294049,9276224
294050,9276224
340301,9278480
340303,9278480
340305,9278480
340306,9278480
340307,9278480
340308,9278480
340309,9278480
340310,9278480
340311,9278480
340313,9278480
340314,9278480
340315,9278480
340316,9278480
340317,9278480
340318,9278480
340319,9278480
340321,9278480
340322,9278480
340323,9278480
340325,9278480
340328,9278480
340329,9278480
340331,9278480
340332,9278480
340333,9278480
340334,9278480
340335,9278480
340336,9278480
340337,9278480
340338,9278480
340340,9278480
340341,9278480
340342,9278480
340343,9278480
340344,9278480
340346,9278480
340347,9278480
340348,9278480
340349,9278480
340350,9278480
279953,9284439
279954,9284439
279956,9284439
279958,9284439
279960,9284439
279961,9284439
279962,9284439
279963,9284439
279964,9284439
279965,9284439
279966,9284439
279968,9284439
279969,9284439
279970,9284439
279972,9284439
279973,9284439
279974,9284439
279975,9284439
279977,9284439
279979,9284439
279980,9284439
279982,9284439
279983,9284439
279984,9284439
279985,9284439
279986,9284439
279987,9284439
279988,9284439
279989,9284439
279990,9284439
279991,9284439
279992,9284439
279993,9284439
279994,9284439
279995,9284439
279996,9284439
279997,9284439
279998,9284439
279999,9284439
280000,9284439
39751,9284647
39752,9284647
39753,9284647
39754,9284647
39756,9284647
39757,9284647
39758,9284647
39762,9284647
39763,9284647
39765,9284647
39767,9284647
39768,9284647
39769,9284647
39771,9284647
39772,9284647
39773,9284647
39774,9284647
39775,9284647
39776,9284647
39777,9284647
39778,9284647
39779,9284647
39780,9284647
39781,9284647
39782,9284647
39783,9284647
39784,9284647
39785,9284647
39786,9284647
39787,9284647
39789,9284647
39791,9284647
39792,9284647
39793,9284647
39794,9284647
39795,9284647
39796,9284647
39797,9284647
39798,9284647
39800,9284647
376301,9290517
376302,9290517
376303,9290517
376304,9290517
376305,9290517
376306,9290517
376308,9290517
376309,9290517
376311,9290517
376313,9290517
376314,9290517
376315,9290517
376317,9290517
376319,9290517
376320,9290517
376321,9290517
376322,9290517
376323,9290517
376324,9290517
376325,9290517
376326,9290517
376327,9290517
376328,9290517
376329,9290517
376330,9290517
376331,9290517
376333,9290517
376336,9290517
376337,9290517
376338,9290517
376340,9290517
376341,9290517
376343,9290517
376344,9290517
376345,9290517
376346,9290517
376347,9290517
376348,9290517
376349,9290517
376350,9290517
349401,9290608
349403,9290608
349404,9290608
349405,9290608
349406,9290608
349407,9290608
349408,9290608
349409,9290608
349410,9290608
349412,9290608
349413,9290608
349414,9290608
349416,9290608
349417,9290608
349418,9290608
349420,9290608
349422,9290608
349423,9290608
349425,9290608
349426,9290608
349427,9290608
349428,9290608
349429,9290608
349430,9290608
349431,9290608
349432,9290608
349434,9290608
349436,9290608
349437,9290608
349438,9290608
349439,9290608
349440,9290608
349441,9290608
349442,9290608
349444,9290608
349445,9290608
349446,9290608
349447,9290608
349449,9290608
349450,9290608
102501,9294616
102502,9294616
102505,9294616
102506,9294616
102507,9294616
102508,9294616
102511,9294616
102512,9294616
102513,9294616
102514,9294616
102515,9294616
102516,9294616
102518,9294616
102519,9294616
102521,9294616
102522,9294616
102523,9294616
102524,9294616
102525,9294616
102528,9294616
102529,9294616
102530,9294616
102531,9294616
102532,9294616
102534,9294616
102535,9294616
102536,9294616
102537,9294616
102538,9294616
102539,9294616
102540,9294616
102541,9294616
102542,9294616
102543,9294616
102544,9294616
102546,9294616
102547,9294616
102548,9294616
102549,9294616
102550,9294616
286451,9294795
286453,9294795
286454,9294795
286455,9294795
286456,9294795
286457,9294795
286458,9294795
286459,9294795
286460,9294795
286462,9294795
286463,9294795
286464,9294795
286465,9294795
286466,9294795
286467,9294795
286468,9294795
286470,9294795
286471,9294795
286472,9294795
286473,9294795
286474,9294795
286476,9294795
286477,9294795
286478,9294795
286481,9294795
286482,9294795
286483,9294795
286484,9294795
286485,9294795
286486,9294795
286487,9294795
286488,9294795
286490,9294795
286491,9294795
286492,9294795
286495,9294795
286497,9294795
286498,9294795
286499,9294795
286500,9294795
90951,9295426
90952,9295426
90954,9295426
90955,9295426
90956,9295426
90957,9295426
90958,9295426
90959,9295426
90961,9295426
90962,9295426
90963,9295426
90964,9295426
90965,9295426
90966,9295426
90967,9295426
90969,9295426
90970,9295426
90972,9295426
90973,9295426
90974,9295426
90975,9295426
90976,9295426
90977,9295426
90979,9295426
90980,9295426
90981,9295426
90983,9295426
90984,9295426
90985,9295426
90989,9295426
90990,9295426
90991,9295426
90992,9295426
90993,9295426
90995,9295426
90996,9295426
90997,9295426
90998,9295426
90999,9295426
91000,9295426
84751,9295438
84752,9295438
84753,9295438
84754,9295438
84755,9295438
84756,9295438
84757,9295438
84758,9295438
84759,9295438
84760,9295438
84761,9295438
84763,9295438
84764,9295438
84765,9295438
84766,9295438
84767,9295438
84768,9295438
84769,9295438
84771,9295438
84772,9295438
84773,9295438
84775,9295438
84776,9295438
84777,9295438
84779,9295438
84780,9295438
84782,9295438
84783,9295438
84785,9295438
84786,9295438
84787,9295438
84789,9295438
84790,9295438
84791,9295438
84792,9295438
84793,9295438
84795,9295438
84796,9295438
84798,9295438
84800,9295438
81151,9295440
81152,9295440
81153,9295440
81155,9295440
81157,9295440
81158,9295440
81159,9295440
81160,9295440
81161,9295440
81162,9295440
81164,9295440
81166,9295440
81167,9295440
81168,9295440
81169,9295440
81170,9295440
81171,9295440
81173,9295440
81174,9295440
81175,9295440
81176,9295440
81178,9295440
81181,9295440
81183,9295440
81184,9295440
81185,9295440
81186,9295440
81187,9295440
81188,9295440
81189,9295440
81190,9295440
81191,9295440
81192,9295440
81193,9295440
81194,9295440
81195,9295440
81196,9295440
81197,9295440
81199,9295440
81200,9295440
124251,9298181
124252,9298181
124253,9298181
124254,9298181
124256,9298181
124258,9298181
124259,9298181
124260,9298181
124261,9298181
124262,9298181
124263,9298181
124264,9298181
124265,9298181
124266,9298181
124267,9298181
124268,9298181
124269,9298181
124270,9298181
124272,9298181
124273,9298181
124274,9298181
124275,9298181
124277,9298181
124278,9298181
124280,9298181
124282,9298181
124283,9298181
124285,9298181
124286,9298181
124287,9298181
124289,9298181
124290,9298181
124291,9298181
124292,9298181
124293,9298181
124294,9298181
124295,9298181
124296,9298181
124298,9298181
124299,9298181
208001,9298387
208002,9298387
208003,9298387
208004,9298387
208005,9298387
208006,9298387
208007,9298387
208008,9298387
208011,9298387
208012,9298387
208013,9298387
208014,9298387
208015,9298387
208017,9298387
208018,9298387
208019,9298387
208020,9298387
208021,9298387
208022,9298387
208024,9298387
208026,9298387
208027,9298387
208028,9298387
208029,9298387
208030,9298387
208031,9298387
208032,9298387
208033,9298387
208035,9298387
208036,9298387
208037,9298387
208039,9298387
208040,9298387
208042,9298387
208043,9298387
208044,9298387
208046,9298387
208048,9298387
208049,9298387
208050,9298387
293453,9298507
293454,9298507
293455,9298507
293457,9298507
293458,9298507
293459,9298507
293461,9298507
293462,9298507
293463,9298507
293464,9298507
293465,9298507
293466,9298507
293467,9298507
293468,9298507
293469,9298507
293470,9298507
293471,9298507
293472,9298507
293473,9298507
293474,9298507
293475,9298507
293476,9298507
293477,9298507
293479,9298507
293481,9298507
293482,9298507
293483,9298507
293484,9298507
293485,9298507
293486,9298507
293487,9298507
293489,9298507
293490,9298507
293491,9298507
293492,9298507
293493,9298507
293495,9298507
293496,9298507
293497,9298507
293498,9298507
272901,9302671
272902,9302671
272903,9302671
272904,9302671
272905,9302671
272906,9302671
272907,9302671
272908,9302671
272909,9302671
272912,9302671
272914,9302671
272915,9302671
272916,9302671
272918,9302671
272920,9302671
272921,9302671
272922,9302671
272924,9302671
272925,9302671
272926,9302671
272927,9302671
272929,9302671
272930,9302671
272931,9302671
272932,9302671
272933,9302671
272934,9302671
272935,9302671
272936,9302671
272937,9302671
272939,9302671
272940,9302671
272941,9302671
272943,9302671
272944,9302671
272945,9302671
272946,9302671
272947,9302671
272949,9302671
272950,9302671
102401,9305403
102402,9305403
102404,9305403
102406,9305403
102408,9305403
102409,9305403
102410,9305403
102411,9305403
102412,9305403
102414,9305403
102415,9305403
102417,9305403
102420,9305403
102421,9305403
102424,9305403
102425,9305403
102426,9305403
102428,9305403
102429,9305403
102430,9305403
102431,9305403
102432,9305403
102433,9305403
102434,9305403
102435,9305403
102436,9305403
102437,9305403
102438,9305403
102439,9305403
102440,9305403
102441,9305403
102442,9305403
102443,9305403
102444,9305403
102445,9305403
102446,9305403
102447,9305403
102448,9305403
102449,9305403
102450,9305403
259352,9305855
259353,9305855
259354,9305855
259355,9305855
259356,9305855
259357,9305855
259358,9305855
259359,9305855
259360,9305855
259361,9305855
259364,9305855
259365,9305855
259367,9305855
259368,9305855
259369,9305855
259370,9305855
259372,9305855
259373,9305855
259374,9305855
259375,9305855
259376,9305855
259377,9305855
259379,9305855
259380,9305855
259381,9305855
259382,9305855
259384,9305855
259385,9305855
259386,9305855
259387,9305855
259388,9305855
259389,9305855
259390,9305855
259391,9305855
259394,9305855
259396,9305855
259397,9305855
259398,9305855
259399,9305855
259400,9305855
286301,9307437
286302,9307437
286303,9307437
286304,9307437
286305,9307437
286306,9307437
286307,9307437
286308,9307437
286309,9307437
286313,9307437
286314,9307437
286315,9307437
286316,9307437
286317,9307437
286318,9307437
286319,9307437
286321,9307437
286322,9307437
286323,9307437
286324,9307437
286325,9307437
286326,9307437
286327,9307437
286328,9307437
286329,9307437
286330,9307437
286333,9307437
286334,9307437
286336,9307437
286339,9307437
286340,9307437
286341,9307437
286342,9307437
286343,9307437
286344,9307437
286346,9307437
286347,9307437
286348,9307437
286349,9307437
286350,9307437
315051,9308900
315053,9308900
315054,9308900
315057,9308900
315058,9308900
315059,9308900
315060,9308900
315061,9308900
315063,9308900
315064,9308900
315066,9308900
315067,9308900
315068,9308900
315069,9308900
315070,9308900
315072,9308900
315073,9308900
315074,9308900
315075,9308900
315076,9308900
315077,9308900
315079,9308900
315080,9308900
315081,9308900
315082,9308900
315083,9308900
315084,9308900
315085,9308900
315086,9308900
315087,9308900
315088,9308900
315089,9308900
315090,9308900
315091,9308900
315094,9308900
315095,9308900
315096,9308900
315097,9308900
315099,9308900
315100,9308900
127101,9309227
127104,9309227
127105,9309227
127106,9309227
127107,9309227
127108,9309227
127110,9309227
127111,9309227
127112,9309227
127113,9309227
127114,9309227
127115,9309227
127116,9309227
127117,9309227
127118,9309227
127119,9309227
127120,9309227
127123,9309227
127124,9309227
127126,9309227
127127,9309227
127128,9309227
127131,9309227
127132,9309227
127133,9309227
127134,9309227
127135,9309227
127136,9309227
127137,9309227
127138,9309227
127139,9309227
127140,9309227
127141,9309227
127142,9309227
127144,9309227
127145,9309227
127147,9309227
127148,9309227
127149,9309227
127150,9309227
48601,9311634
48602,9311634
48603,9311634
48605,9311634
48608,9311634
48609,9311634
48611,9311634
48612,9311634
48614,9311634
48615,9311634
48616,9311634
48617,9311634
48618,9311634
48620,9311634
48621,9311634
48622,9311634
48623,9311634
48624,9311634
48625,9311634
48626,9311634
48627,9311634
48629,9311634
48630,9311634
48631,9311634
48632,9311634
48633,9311634
48635,9311634
48636,9311634
48637,9311634
48638,9311634
48639,9311634
48640,9311634
48641,9311634
48643,9311634
48644,9311634
48645,9311634
48647,9311634
48648,9311634
48649,9311634
48650,9311634
171851,9311646
171852,9311646
171853,9311646
171855,9311646
171856,9311646
171857,9311646
171858,9311646
171859,9311646
171861,9311646
171863,9311646
171864,9311646
171865,9311646
171866,9311646
171869,9311646
171870,9311646
171872,9311646
171874,9311646
171876,9311646
171877,9311646
171878,9311646
171879,9311646
171880,9311646
171881,9311646
171882,9311646
171883,9311646
171884,9311646
171885,9311646
171887,9311646
171888,9311646
171889,9311646
171890,9311646
171891,9311646
171893,9311646
171894,9311646
171895,9311646
171896,9311646
171897,9311646
171898,9311646
171899,9311646
171900,9311646
357402,9318034
357405,9318034
357406,9318034
357408,9318034
357409,9318034
357410,9318034
357411,9318034
357412,9318034
357413,9318034
357414,9318034
357415,9318034
357416,9318034
357418,9318034
357419,9318034
357421,9318034
357422,9318034
357423,9318034
357424,9318034
357425,9318034
357426,9318034
357427,9318034
357428,9318034
357429,9318034
357430,9318034
357432,9318034
357433,9318034
357434,9318034
357435,9318034
357436,9318034
357438,9318034
357439,9318034
357440,9318034
357441,9318034
357442,9318034
357443,9318034
357444,9318034
357446,9318034
357447,9318034
357448,9318034
357450,9318034
357351,9318333
357352,9318333
357353,9318333
357354,9318333
357355,9318333
357357,9318333
357358,9318333
357359,9318333
357360,9318333
357361,9318333
357362,9318333
357363,9318333
357365,9318333
357366,9318333
357367,9318333
357368,9318333
357369,9318333
357370,9318333
357371,9318333
357372,9318333
357373,9318333
357374,9318333
357375,9318333
357376,9318333
357377,9318333
357380,9318333
357381,9318333
357382,9318333
357383,9318333
357385,9318333
357386,9318333
357389,9318333
357390,9318333
357391,9318333
357392,9318333
357394,9318333
357395,9318333
357396,9318333
357397,9318333
357399,9318333
171651,9321639
171652,9321639
171654,9321639
171655,9321639
171657,9321639
171658,9321639
171659,9321639
171660,9321639
171661,9321639
171662,9321639
171663,9321639
171664,9321639
171665,9321639
171666,9321639
171669,9321639
171670,9321639
171672,9321639
171673,9321639
171674,9321639
171675,9321639
171676,9321639
171677,9321639
171678,9321639
171679,9321639
171681,9321639
171682,9321639
171683,9321639
171684,9321639
171686,9321639
171687,9321639
171688,9321639
171689,9321639
171691,9321639
171692,9321639
171693,9321639
171694,9321639
171695,9321639
171696,9321639
171697,9321639
171698,9321639
121351,9321641
121352,9321641
121353,9321641
121354,9321641
121356,9321641
121357,9321641
121358,9321641
121360,9321641
121363,9321641
121364,9321641
121365,9321641
121366,9321641
121367,9321641
121368,9321641
121369,9321641
121370,9321641
121372,9321641
121374,9321641
121375,9321641
121376,9321641
121377,9321641
121378,9321641
121379,9321641
121381,9321641
121382,9321641
121383,9321641
121385,9321641
121386,9321641
121387,9321641
121388,9321641
121389,9321641
121391,9321641
121392,9321641
121393,9321641
121394,9321641
121395,9321641
121397,9321641
121398,9321641
121399,9321641
121400,9321641
332201,9321873
332202,9321873
332203,9321873
332204,9321873
332205,9321873
332206,9321873
332207,9321873
332208,9321873
332209,9321873
332211,9321873
332212,9321873
332214,9321873
332215,9321873
332216,9321873
332217,9321873
332218,9321873
332219,9321873
332221,9321873
332225,9321873
332227,9321873
332228,9321873
332229,9321873
332230,9321873
332231,9321873
332233,9321873
332234,9321873
332235,9321873
332236,9321873
332237,9321873
332238,9321873
332239,9321873
332240,9321873
332241,9321873
332242,9321873
332243,9321873
332244,9321873
332246,9321873
332247,9321873
332249,9321873
332250,9321873
162952,9322994
162954,9322994
162955,9322994
162956,9322994
162957,9322994
162959,9322994
162960,9322994
162962,9322994
162963,9322994
162964,9322994
162965,9322994
162966,9322994
162967,9322994
162969,9322994
162970,9322994
162971,9322994
162972,9322994
162973,9322994
162974,9322994
162978,9322994
162979,9322994
162980,9322994
162981,9322994
162982,9322994
162983,9322994
162984,9322994
162985,9322994
162987,9322994
162988,9322994
162990,9322994
162991,9322994
162992,9322994
162993,9322994
162994,9322994
162995,9322994
162996,9322994
162997,9322994
162998,9322994
162999,9322994
163000,9322994
63901,9327097
63902,9327097
63903,9327097
63904,9327097
63905,9327097
63906,9327097
63907,9327097
63908,9327097
63909,9327097
63911,9327097
63913,9327097
63914,9327097
63915,9327097
63916,9327097
63917,9327097
63918,9327097
63919,9327097
63920,9327097
63922,9327097
63923,9327097
63924,9327097
63926,9327097
63927,9327097
63929,9327097
63930,9327097
63931,9327097
63932,9327097
63934,9327097
63935,9327097
63936,9327097
63937,9327097
63940,9327097
63941,9327097
63942,9327097
63943,9327097
63944,9327097
63945,9327097
63946,9327097
63947,9327097
63949,9327097
73451,9327102
73453,9327102
73454,9327102
73455,9327102
73456,9327102
73458,9327102
73459,9327102
73460,9327102
73461,9327102
73462,9327102
73463,9327102
73464,9327102
73465,9327102
73466,9327102
73467,9327102
73469,9327102
73470,9327102
73472,9327102
73473,9327102
73476,9327102
73477,9327102
73478,9327102
73479,9327102
73481,9327102
73482,9327102
73484,9327102
73485,9327102
73486,9327102
73487,9327102
73488,9327102
73489,9327102
73490,9327102
73492,9327102
73493,9327102
73494,9327102
73495,9327102
73497,9327102
73498,9327102
73499,9327102
73500,9327102
26851,9330185
26852,9330185
26853,9330185
26854,9330185
26856,9330185
26857,9330185
26858,9330185
26860,9330185
26861,9330185
26862,9330185
26863,9330185
26864,9330185
26865,9330185
26866,9330185
26867,9330185
26869,9330185
26870,9330185
26873,9330185
26874,9330185
26876,9330185
26877,9330185
26878,9330185
26879,9330185
26880,9330185
26881,9330185
26882,9330185
26883,9330185
26885,9330185
26886,9330185
26887,9330185
26888,9330185
26889,9330185
26890,9330185
26892,9330185
26893,9330185
26895,9330185
26896,9330185
26897,9330185
26899,9330185
26900,9330185
385501,9334430
385502,9334430
385504,9334430
385505,9334430
385506,9334430
385507,9334430
385509,9334430
385510,9334430
385514,9334430
385515,9334430
385516,9334430
385517,9334430
385518,9334430
385519,9334430
385521,9334430
385524,9334430
385525,9334430
385526,9334430
385527,9334430
385528,9334430
385529,9334430
385530,9334430
385531,9334430
385533,9334430
385534,9334430
385536,9334430
385537,9334430
385538,9334430
385539,9334430
385540,9334430
385541,9334430
385542,9334430
385543,9334430
385544,9334430
385545,9334430
385546,9334430
385547,9334430
385548,9334430
385549,9334430
385550,9334430
247751,9337286
247753,9337286
247755,9337286
247756,9337286
247757,9337286
247762,9337286
247763,9337286
247764,9337286
247765,9337286
247766,9337286
247767,9337286
247768,9337286
247769,9337286
247770,9337286
247772,9337286
247774,9337286
247775,9337286
247776,9337286
247777,9337286
247778,9337286
247779,9337286
247780,9337286
247781,9337286
247782,9337286
247783,9337286
247784,9337286
247785,9337286
247786,9337286
247787,9337286
247788,9337286
247790,9337286
247791,9337286
247792,9337286
247793,9337286
247795,9337286
247796,9337286
247797,9337286
247798,9337286
247799,9337286
247800,9337286
323051,9340350
323053,9340350
323054,9340350
323055,9340350
323056,9340350
323057,9340350
323058,9340350
323059,9340350
323061,9340350
323062,9340350
323063,9340350
323064,9340350
323065,9340350
323066,9340350
323067,9340350
323068,9340350
323070,9340350
323071,9340350
323072,9340350
323073,9340350
323074,9340350
323076,9340350
323077,9340350
323078,9340350
323079,9340350
323082,9340350
323083,9340350
323084,9340350
323085,9340350
323087,9340350
323089,9340350
323090,9340350
323091,9340350
323092,9340350
323093,9340350
323094,9340350
323095,9340350
323096,9340350
323098,9340350
323100,9340350
63801,9340398
63802,9340398
63803,9340398
63804,9340398
63807,9340398
63808,9340398
63810,9340398
63811,9340398
63812,9340398
63813,9340398
63816,9340398
63818,9340398
63821,9340398
63822,9340398
63823,9340398
63824,9340398
63825,9340398
63826,9340398
63827,9340398
63828,9340398
63829,9340398
63830,9340398
63831,9340398
63832,9340398
63833,9340398
63834,9340398
63836,9340398
63837,9340398
63838,9340398
63839,9340398
63840,9340398
63841,9340398
63842,9340398
63843,9340398
63844,9340398
63845,9340398
63847,9340398
63848,9340398
63849,9340398
63850,9340398
323001,9340453
323002,9340453
323003,9340453
323004,9340453
323005,9340453
323006,9340453
323007,9340453
323008,9340453
323011,9340453
323012,9340453
323013,9340453
323014,9340453
323015,9340453
323017,9340453
323018,9340453
323019,9340453
323020,9340453
323022,9340453
323023,9340453
323024,9340453
323025,9340453
323027,9340453
323030,9340453
323031,9340453
323032,9340453
323033,9340453
323034,9340453
323035,9340453
323037,9340453
323038,9340453
323039,9340453
323040,9340453
323041,9340453
323042,9340453
323043,9340453
323045,9340453
323046,9340453
323047,9340453
323048,9340453
323049,9340453
118501,9344320
118502,9344320
118503,9344320
118504,9344320
118505,9344320
118506,9344320
118509,9344320
118510,9344320
118511,9344320
118512,9344320
118513,9344320
118514,9344320
118516,9344320
118518,9344320
118519,9344320
118521,9344320
118522,9344320
118523,9344320
118525,9344320
118526,9344320
118527,9344320
118528,9344320
118529,9344320
118530,9344320
118531,9344320
118533,9344320
118534,9344320
118535,9344320
118536,9344320
118537,9344320
118538,9344320
118540,9344320
118541,9344320
118543,9344320
118544,9344320
118545,9344320
118546,9344320
118548,9344320
118549,9344320
118550,9344320
247451,9352066
247452,9352066
247455,9352066
247456,9352066
247457,9352066
247458,9352066
247460,9352066
247461,9352066
247462,9352066
247463,9352066
247464,9352066
247466,9352066
247468,9352066
247469,9352066
247470,9352066
247471,9352066
247472,9352066
247473,9352066
247474,9352066
247476,9352066
247477,9352066
247478,9352066
247479,9352066
247480,9352066
247481,9352066
247482,9352066
247484,9352066
247485,9352066
247486,9352066
247488,9352066
247489,9352066
247490,9352066
247491,9352066
247492,9352066
247494,9352066
247495,9352066
247496,9352066
247497,9352066
247498,9352066
247499,9352066
198401,9360427
198402,9360427
198403,9360427
198406,9360427
198408,9360427
198409,9360427
198410,9360427
198411,9360427
198412,9360427
198414,9360427
198416,9360427
198417,9360427
198419,9360427
198420,9360427
198421,9360427
198422,9360427
198423,9360427
198424,9360427
198426,9360427
198427,9360427
198428,9360427
198429,9360427
198430,9360427
198431,9360427
198432,9360427
198433,9360427
198434,9360427
198435,9360427
198436,9360427
198437,9360427
198438,9360427
198441,9360427
198443,9360427
198444,9360427
198445,9360427
198446,9360427
198447,9360427
198448,9360427
198449,9360427
198450,9360427
202951,9360439
202952,9360439
202953,9360439
202954,9360439
202955,9360439
202956,9360439
202957,9360439
202959,9360439
202962,9360439
202963,9360439
202964,9360439
202965,9360439
202969,9360439
202970,9360439
202971,9360439
202972,9360439
202973,9360439
202975,9360439
202976,9360439
202978,9360439
202979,9360439
202980,9360439
202981,9360439
202982,9360439
202983,9360439
202984,9360439
202985,9360439
202987,9360439
202988,9360439
202989,9360439
202990,9360439
202991,9360439
202992,9360439
202993,9360439
202994,9360439
202995,9360439
202997,9360439
202998,9360439
202999,9360439
203000,9360439
126652,9361483
126653,9361483
126654,9361483
126655,9361483
126656,9361483
126657,9361483
126658,9361483
126659,9361483
126660,9361483
126661,9361483
126662,9361483
126663,9361483
126665,9361483
126666,9361483
126667,9361483
126668,9361483
126669,9361483
126670,9361483
126672,9361483
126674,9361483
126675,9361483
126678,9361483
126679,9361483
126680,9361483
126681,9361483
126682,9361483
126685,9361483
126686,9361483
126687,9361483
126688,9361483
126689,9361483
126690,9361483
126691,9361483
126692,9361483
126693,9361483
126694,9361483
126696,9361483
126697,9361483
126699,9361483
126700,9361483
236651,9365623
236652,9365623
236653,9365623
236654,9365623
236655,9365623
236659,9365623
236660,9365623
236661,9365623
236662,9365623
236663,9365623
236664,9365623
236665,9365623
236667,9365623
236668,9365623
236669,9365623
236670,9365623
236671,9365623
236673,9365623
236676,9365623
236677,9365623
236678,9365623
236679,9365623
236680,9365623
236681,9365623
236682,9365623
236683,9365623
236685,9365623
236686,9365623
236688,9365623
236689,9365623
236691,9365623
236692,9365623
236693,9365623
236694,9365623
236695,9365623
236696,9365623
236697,9365623
236698,9365623
236699,9365623
236700,9365623
106551,9371787
106552,9371787
106553,9371787
106554,9371787
106555,9371787
106557,9371787
106559,9371787
106560,9371787
106561,9371787
106562,9371787
106563,9371787
106565,9371787
106567,9371787
106568,9371787
106569,9371787
106570,9371787
106571,9371787
106572,9371787
106576,9371787
106577,9371787
106578,9371787
106579,9371787
106580,9371787
106581,9371787
106582,9371787
106583,9371787
106584,9371787
106585,9371787
106586,9371787
106587,9371787
106588,9371787
106589,9371787
106591,9371787
106592,9371787
106593,9371787
106594,9371787
106595,9371787
106596,9371787
106597,9371787
106600,9371787
126551,9373929
126552,9373929
126554,9373929
126555,9373929
126556,9373929
126557,9373929
126558,9373929
126559,9373929
126561,9373929
126562,9373929
126563,9373929
126564,9373929
126565,9373929
126567,9373929
126568,9373929
126569,9373929
126570,9373929
126572,9373929
126573,9373929
126574,9373929
126575,9373929
126578,9373929
126579,9373929
126580,9373929
126581,9373929
126582,9373929
126584,9373929
126585,9373929
126586,9373929
126587,9373929
126588,9373929
126591,9373929
126592,9373929
126593,9373929
126594,9373929
126595,9373929
126596,9373929
126598,9373929
126599,9373929
126600,9373929
356801,9374428
356802,9374428
356804,9374428
356805,9374428
356806,9374428
356807,9374428
356808,9374428
356809,9374428
356810,9374428
356811,9374428
356812,9374428
356813,9374428
356814,9374428
356818,9374428
356819,9374428
356821,9374428
356824,9374428
356825,9374428
356827,9374428
356828,9374428
356829,9374428
356831,9374428
356832,9374428
356833,9374428
356834,9374428
356835,9374428
356836,9374428
356837,9374428
356838,9374428
356839,9374428
356840,9374428
356841,9374428
356842,9374428
356843,9374428
356844,9374428
356845,9374428
356847,9374428
356848,9374428
356849,9374428
356850,9374428
347502,9390331
347503,9390331
347504,9390331
347505,9390331
347507,9390331
347508,9390331
347509,9390331
347514,9390331
347515,9390331
347516,9390331
347517,9390331
347518,9390331
347519,9390331
347520,9390331
347521,9390331
347524,9390331
347525,9390331
347526,9390331
347527,9390331
347528,9390331
347529,9390331
347530,9390331
347531,9390331
347532,9390331
347533,9390331
347534,9390331
347535,9390331
347536,9390331
347537,9390331
347538,9390331
347539,9390331
347541,9390331
347543,9390331
347544,9390331
347545,9390331
347546,9390331
347547,9390331
347548,9390331
347549,9390331
347550,9390331
216702,9396385
216703,9396385
216704,9396385
216707,9396385
216709,9396385
216710,9396385
216711,9396385
216712,9396385
216713,9396385
216714,9396385
216716,9396385
216717,9396385
216718,9396385
216719,9396385
216720,9396385
216721,9396385
216722,9396385
216723,9396385
216724,9396385
216726,9396385
216727,9396385
216729,9396385
216732,9396385
216733,9396385
216734,9396385
216735,9396385
216736,9396385
216737,9396385
216738,9396385
216739,9396385
216740,9396385
216741,9396385
216742,9396385
216743,9396385
216744,9396385
216745,9396385
216746,9396385
216747,9396385
216749,9396385
216750,9396385
63552,9402653
63553,9402653
63555,9402653
63556,9402653
63557,9402653
63558,9402653
63559,9402653
63560,9402653
63561,9402653
63562,9402653
63563,9402653
63564,9402653
63566,9402653
63567,9402653
63568,9402653
63569,9402653
63570,9402653
63571,9402653
63572,9402653
63574,9402653
63575,9402653
63577,9402653
63578,9402653
63579,9402653
63580,9402653
63581,9402653
63583,9402653
63584,9402653
63586,9402653
63589,9402653
63590,9402653
63591,9402653
63592,9402653
63593,9402653
63594,9402653
63595,9402653
63596,9402653
63597,9402653
63599,9402653
63600,9402653
306751,9406726
306752,9406726
306753,9406726
306755,9406726
306757,9406726
306758,9406726
306759,9406726
306760,9406726
306761,9406726
306762,9406726
306763,9406726
306764,9406726
306765,9406726
306767,9406726
306768,9406726
306769,9406726
306770,9406726
306771,9406726
306772,9406726
306773,9406726
306774,9406726
306775,9406726
306777,9406726
306778,9406726
306779,9406726
306780,9406726
306783,9406726
306784,9406726
306786,9406726
306787,9406726
306789,9406726
306790,9406726
306791,9406726
306792,9406726
306795,9406726
306796,9406726
306797,9406726
306798,9406726
306799,9406726
306800,9406726
184003,9419199
184004,9419199
184005,9419199
184006,9419199
184007,9419199
184008,9419199
184011,9419199
184012,9419199
184013,9419199
184014,9419199
184015,9419199
184016,9419199
184018,9419199
184019,9419199
184021,9419199
184022,9419199
184023,9419199
184024,9419199
184026,9419199
184027,9419199
184028,9419199
184029,9419199
184030,9419199
184031,9419199
184032,9419199
184033,9419199
184034,9419199
184035,9419199
184036,9419199
184037,9419199
184038,9419199
184039,9419199
184040,9419199
184041,9419199
184044,9419199
184046,9419199
184047,9419199
184048,9419199
184049,9419199
184050,9419199
11903,9424053
11904,9424053
11905,9424053
11906,9424053
11907,9424053
11908,9424053
11910,9424053
11911,9424053
11912,9424053
11913,9424053
11914,9424053
11915,9424053
11916,9424053
11917,9424053
11918,9424053
11919,9424053
11920,9424053
11922,9424053
11923,9424053
11924,9424053
11925,9424053
11926,9424053
11927,9424053
11928,9424053
11929,9424053
11931,9424053
11932,9424053
11933,9424053
11935,9424053
11937,9424053
11940,9424053
11941,9424053
11942,9424053
11943,9424053
11945,9424053
11946,9424053
11947,9424053
11948,9424053
11949,9424053
11950,9424053
394101,9425227
394102,9425227
394103,9425227
394104,9425227
394105,9425227
394107,9425227
394108,9425227
394109,9425227
394111,9425227
394112,9425227
394114,9425227
394117,9425227
394118,9425227
394120,9425227
394121,9425227
394122,9425227
394123,9425227
394124,9425227
394125,9425227
394128,9425227
394129,9425227
394130,9425227
394131,9425227
394132,9425227
394133,9425227
394134,9425227
394135,9425227
394136,9425227
394137,9425227
394139,9425227
394140,9425227
394141,9425227
394142,9425227
394143,9425227
394144,9425227
394145,9425227
394146,9425227
394147,9425227
394148,9425227
394150,9425227
291901,9438157
291902,9438157
291903,9438157
291904,9438157
291906,9438157
291907,9438157
291908,9438157
291910,9438157
291911,9438157
291912,9438157
291914,9438157
291915,9438157
291916,9438157
291917,9438157
291919,9438157
291920,9438157
291921,9438157
291922,9438157
291924,9438157
291926,9438157
291927,9438157
291928,9438157
291929,9438157
291930,9438157
291931,9438157
291933,9438157
291934,9438157
291936,9438157
291938,9438157
291939,9438157
291940,9438157
291941,9438157
291942,9438157
291943,9438157
291944,9438157
291945,9438157
291946,9438157
291947,9438157
291948,9438157
291949,9438157
230851,9439319
230852,9439319
230853,9439319
230854,9439319
230855,9439319
230856,9439319
230857,9439319
230860,9439319
230861,9439319
230863,9439319
230864,9439319
230865,9439319
230866,9439319
230868,9439319
230869,9439319
230870,9439319
230871,9439319
230872,9439319
230873,9439319
230875,9439319
230876,9439319
230878,9439319
230879,9439319
230881,9439319
230882,9439319
230883,9439319
230884,9439319
230885,9439319
230886,9439319
230888,9439319
230889,9439319
230890,9439319
230892,9439319
230893,9439319
230894,9439319
230895,9439319
230896,9439319
230898,9439319
230899,9439319
230900,9439319
197751,9439345
197752,9439345
197753,9439345
197754,9439345
197757,9439345
197758,9439345
197759,9439345
197760,9439345
197761,9439345
197762,9439345
197763,9439345
197764,9439345
197765,9439345
197766,9439345
197767,9439345
197769,9439345
197771,9439345
197772,9439345
197773,9439345
197774,9439345
197776,9439345
197777,9439345
197778,9439345
197779,9439345
197781,9439345
197782,9439345
197784,9439345
197785,9439345
197787,9439345
197788,9439345
197789,9439345
197790,9439345
197791,9439345
197792,9439345
197794,9439345
197796,9439345
197797,9439345
197798,9439345
197799,9439345
197800,9439345
298201,9476135
298202,9476135
298203,9476135
298204,9476135
298205,9476135
298207,9476135
298208,9476135
298210,9476135
298211,9476135
298212,9476135
298213,9476135
298215,9476135
298216,9476135
298217,9476135
298218,9476135
298219,9476135
298220,9476135
298221,9476135
298222,9476135
298223,9476135
298224,9476135
298225,9476135
298226,9476135
298227,9476135
298228,9476135
298229,9476135
298231,9476135
298232,9476135
298235,9476135
298236,9476135
298237,9476135
298238,9476135
298239,9476135
298241,9476135
298242,9476135
298244,9476135
298246,9476135
298247,9476135
298249,9476135
298250,9476135
306051,9477555
306052,9477555
306054,9477555
306055,9477555
306056,9477555
306057,9477555
306058,9477555
306059,9477555
306060,9477555
306061,9477555
306062,9477555
306064,9477555
306066,9477555
306068,9477555
306069,9477555
306071,9477555
306073,9477555
306074,9477555
306076,9477555
306077,9477555
306078,9477555
306079,9477555
306080,9477555
306081,9477555
306082,9477555
306083,9477555
306084,9477555
306085,9477555
306086,9477555
306089,9477555
306090,9477555
306091,9477555
306092,9477555
306093,9477555
306094,9477555
306096,9477555
306097,9477555
306098,9477555
306099,9477555
306100,9477555
383651,9485356
383652,9485356
383653,9485356
383654,9485356
383655,9485356
383656,9485356
383657,9485356
383658,9485356
383659,9485356
383660,9485356
383661,9485356
383662,9485356
383663,9485356
383665,9485356
383666,9485356
383667,9485356
383669,9485356
383670,9485356
383672,9485356
383674,9485356
383675,9485356
383676,9485356
383677,9485356
383680,9485356
383681,9485356
383682,9485356
383683,9485356
383684,9485356
383685,9485356
383689,9485356
383690,9485356
383691,9485356
383693,9485356
383694,9485356
383695,9485356
383696,9485356
383697,9485356
383698,9485356
383699,9485356
383700,9485356
42551,9494216
42552,9494216
42553,9494216
42554,9494216
42555,9494216
42557,9494216
42558,9494216
42560,9494216
42561,9494216
42562,9494216
42563,9494216
42566,9494216
42567,9494216
42568,9494216
42569,9494216
42570,9494216
42573,9494216
42574,9494216
42575,9494216
42576,9494216
42577,9494216
42580,9494216
42581,9494216
42582,9494216
42583,9494216
42584,9494216
42585,9494216
42586,9494216
42587,9494216
42588,9494216
42590,9494216
42591,9494216
42592,9494216
42593,9494216
42594,9494216
42595,9494216
42597,9494216
42598,9494216
42599,9494216
42600,9494216
383601,9494876
383602,9494876
383603,9494876
383604,9494876
383605,9494876
383606,9494876
383607,9494876
383608,9494876
383611,9494876
383612,9494876
383613,9494876
383615,9494876
383616,9494876
383617,9494876
383619,9494876
383620,9494876
383622,9494876
383623,9494876
383625,9494876
383626,9494876
383627,9494876
383628,9494876
383629,9494876
383630,9494876
383631,9494876
383632,9494876
383634,9494876
383635,9494876
383636,9494876
383637,9494876
383638,9494876
383639,9494876
383642,9494876
383643,9494876
383644,9494876
383645,9494876
383646,9494876
383647,9494876
383648,9494876
383649,9494876
126451,9518799
126452,9518799
126453,9518799
126454,9518799
126455,9518799
126456,9518799
126458,9518799
126459,9518799
126460,9518799
126461,9518799
126462,9518799
126463,9518799
126464,9518799
126467,9518799
126468,9518799
126469,9518799
126471,9518799
126472,9518799
126474,9518799
126476,9518799
126478,9518799
126479,9518799
126480,9518799
126481,9518799
126482,9518799
126483,9518799
126484,9518799
126485,9518799
126486,9518799
126488,9518799
126489,9518799
126490,9518799
126491,9518799
126492,9518799
126493,9518799
126494,9518799
126495,9518799
126496,9518799
126497,9518799
126500,9518799
241101,9523548
241103,9523548
241104,9523548
241105,9523548
241106,9523548
241107,9523548
241108,9523548
241109,9523548
241110,9523548
241111,9523548
241112,9523548
241113,9523548
241114,9523548
241115,9523548
241116,9523548
241117,9523548
241118,9523548
241119,9523548
241120,9523548
241122,9523548
241123,9523548
241124,9523548
241125,9523548
241126,9523548
241127,9523548
241129,9523548
241130,9523548
241131,9523548
241135,9523548
241136,9523548
241137,9523548
241140,9523548
241141,9523548
241142,9523548
241143,9523548
241144,9523548
241145,9523548
241147,9523548
241148,9523548
241149,9523548
329951,9566693
329953,9566693
329954,9566693
329955,9566693
329956,9566693
329957,9566693
329958,9566693
329960,9566693
329961,9566693
329962,9566693
329963,9566693
329964,9566693
329965,9566693
329966,9566693
329967,9566693
329970,9566693
329971,9566693
329972,9566693
329973,9566693
329975,9566693
329976,9566693
329977,9566693
329978,9566693
329980,9566693
329981,9566693
329984,9566693
329985,9566693
329986,9566693
329987,9566693
329988,9566693
329990,9566693
329991,9566693
329992,9566693
329993,9566693
329994,9566693
329995,9566693
329997,9566693
329998,9566693
329999,9566693
330000,9566693
