382601,6903498
382602,6903498
382604,6903498
382605,6903498
382606,6903498
382607,6903498
382608,6903498
382609,6903498
382610,6903498
382611,6903498
382613,6903498
382614,6903498
382615,6903498
382616,6903498
382617,6903498
382619,6903498
382621,6903498
382623,6903498
382624,6903498
382625,6903498
382626,6903498
382627,6903498
382629,6903498
382630,6903498
382631,6903498
382633,6903498
382635,6903498
382636,6903498
382637,6903498
382638,6903498
382639,6903498
382640,6903498
382641,6903498
382643,6903498
382644,6903498
382645,6903498
382646,6903498
382648,6903498
382649,6903498
382650,6903498
49501,7038680
49502,7038680
49503,7038680
49504,7038680
49505,7038680
49506,7038680
49507,7038680
49508,7038680
49509,7038680
49510,7038680
49512,7038680
49514,7038680
49516,7038680
49517,7038680
49519,7038680
49520,7038680
49521,7038680
49522,7038680
49523,7038680
49524,7038680
49525,7038680
49528,7038680
49529,7038680
49530,7038680
49532,7038680
49534,7038680
49536,7038680
49537,7038680
49538,7038680
49539,7038680
49540,7038680
49541,7038680
49543,7038680
49544,7038680
49545,7038680
49546,7038680
49547,7038680
49548,7038680
49549,7038680
49550,7038680
151101,7235018
151102,7235018
151104,7235018
151105,7235018
151106,7235018
151107,7235018
151109,7235018
151110,7235018
151111,7235018
151112,7235018
151114,7235018
151115,7235018
151117,7235018
151118,7235018
151119,7235018
151120,7235018
151121,7235018
151123,7235018
151124,7235018
151125,7235018
151127,7235018
151128,7235018
151130,7235018
151131,7235018
151132,7235018
151133,7235018
151134,7235018
151135,7235018
151136,7235018
151138,7235018
151140,7235018
151142,7235018
151143,7235018
151144,7235018
151145,7235018
151146,7235018
151147,7235018
151148,7235018
151149,7235018
151150,7235018
354651,7350260
354653,7350260
354654,7350260
354655,7350260
354656,7350260
354658,7350260
354659,7350260
354660,7350260
354662,7350260
354663,7350260
354664,7350260
354668,7350260
354669,7350260
354670,7350260
354671,7350260
354672,7350260
354673,7350260
354675,7350260
354676,7350260
354677,7350260
354678,7350260
354679,7350260
354681,7350260
354682,7350260
354683,7350260
354684,7350260
354685,7350260
354686,7350260
354687,7350260
354688,7350260
354689,7350260
354690,7350260
354691,7350260
354693,7350260
354694,7350260
354695,7350260
354696,7350260
354697,7350260
354699,7350260
354700,7350260
183351,7382976
183352,7382976
183354,7382976
183355,7382976
183356,7382976
183359,7382976
183360,7382976
183361,7382976
183362,7382976
183363,7382976
183364,7382976
183365,7382976
183367,7382976
183368,7382976
183369,7382976
183370,7382976
183371,7382976
183372,7382976
183373,7382976
183375,7382976
183376,7382976
183377,7382976
183378,7382976
183380,7382976
183382,7382976
183383,7382976
183385,7382976
183386,7382976
183387,7382976
183388,7382976
183389,7382976
183390,7382976
183391,7382976
183394,7382976
183395,7382976
183396,7382976
183397,7382976
183398,7382976
183399,7382976
183400,7382976
28351,8023527
28352,8023527
28354,8023527
28355,8023527
28357,8023527
28359,8023527
28360,8023527
28362,8023527
28363,8023527
28364,8023527
28365,8023527
28366,8023527
28367,8023527
28368,8023527
28370,8023527
28372,8023527
28373,8023527
28375,8023527
28376,8023527
28377,8023527
28378,8023527
28379,8023527
28380,8023527
28381,8023527
28382,8023527
28383,8023527
28385,8023527
28386,8023527
28387,8023527
28388,8023527
28389,8023527
28392,8023527
28393,8023527
28394,8023527
28395,8023527
28396,8023527
28397,8023527
28398,8023527
28399,8023527
28400,8023527
88101,8300951
88102,8300951
88104,8300951
88105,8300951
88106,8300951
88108,8300951
88109,8300951
88110,8300951
88111,8300951
88112,8300951
88113,8300951
88114,8300951
88115,8300951
88117,8300951
88118,8300951
88119,8300951
88120,8300951
88122,8300951
88123,8300951
88124,8300951
88126,8300951
88127,8300951
88128,8300951
88129,8300951
88130,8300951
88131,8300951
88132,8300951
88133,8300951
88134,8300951
88135,8300951
88136,8300951
88138,8300951
88139,8300951
88141,8300951
88142,8300951
88143,8300951
88144,8300951
88146,8300951
88149,8300951
88150,8300951
40401,8416786
40402,8416786
40403,8416786
40404,8416786
40405,8416786
40407,8416786
40408,8416786
40410,8416786
40411,8416786
40412,8416786
40413,8416786
40414,8416786
40415,8416786
40416,8416786
40417,8416786
40418,8416786
40419,8416786
40420,8416786
40421,8416786
40422,8416786
40424,8416786
40425,8416786
40426,8416786
40427,8416786
40428,8416786
40430,8416786
40431,8416786
40432,8416786
40433,8416786
40435,8416786
40436,8416786
40437,8416786
40438,8416786
40440,8416786
40443,8416786
40446,8416786
40447,8416786
40448,8416786
40449,8416786
40450,8416786
311502,8610435
311503,8610435
311504,8610435
311505,8610435
311506,8610435
311507,8610435
311508,8610435
311509,8610435
311510,8610435
311511,8610435
311512,8610435
311514,8610435
311515,8610435
311516,8610435
311518,8610435
311519,8610435
311520,8610435
311522,8610435
311523,8610435
311524,8610435
311526,8610435
311528,8610435
311529,8610435
311530,8610435
311531,8610435
311532,8610435
311534,8610435
311535,8610435
311536,8610435
311537,8610435
311539,8610435
311541,8610435
311542,8610435
311543,8610435
311544,8610435
311545,8610435
311547,8610435
311548,8610435
311549,8610435
311550,8610435
86051,8712154
86052,8712154
86054,8712154
86056,8712154
86057,8712154
86058,8712154
86059,8712154
86060,8712154
86061,8712154
86064,8712154
86066,8712154
86067,8712154
86068,8712154
86069,8712154
86071,8712154
86072,8712154
86073,8712154
86074,8712154
86075,8712154
86077,8712154
86078,8712154
86079,8712154
86080,8712154
86081,8712154
86082,8712154
86083,8712154
86084,8712154
86085,8712154
86087,8712154
86088,8712154
86089,8712154
86090,8712154
86091,8712154
86092,8712154
86093,8712154
86094,8712154
86095,8712154
86097,8712154
86098,8712154
86100,8712154
210151,8915550
210152,8915550
210153,8915550
210154,8915550
210155,8915550
210156,8915550
210157,8915550
210159,8915550
210160,8915550
210161,8915550
210162,8915550
210163,8915550
210165,8915550
210166,8915550
210167,8915550
210170,8915550
210171,8915550
210172,8915550
210173,8915550
210174,8915550
210175,8915550
210176,8915550
210177,8915550
210178,8915550
210179,8915550
210180,8915550
210182,8915550
210184,8915550
210187,8915550
210188,8915550
210189,8915550
210190,8915550
210192,8915550
210194,8915550
210195,8915550
210196,8915550
210197,8915550
210198,8915550
210199,8915550
210200,8915550
215051,9004164
215054,9004164
215055,9004164
215056,9004164
215057,9004164
215058,9004164
215062,9004164
215063,9004164
215064,9004164
215065,9004164
215066,9004164
215067,9004164
215068,9004164
215069,9004164
215071,9004164
215072,9004164
215073,9004164
215074,9004164
215075,9004164
215076,9004164
215077,9004164
215079,9004164
215080,9004164
215081,9004164
215082,9004164
215083,9004164
215084,9004164
215085,9004164
215087,9004164
215089,9004164
215091,9004164
215092,9004164
215093,9004164
215094,9004164
215095,9004164
215096,9004164
215097,9004164
215098,9004164
215099,9004164
215100,9004164
18701,9016923
18702,9016923
18703,9016923
18706,9016923
18707,9016923
18708,9016923
18709,9016923
18710,9016923
18711,9016923
18712,9016923
18713,9016923
18714,9016923
18718,9016923
18721,9016923
18722,9016923
18723,9016923
18725,9016923
18726,9016923
18727,9016923
18729,9016923
18730,9016923
18731,9016923
18732,9016923
18733,9016923
18734,9016923
18735,9016923
18736,9016923
18737,9016923
18738,9016923
18739,9016923
18740,9016923
18741,9016923
18742,9016923
18743,9016923
18744,9016923
18745,9016923
18746,9016923
18747,9016923
18749,9016923
18750,9016923
32801,9020417
32802,9020417
32804,9020417
32806,9020417
32807,9020417
32808,9020417
32809,9020417
32810,9020417
32812,9020417
32813,9020417
32814,9020417
32816,9020417
32817,9020417
32819,9020417
32820,9020417
32821,9020417
32822,9020417
32825,9020417
32826,9020417
32827,9020417
32828,9020417
32829,9020417
32830,9020417
32831,9020417
32832,9020417
32833,9020417
32834,9020417
32835,9020417
32838,9020417
32839,9020417
32840,9020417
32841,9020417
32842,9020417
32844,9020417
32845,9020417
32846,9020417
32847,9020417
32848,9020417
32849,9020417
32850,9020417
33601,9020429
33602,9020429
33603,9020429
33604,9020429
33605,9020429
33606,9020429
33607,9020429
33608,9020429
33609,9020429
33610,9020429
33611,9020429
33612,9020429
33614,9020429
33615,9020429
33616,9020429
33617,9020429
33618,9020429
33620,9020429
33621,9020429
33622,9020429
33623,9020429
33624,9020429
33625,9020429
33626,9020429
33629,9020429
33631,9020429
33632,9020429
33635,9020429
33636,9020429
33638,9020429
33640,9020429
33641,9020429
33642,9020429
33643,9020429
33644,9020429
33646,9020429
33647,9020429
33648,9020429
33649,9020429
33650,9020429
36151,9046564
36152,9046564
36153,9046564
36154,9046564
36155,9046564
36156,9046564
36157,9046564
36158,9046564
36159,9046564
36161,9046564
36162,9046564
36163,9046564
36164,9046564
36165,9046564
36167,9046564
36168,9046564
36169,9046564
36170,9046564
36171,9046564
36172,9046564
36173,9046564
36174,9046564
36175,9046564
36176,9046564
36177,9046564
36178,9046564
36179,9046564
36180,9046564
36181,9046564
36182,9046564
36183,9046564
36188,9046564
36189,9046564
36193,9046564
36194,9046564
36195,9046564
36196,9046564
36197,9046564
36198,9046564
36200,9046564
182101,9053191
182102,9053191
182105,9053191
182106,9053191
182107,9053191
182109,9053191
182110,9053191
182111,9053191
182112,9053191
182113,9053191
182114,9053191
182115,9053191
182117,9053191
182118,9053191
182119,9053191
182120,9053191
182121,9053191
182122,9053191
182123,9053191
182126,9053191
182127,9053191
182129,9053191
182130,9053191
182131,9053191
182132,9053191
182135,9053191
182136,9053191
182137,9053191
182138,9053191
182139,9053191
182140,9053191
182141,9053191
182142,9053191
182143,9053191
182144,9053191
182145,9053191
182147,9053191
182148,9053191
182149,9053191
182150,9053191
149901,9053218
149902,9053218
149903,9053218
149906,9053218
149907,9053218
149908,9053218
149909,9053218
149910,9053218
149911,9053218
149912,9053218
149913,9053218
149914,9053218
149915,9053218
149916,9053218
149917,9053218
149918,9053218
149920,9053218
149922,9053218
149923,9053218
149924,9053218
149926,9053218
149927,9053218
149928,9053218
149929,9053218
149930,9053218
149931,9053218
149933,9053218
149935,9053218
149936,9053218
149937,9053218
149938,9053218
149939,9053218
149941,9053218
149942,9053218
149944,9053218
149945,9053218
149946,9053218
149947,9053218
149948,9053218
149950,9053218
141051,9053220
141052,9053220
141053,9053220
141056,9053220
141057,9053220
141059,9053220
141060,9053220
141061,9053220
141062,9053220
141063,9053220
141064,9053220
141065,9053220
141066,9053220
141067,9053220
141069,9053220
141070,9053220
141071,9053220
141072,9053220
141075,9053220
141076,9053220
141077,9053220
141078,9053220
141079,9053220
141080,9053220
141081,9053220
141083,9053220
141084,9053220
141085,9053220
141086,9053220
141087,9053220
141088,9053220
141089,9053220
141090,9053220
141091,9053220
141093,9053220
141094,9053220
141097,9053220
141098,9053220
141099,9053220
141100,9053220
204951,9105138
204952,9105138
204953,9105138
204954,9105138
204955,9105138
204957,9105138
204959,9105138
204960,9105138
204961,9105138
204962,9105138
204963,9105138
204964,9105138
204965,9105138
204966,9105138
204967,9105138
204968,9105138
204971,9105138
204972,9105138
204973,9105138
204974,9105138
204975,9105138
204979,9105138
204980,9105138
204981,9105138
204982,9105138
204984,9105138
204985,9105138
204987,9105138
204988,9105138
204989,9105138
204990,9105138
204991,9105138
204992,9105138
204994,9105138
204995,9105138
204996,9105138
204997,9105138
204998,9105138
204999,9105138
205000,9105138
79951,9114751
79952,9114751
79953,9114751
79954,9114751
79955,9114751
79956,9114751
79957,9114751
79958,9114751
79959,9114751
79960,9114751
79961,9114751
79963,9114751
79966,9114751
79968,9114751
79969,9114751
79970,9114751
79971,9114751
79973,9114751
79974,9114751
79975,9114751
79977,9114751
79979,9114751
79980,9114751
79981,9114751
79982,9114751
79983,9114751
79984,9114751
79985,9114751
79986,9114751
79988,9114751
79989,9114751
79990,9114751
79992,9114751
79994,9114751
79995,9114751
79996,9114751
79997,9114751
79998,9114751
79999,9114751
80000,9114751
379251,9125231
379252,9125231
379254,9125231
379255,9125231
379256,9125231
379258,9125231
379259,9125231
379260,9125231
379261,9125231
379262,9125231
379263,9125231
379265,9125231
379266,9125231
379267,9125231
379269,9125231
379271,9125231
379272,9125231
379273,9125231
379274,9125231
379275,9125231
379276,9125231
379277,9125231
379278,9125231
379281,9125231
379282,9125231
379283,9125231
379284,9125231
379285,9125231
379286,9125231
379287,9125231
379288,9125231
379289,9125231
379290,9125231
379291,9125231
379292,9125231
379295,9125231
379297,9125231
379298,9125231
379299,9125231
379300,9125231
398151,9140841
398152,9140841
398153,9140841
398154,9140841
398155,9140841
398156,9140841
398157,9140841
398159,9140841
398160,9140841
398161,9140841
398162,9140841
398163,9140841
398164,9140841
398167,9140841
398168,9140841
398169,9140841
398170,9140841
398172,9140841
398174,9140841
398176,9140841
398177,9140841
398178,9140841
398179,9140841
398181,9140841
398182,9140841
398183,9140841
398185,9140841
398186,9140841
398187,9140841
398189,9140841
398190,9140841
398191,9140841
398192,9140841
398193,9140841
398194,9140841
398195,9140841
398197,9140841
398198,9140841
398199,9140841
398200,9140841
359851,9141405
359852,9141405
359853,9141405
359854,9141405
359855,9141405
359857,9141405
359858,9141405
359859,9141405
359861,9141405
359862,9141405
359864,9141405
359865,9141405
359866,9141405
359867,9141405
359870,9141405
359871,9141405
359872,9141405
359873,9141405
359874,9141405
359875,9141405
359876,9141405
359877,9141405
359878,9141405
359880,9141405
359881,9141405
359883,9141405
359884,9141405
359885,9141405
359886,9141405
359888,9141405
359889,9141405
359890,9141405
359892,9141405
359893,9141405
359894,9141405
359896,9141405
359897,9141405
359898,9141405
359899,9141405
359900,9141405
333751,9147746
333752,9147746
333753,9147746
333754,9147746
333755,9147746
333756,9147746
333757,9147746
333758,9147746
333759,9147746
333760,9147746
333761,9147746
333762,9147746
333763,9147746
333764,9147746
333765,9147746
333766,9147746
333767,9147746
333768,9147746
333769,9147746
333770,9147746
333771,9147746
333774,9147746
333775,9147746
333776,9147746
333777,9147746
333778,9147746
333779,9147746
333780,9147746
333781,9147746
333782,9147746
333783,9147746
333784,9147746
333785,9147746
333786,9147746
333787,9147746
333790,9147746
333795,9147746
333796,9147746
333799,9147746
333800,9147746
268001,9148582
268002,9148582
268003,9148582
268004,9148582
268006,9148582
268008,9148582
268009,9148582
268010,9148582
268011,9148582
268012,9148582
268013,9148582
268015,9148582
268016,9148582
268017,9148582
268018,9148582
268020,9148582
268021,9148582
268022,9148582
268023,9148582
268025,9148582
268026,9148582
268027,9148582
268028,9148582
268029,9148582
268030,9148582
268031,9148582
268033,9148582
268035,9148582
268037,9148582
268038,9148582
268041,9148582
268042,9148582
268043,9148582
268044,9148582
268045,9148582
268046,9148582
268047,9148582
268048,9148582
268049,9148582
268050,9148582
79801,9156981
79802,9156981
79803,9156981
79804,9156981
79805,9156981
79806,9156981
79808,9156981
79810,9156981
79811,9156981
79812,9156981
79813,9156981
79814,9156981
79816,9156981
79818,9156981
79820,9156981
79821,9156981
79822,9156981
79823,9156981
79824,9156981
79825,9156981
79828,9156981
79829,9156981
79830,9156981
79831,9156981
79832,9156981
79834,9156981
79835,9156981
79836,9156981
79837,9156981
79838,9156981
79839,9156981
79841,9156981
79842,9156981
79843,9156981
79844,9156981
79845,9156981
79846,9156981
79847,9156981
79848,9156981
79849,9156981
35351,9156993
35352,9156993
35354,9156993
35355,9156993
35356,9156993
35358,9156993
35359,9156993
35360,9156993
35362,9156993
35363,9156993
35364,9156993
35366,9156993
35367,9156993
35368,9156993
35371,9156993
35373,9156993
35374,9156993
35375,9156993
35376,9156993
35377,9156993
35378,9156993
35379,9156993
35380,9156993
35381,9156993
35382,9156993
35383,9156993
35384,9156993
35386,9156993
35387,9156993
35388,9156993
35389,9156993
35390,9156993
35391,9156993
35392,9156993
35394,9156993
35395,9156993
35397,9156993
35398,9156993
35399,9156993
35400,9156993
72151,9157002
72152,9157002
72154,9157002
72155,9157002
72156,9157002
72157,9157002
72158,9157002
72159,9157002
72160,9157002
72161,9157002
72162,9157002
72163,9157002
72164,9157002
72166,9157002
72168,9157002
72169,9157002
72170,9157002
72171,9157002
72173,9157002
72174,9157002
72175,9157002
72176,9157002
72177,9157002
72178,9157002
72179,9157002
72180,9157002
72181,9157002
72182,9157002
72183,9157002
72185,9157002
72187,9157002
72188,9157002
72189,9157002
72190,9157002
72191,9157002
72192,9157002
72194,9157002
72195,9157002
72196,9157002
72198,9157002
42151,9157014
42152,9157014
42153,9157014
42154,9157014
42155,9157014
42156,9157014
42157,9157014
42159,9157014
42160,9157014
42161,9157014
42162,9157014
42165,9157014
42166,9157014
42169,9157014
42170,9157014
42171,9157014
42172,9157014
42174,9157014
42175,9157014
42176,9157014
42177,9157014
42178,9157014
42179,9157014
42180,9157014
42181,9157014
42182,9157014
42183,9157014
42184,9157014
42185,9157014
42187,9157014
42188,9157014
42190,9157014
42191,9157014
42192,9157014
42195,9157014
42196,9157014
42197,9157014
42198,9157014
42199,9157014
42200,9157014
32601,9169768
32603,9169768
32604,9169768
32606,9169768
32607,9169768
32608,9169768
32609,9169768
32611,9169768
32612,9169768
32613,9169768
32614,9169768
32616,9169768
32617,9169768
32618,9169768
32619,9169768
32620,9169768
32621,9169768
32623,9169768
32624,9169768
32625,9169768
32626,9169768
32628,9169768
32629,9169768
32630,9169768
32632,9169768
32633,9169768
32634,9169768
32635,9169768
32636,9169768
32637,9169768
32638,9169768
32641,9169768
32642,9169768
32643,9169768
32644,9169768
32645,9169768
32646,9169768
32647,9169768
32649,9169768
32650,9169768
53702,9174098
53705,9174098
53706,9174098
53707,9174098
53708,9174098
53710,9174098
53711,9174098
53712,9174098
53713,9174098
53714,9174098
53715,9174098
53716,9174098
53717,9174098
53718,9174098
53719,9174098
53720,9174098
53721,9174098
53722,9174098
53723,9174098
53724,9174098
53726,9174098
53727,9174098
53728,9174098
53730,9174098
53731,9174098
53732,9174098
53733,9174098
53734,9174098
53736,9174098
53737,9174098
53740,9174098
53741,9174098
53742,9174098
53743,9174098
53744,9174098
53745,9174098
53746,9174098
53747,9174098
53748,9174098
53749,9174098
68252,9174713
68253,9174713
68254,9174713
68255,9174713
68256,9174713
68258,9174713
68259,9174713
68261,9174713
68263,9174713
68264,9174713
68265,9174713
68266,9174713
68267,9174713
68269,9174713
68270,9174713
68271,9174713
68272,9174713
68273,9174713
68275,9174713
68276,9174713
68277,9174713
68278,9174713
68280,9174713
68281,9174713
68282,9174713
68283,9174713
68285,9174713
68287,9174713
68288,9174713
68289,9174713
68290,9174713
68291,9174713
68292,9174713
68293,9174713
68294,9174713
68295,9174713
68296,9174713
68297,9174713
68298,9174713
68300,9174713
68202,9183831
68204,9183831
68205,9183831
68206,9183831
68207,9183831
68208,9183831
68209,9183831
68210,9183831
68211,9183831
68212,9183831
68213,9183831
68215,9183831
68216,9183831
68217,9183831
68218,9183831
68219,9183831
68220,9183831
68222,9183831
68223,9183831
68224,9183831
68225,9183831
68226,9183831
68227,9183831
68229,9183831
68230,9183831
68231,9183831
68232,9183831
68234,9183831
68235,9183831
68236,9183831
68237,9183831
68238,9183831
68239,9183831
68240,9183831
68242,9183831
68243,9183831
68245,9183831
68247,9183831
68249,9183831
68250,9183831
53651,9183843
53652,9183843
53653,9183843
53654,9183843
53656,9183843
53657,9183843
53658,9183843
53659,9183843
53660,9183843
53661,9183843
53662,9183843
53663,9183843
53665,9183843
53668,9183843
53669,9183843
53670,9183843
53671,9183843
53672,9183843
53674,9183843
53675,9183843
53677,9183843
53678,9183843
53679,9183843
53680,9183843
53681,9183843
53682,9183843
53683,9183843
53685,9183843
53686,9183843
53687,9183843
53689,9183843
53690,9183843
53691,9183843
53693,9183843
53694,9183843
53696,9183843
53697,9183843
53698,9183843
53699,9183843
53700,9183843
25901,9186704
25902,9186704
25903,9186704
25905,9186704
25906,9186704
25907,9186704
25908,9186704
25909,9186704
25910,9186704
25911,9186704
25912,9186704
25914,9186704
25916,9186704
25918,9186704
25919,9186704
25920,9186704
25921,9186704
25922,9186704
25923,9186704
25924,9186704
25925,9186704
25926,9186704
25928,9186704
25931,9186704
25932,9186704
25933,9186704
25934,9186704
25935,9186704
25937,9186704
25938,9186704
25939,9186704
25940,9186704
25941,9186704
25942,9186704
25944,9186704
25945,9186704
25947,9186704
25948,9186704
25949,9186704
25950,9186704
51601,9186730
51603,9186730
51604,9186730
51607,9186730
51609,9186730
51611,9186730
51612,9186730
51613,9186730
51615,9186730
51616,9186730
51618,9186730
51619,9186730
51620,9186730
51622,9186730
51623,9186730
51624,9186730
51625,9186730
51626,9186730
51627,9186730
51628,9186730
51629,9186730
51630,9186730
51631,9186730
51632,9186730
51633,9186730
51634,9186730
51635,9186730
51636,9186730
51637,9186730
51639,9186730
51640,9186730
51642,9186730
51643,9186730
51644,9186730
51645,9186730
51646,9186730
51647,9186730
51648,9186730
51649,9186730
51650,9186730
20551,9191175
20552,9191175
20553,9191175
20554,9191175
20555,9191175
20557,9191175
20558,9191175
20559,9191175
20560,9191175
20561,9191175
20562,9191175
20563,9191175
20564,9191175
20568,9191175
20569,9191175
20570,9191175
20571,9191175
20572,9191175
20573,9191175
20576,9191175
20577,9191175
20578,9191175
20579,9191175
20580,9191175
20581,9191175
20582,9191175
20583,9191175
20584,9191175
20585,9191175
20586,9191175
20587,9191175
20588,9191175
20590,9191175
20591,9191175
20592,9191175
20593,9191175
20595,9191175
20596,9191175
20597,9191175
20599,9191175
21901,9204049
21902,9204049
21903,9204049
21904,9204049
21905,9204049
21906,9204049
21907,9204049
21908,9204049
21909,9204049
21911,9204049
21912,9204049
21913,9204049
21916,9204049
21917,9204049
21918,9204049
21919,9204049
21920,9204049
21922,9204049
21923,9204049
21924,9204049
21930,9204049
21931,9204049
21933,9204049
21934,9204049
21935,9204049
21936,9204049
21937,9204049
21938,9204049
21939,9204049
21940,9204049
21941,9204049
21942,9204049
21943,9204049
21944,9204049
21945,9204049
21946,9204049
21947,9204049
21948,9204049
21949,9204049
21950,9204049
325351,9223265
325352,9223265
325353,9223265
325354,9223265
325356,9223265
325358,9223265
325360,9223265
325361,9223265
325362,9223265
325363,9223265
325365,9223265
325366,9223265
325367,9223265
325368,9223265
325370,9223265
325371,9223265
325372,9223265
325373,9223265
325374,9223265
325375,9223265
325377,9223265
325378,9223265
325379,9223265
325381,9223265
325382,9223265
325383,9223265
325384,9223265
325385,9223265
325386,9223265
325387,9223265
325388,9223265
325389,9223265
325390,9223265
325391,9223265
325392,9223265
325393,9223265
325397,9223265
325398,9223265
325399,9223265
325400,9223265
387601,9223851
387604,9223851
387606,9223851
387607,9223851
387608,9223851
387609,9223851
387610,9223851
387611,9223851
387612,9223851
387613,9223851
387614,9223851
387616,9223851
387617,9223851
387618,9223851
387619,9223851
387620,9223851
387622,9223851
387623,9223851
387624,9223851
387625,9223851
387626,9223851
387628,9223851
387629,9223851
387630,9223851
387633,9223851
387634,9223851
387635,9223851
387636,9223851
387639,9223851
387640,9223851
387641,9223851
387642,9223851
387643,9223851
387644,9223851
387645,9223851
387646,9223851
387647,9223851
387648,9223851
387649,9223851
387650,9223851
73801,9234616
73802,9234616
73803,9234616
73804,9234616
73805,9234616
73806,9234616
73807,9234616
73809,9234616
73810,9234616
73811,9234616
73813,9234616
73814,9234616
73815,9234616
73816,9234616
73818,9234616
73819,9234616
73820,9234616
73821,9234616
73822,9234616
73823,9234616
73824,9234616
73828,9234616
73829,9234616
73830,9234616
73832,9234616
73833,9234616
73834,9234616
73835,9234616
73836,9234616
73837,9234616
73838,9234616
73839,9234616
73840,9234616
73841,9234616
73842,9234616
73843,9234616
73845,9234616
73846,9234616
73848,9234616
73850,9234616
65251,9234628
65252,9234628
65253,9234628
65254,9234628
65255,9234628
65256,9234628
65258,9234628
65260,9234628
65261,9234628
65262,9234628
65265,9234628
65266,9234628
65267,9234628
65268,9234628
65269,9234628
65270,9234628
65271,9234628
65274,9234628
65275,9234628
65276,9234628
65277,9234628
65278,9234628
65279,9234628
65280,9234628
65281,9234628
65282,9234628
65285,9234628
65286,9234628
65287,9234628
65288,9234628
65289,9234628
65290,9234628
65291,9234628
65292,9234628
65293,9234628
65294,9234628
65295,9234628
65296,9234628
65298,9234628
65300,9234628
324901,9236640
324902,9236640
324903,9236640
324905,9236640
324906,9236640
324908,9236640
324909,9236640
324910,9236640
324911,9236640
324913,9236640
324914,9236640
324917,9236640
324920,9236640
324921,9236640
324922,9236640
324924,9236640
324925,9236640
324926,9236640
324927,9236640
324928,9236640
324929,9236640
324930,9236640
324931,9236640
324932,9236640
324933,9236640
324935,9236640
324936,9236640
324937,9236640
324938,9236640
324939,9236640
324940,9236640
324941,9236640
324943,9236640
324944,9236640
324945,9236640
324946,9236640
324947,9236640
324948,9236640
324949,9236640
324950,9236640
43151,9242730
43152,9242730
43153,9242730
43154,9242730
43155,9242730
43157,9242730
43158,9242730
43159,9242730
43160,9242730
43163,9242730
43164,9242730
43165,9242730
43166,9242730
43169,9242730
43170,9242730
43171,9242730
43173,9242730
43174,9242730
43175,9242730
43176,9242730
43177,9242730
43178,9242730
43179,9242730
43180,9242730
43181,9242730
43182,9242730
43183,9242730
43185,9242730
43187,9242730
43188,9242730
43189,9242730
43190,9242730
43191,9242730
43192,9242730
43195,9242730
43196,9242730
43197,9242730
43198,9242730
43199,9242730
43200,9242730
308801,9244441
308802,9244441
308803,9244441
308804,9244441
308806,9244441
308808,9244441
308809,9244441
308810,9244441
308811,9244441
308812,9244441
308813,9244441
308814,9244441
308816,9244441
308819,9244441
308820,9244441
308821,9244441
308822,9244441
308823,9244441
308824,9244441
308826,9244441
308827,9244441
308828,9244441
308829,9244441
308830,9244441
308833,9244441
308835,9244441
308836,9244441
308837,9244441
308838,9244441
308839,9244441
308840,9244441
308841,9244441
308842,9244441
308843,9244441
308845,9244441
308846,9244441
308847,9244441
308848,9244441
308849,9244441
308850,9244441
39801,9247388
39802,9247388
39803,9247388
39804,9247388
39805,9247388
39806,9247388
39807,9247388
39808,9247388
39809,9247388
39810,9247388
39811,9247388
39812,9247388
39813,9247388
39814,9247388
39815,9247388
39816,9247388
39817,9247388
39818,9247388
39819,9247388
39820,9247388
39821,9247388
39822,9247388
39824,9247388
39825,9247388
39826,9247388
39828,9247388
39829,9247388
39830,9247388
39832,9247388
39834,9247388
39837,9247388
39838,9247388
39839,9247388
39840,9247388
39841,9247388
39842,9247388
39844,9247388
39845,9247388
39846,9247388
39847,9247388
243101,9251743
243103,9251743
243104,9251743
243106,9251743
243108,9251743
243109,9251743
243110,9251743
243111,9251743
243112,9251743
243113,9251743
243116,9251743
243117,9251743
243118,9251743
243121,9251743
243122,9251743
243123,9251743
243124,9251743
243125,9251743
243126,9251743
243127,9251743
243128,9251743
243129,9251743
243130,9251743
243131,9251743
243133,9251743
243134,9251743
243135,9251743
243136,9251743
243137,9251743
243138,9251743
243139,9251743
243140,9251743
243141,9251743
243143,9251743
243144,9251743
243145,9251743
243147,9251743
243148,9251743
243149,9251743
243150,9251743
102701,9255517
102703,9255517
102704,9255517
102707,9255517
102708,9255517
102709,9255517
102710,9255517
102711,9255517
102712,9255517
102713,9255517
102714,9255517
102715,9255517
102717,9255517
102718,9255517
102719,9255517
102721,9255517
102722,9255517
102723,9255517
102724,9255517
102726,9255517
102727,9255517
102728,9255517
102729,9255517
102731,9255517
102732,9255517
102734,9255517
102735,9255517
102736,9255517
102737,9255517
102738,9255517
102740,9255517
102741,9255517
102742,9255517
102744,9255517
102745,9255517
102746,9255517
102747,9255517
102748,9255517
102749,9255517
102750,9255517
333001,9260067
333002,9260067
333003,9260067
333006,9260067
333007,9260067
333008,9260067
333009,9260067
333010,9260067
333011,9260067
333012,9260067
333013,9260067
333014,9260067
333016,9260067
333017,9260067
333019,9260067
333020,9260067
333021,9260067
333022,9260067
333023,9260067
333025,9260067
333027,9260067
333028,9260067
333029,9260067
333031,9260067
333032,9260067
333033,9260067
333035,9260067
333036,9260067
333037,9260067
333039,9260067
333040,9260067
333041,9260067
333043,9260067
333044,9260067
333045,9260067
333046,9260067
333047,9260067
333048,9260067
333049,9260067
333050,9260067
266351,9260263
266352,9260263
266353,9260263
266355,9260263
266356,9260263
266357,9260263
266358,9260263
266359,9260263
266360,9260263
266361,9260263
266362,9260263
266363,9260263
266364,9260263
266365,9260263
266366,9260263
266369,9260263
266370,9260263
266371,9260263
266372,9260263
266373,9260263
266375,9260263
266376,9260263
266377,9260263
266378,9260263
266380,9260263
266383,9260263
266386,9260263
266387,9260263
266388,9260263
266390,9260263
266391,9260263
266392,9260263
266393,9260263
266394,9260263
266395,9260263
266396,9260263
266397,9260263
266398,9260263
266399,9260263
266400,9260263
149151,9260407
149153,9260407
149154,9260407
149156,9260407
149157,9260407
149158,9260407
149159,9260407
149161,9260407
149162,9260407
149163,9260407
149164,9260407
149165,9260407
149167,9260407
149168,9260407
149169,9260407
149170,9260407
149172,9260407
149173,9260407
149174,9260407
149175,9260407
149177,9260407
149178,9260407
149179,9260407
149180,9260407
149181,9260407
149182,9260407
149183,9260407
149184,9260407
149187,9260407
149188,9260407
149189,9260407
149192,9260407
149193,9260407
149194,9260407
149195,9260407
149196,9260407
149197,9260407
149198,9260407
149199,9260407
149200,9260407
139951,9261396
139952,9261396
139953,9261396
139954,9261396
139955,9261396
139957,9261396
139958,9261396
139959,9261396
139960,9261396
139961,9261396
139962,9261396
139963,9261396
139964,9261396
139966,9261396
139967,9261396
139968,9261396
139969,9261396
139971,9261396
139972,9261396
139974,9261396
139976,9261396
139977,9261396
139978,9261396
139979,9261396
139980,9261396
139981,9261396
139984,9261396
139985,9261396
139986,9261396
139987,9261396
139988,9261396
139990,9261396
139991,9261396
139992,9261396
139994,9261396
139995,9261396
139996,9261396
139997,9261396
139999,9261396
140000,9261396
386904,9262091
386905,9262091
386906,9262091
386908,9262091
386909,9262091
386910,9262091
386911,9262091
386912,9262091
386913,9262091
386914,9262091
386915,9262091
386916,9262091
386917,9262091
386920,9262091
386921,9262091
386922,9262091
386923,9262091
386924,9262091
386925,9262091
386926,9262091
386927,9262091
386928,9262091
386931,9262091
386932,9262091
386933,9262091
386934,9262091
386935,9262091
386936,9262091
386937,9262091
386938,9262091
386939,9262091
386940,9262091
386943,9262091
386944,9262091
386945,9262091
386946,9262091
386947,9262091
386948,9262091
386949,9262091
386950,9262091
75451,9264283
75453,9264283
75455,9264283
75456,9264283
75457,9264283
75458,9264283
75459,9264283
75460,9264283
75461,9264283
75462,9264283
75463,9264283
75464,9264283
75465,9264283
75466,9264283
75469,9264283
75470,9264283
75472,9264283
75473,9264283
75474,9264283
75476,9264283
75479,9264283
75480,9264283
75482,9264283
75484,9264283
75485,9264283
75486,9264283
75487,9264283
75488,9264283
75489,9264283
75490,9264283
75491,9264283
75492,9264283
75493,9264283
75494,9264283
75495,9264283
75496,9264283
75497,9264283
75498,9264283
75499,9264283
75500,9264283
82751,9265249
82752,9265249
82753,9265249
82754,9265249
82755,9265249
82756,9265249
82757,9265249
82758,9265249
82759,9265249
82760,9265249
82761,9265249
82763,9265249
82764,9265249
82765,9265249
82766,9265249
82767,9265249
82768,9265249
82769,9265249
82771,9265249
82772,9265249
82773,9265249
82775,9265249
82777,9265249
82778,9265249
82780,9265249
82782,9265249
82783,9265249
82784,9265249
82785,9265249
82788,9265249
82789,9265249
82791,9265249
82792,9265249
82794,9265249
82795,9265249
82796,9265249
82797,9265249
82798,9265249
82799,9265249
82800,9265249
376501,9266243
376502,9266243
376503,9266243
376506,9266243
376508,9266243
376510,9266243
376511,9266243
376512,9266243
376513,9266243
376514,9266243
376515,9266243
376516,9266243
376518,9266243
376519,9266243
376520,9266243
376521,9266243
376522,9266243
376523,9266243
376524,9266243
376525,9266243
376527,9266243
376528,9266243
376529,9266243
376530,9266243
376531,9266243
376532,9266243
376534,9266243
376536,9266243
376538,9266243
376539,9266243
376540,9266243
376541,9266243
376543,9266243
376544,9266243
376545,9266243
376546,9266243
376547,9266243
376548,9266243
376549,9266243
376550,9266243
27451,9268241
27452,9268241
27453,9268241
27454,9268241
27455,9268241
27456,9268241
27459,9268241
27460,9268241
27461,9268241
27462,9268241
27463,9268241
27464,9268241
27466,9268241
27467,9268241
27468,9268241
27469,9268241
27470,9268241
27473,9268241
27474,9268241
27476,9268241
27477,9268241
27478,9268241
27479,9268241
27480,9268241
27483,9268241
27484,9268241
27485,9268241
27486,9268241
27487,9268241
27489,9268241
27490,9268241
27491,9268241
27492,9268241
27493,9268241
27494,9268241
27495,9268241
27496,9268241
27497,9268241
27499,9268241
27500,9268241
38351,9268253
38352,9268253
38354,9268253
38355,9268253
38360,9268253
38361,9268253
38362,9268253
38363,9268253
38364,9268253
38366,9268253
38367,9268253
38368,9268253
38369,9268253
38370,9268253
38371,9268253
38372,9268253
38373,9268253
38374,9268253
38375,9268253
38376,9268253
38377,9268253
38378,9268253
38379,9268253
38380,9268253
38381,9268253
38382,9268253
38383,9268253
38387,9268253
38388,9268253
38389,9268253
38390,9268253
38391,9268253
38392,9268253
38393,9268253
38394,9268253
38395,9268253
38396,9268253
38397,9268253
38398,9268253
38400,9268253
10351,9268631
10352,9268631
10353,9268631
10354,9268631
10355,9268631
10356,9268631
10357,9268631
10358,9268631
10361,9268631
10362,9268631
10365,9268631
10366,9268631
10367,9268631
10369,9268631
10370,9268631
10371,9268631
10372,9268631
10373,9268631
10374,9268631
10375,9268631
10376,9268631
10379,9268631
10380,9268631
10381,9268631
10382,9268631
10383,9268631
10384,9268631
10386,9268631
10387,9268631
10388,9268631
10389,9268631
10390,9268631
10391,9268631
10392,9268631
10393,9268631
10394,9268631
10395,9268631
10396,9268631
10398,9268631
10399,9268631
91051,9272761
91052,9272761
91054,9272761
91056,9272761
91057,9272761
91058,9272761
91059,9272761
91060,9272761
91061,9272761
91062,9272761
91063,9272761
91064,9272761
91066,9272761
91067,9272761
91068,9272761
91069,9272761
91070,9272761
91071,9272761
91073,9272761
91074,9272761
91076,9272761
91077,9272761
91078,9272761
91079,9272761
91080,9272761
91081,9272761
91082,9272761
91083,9272761
91084,9272761
91086,9272761
91088,9272761
91089,9272761
91090,9272761
91091,9272761
91092,9272761
91094,9272761
91095,9272761
91096,9272761
91099,9272761
91100,9272761
332951,9274305
332952,9274305
332953,9274305
332954,9274305
332955,9274305
332956,9274305
332958,9274305
332959,9274305
332961,9274305
332963,9274305
332964,9274305
332965,9274305
332966,9274305
332967,9274305
332969,9274305
332970,9274305
332971,9274305
332974,9274305
332975,9274305
332976,9274305
332978,9274305
332979,9274305
332980,9274305
332981,9274305
332982,9274305
332984,9274305
332985,9274305
332986,9274305
332987,9274305
332989,9274305
332990,9274305
332991,9274305
332992,9274305
332993,9274305
332994,9274305
332995,9274305
332996,9274305
332997,9274305
332998,9274305
333000,9274305
152702,9274628
152704,9274628
152705,9274628
152706,9274628
152707,9274628
152709,9274628
152710,9274628
152711,9274628
152712,9274628
152713,9274628
152714,9274628
152715,9274628
152718,9274628
152720,9274628
152721,9274628
152722,9274628
152723,9274628
152724,9274628
152725,9274628
152727,9274628
152728,9274628
152729,9274628
152730,9274628
152731,9274628
152732,9274628
152734,9274628
152735,9274628
152736,9274628
152737,9274628
152738,9274628
152739,9274628
152740,9274628
152741,9274628
152742,9274628
152743,9274628
152744,9274628
152745,9274628
152747,9274628
152749,9274628
152750,9274628
79352,9274630
79353,9274630
79354,9274630
79355,9274630
79357,9274630
79358,9274630
79359,9274630
79361,9274630
79362,9274630
79363,9274630
79364,9274630
79366,9274630
79368,9274630
79369,9274630
79370,9274630
79371,9274630
79372,9274630
79374,9274630
79376,9274630
79377,9274630
79378,9274630
79379,9274630
79380,9274630
79381,9274630
79383,9274630
79384,9274630
79385,9274630
79386,9274630
79387,9274630
79388,9274630
79389,9274630
79390,9274630
79392,9274630
79394,9274630
79395,9274630
79396,9274630
79397,9274630
79398,9274630
79399,9274630
79400,9274630
294001,9276224
294003,9276224
294004,9276224
294005,9276224
294007,9276224
294008,9276224
294009,9276224
294010,9276224
294012,9276224
294013,9276224
294015,9276224
294017,9276224
294018,9276224
294019,9276224
294020,9276224
294021,9276224
294022,9276224
294023,9276224
294024,9276224
294025,9276224
294026,9276224
294027,9276224
294028,9276224
294029,9276224
294030,9276224
294033,9276224
294034,9276224
294037,9276224
294039,9276224
294040,9276224
294041,9276224
294042,9276224
294043,9276224
294044,9276224
294045,9276224
294046,9276224
294047,9276224
294048,9276224
294049,9276224
294050,9276224
340301,9278480
340302,9278480
340303,9278480
340304,9278480
340305,9278480
340306,9278480
340308,9278480
340309,9278480
340310,9278480
340312,9278480
340313,9278480
340315,9278480
340317,9278480
340318,9278480
340320,9278480
340321,9278480
340322,9278480
340323,9278480
340324,9278480
340325,9278480
340326,9278480
340327,9278480
340328,9278480
340329,9278480
340330,9278480
340331,9278480
340333,9278480
340335,9278480
340336,9278480
340338,9278480
340339,9278480
340340,9278480
340341,9278480
340342,9278480
340345,9278480
340346,9278480
340347,9278480
340348,9278480
340349,9278480
340350,9278480
279951,9284439
279952,9284439
279953,9284439
279954,9284439
279955,9284439
279956,9284439
279957,9284439
279958,9284439
279959,9284439
279960,9284439
279961,9284439
279963,9284439
279965,9284439
279966,9284439
279967,9284439
279968,9284439
279969,9284439
279971,9284439
279972,9284439
279973,9284439
279974,9284439
279976,9284439
279977,9284439
279978,9284439
279980,9284439
279981,9284439
279983,9284439
279984,9284439
279986,9284439
279988,9284439
279989,9284439
279990,9284439
279991,9284439
279992,9284439
279993,9284439
279995,9284439
279996,9284439
279997,9284439
279998,9284439
280000,9284439
39751,9284647
39752,9284647
39753,9284647
39755,9284647
39756,9284647
39757,9284647
39759,9284647
39760,9284647
39761,9284647
39762,9284647
39764,9284647
39765,9284647
39766,9284647
39767,9284647
39768,9284647
39769,9284647
39770,9284647
39772,9284647
39773,9284647
39775,9284647
39776,9284647
39777,9284647
39778,9284647
39779,9284647
39781,9284647
39782,9284647
39783,9284647
39784,9284647
39786,9284647
39787,9284647
39788,9284647
39789,9284647
39790,9284647
39791,9284647
39792,9284647
39793,9284647
39796,9284647
39798,9284647
39799,9284647
39800,9284647
376301,9290517
376302,9290517
376305,9290517
376306,9290517
376307,9290517
376308,9290517
376309,9290517
376310,9290517
376311,9290517
376312,9290517
376313,9290517
376314,9290517
376316,9290517
376317,9290517
376318,9290517
376319,9290517
376320,9290517
376321,9290517
376322,9290517
376324,9290517
376325,9290517
376326,9290517
376327,9290517
376328,9290517
376329,9290517
376332,9290517
376333,9290517
376334,9290517
376335,9290517
376336,9290517
376338,9290517
376339,9290517
376340,9290517
376341,9290517
376342,9290517
376343,9290517
376345,9290517
376346,9290517
376349,9290517
376350,9290517
349401,9290608
349402,9290608
349403,9290608
349404,9290608
349405,9290608
349406,9290608
349408,9290608
349411,9290608
349412,9290608
349413,9290608
349414,9290608
349415,9290608
349416,9290608
349417,9290608
349418,9290608
349419,9290608
349421,9290608
349423,9290608
349424,9290608
349425,9290608
349427,9290608
349429,9290608
349431,9290608
349432,9290608
349433,9290608
349434,9290608
349435,9290608
349436,9290608
349437,9290608
349438,9290608
349439,9290608
349440,9290608
349441,9290608
349443,9290608
349444,9290608
349445,9290608
349446,9290608
349447,9290608
349448,9290608
349450,9290608
102501,9294616
102502,9294616
102503,9294616
102504,9294616
102505,9294616
102506,9294616
102507,9294616
102508,9294616
102509,9294616
102510,9294616
102511,9294616
102512,9294616
102513,9294616
102514,9294616
102516,9294616
102517,9294616
102518,9294616
102519,9294616
102520,9294616
102523,9294616
102525,9294616
102526,9294616
102527,9294616
102528,9294616
102529,9294616
102530,9294616
102532,9294616
102533,9294616
102535,9294616
102536,9294616
102537,9294616
102538,9294616
102539,9294616
102541,9294616
102543,9294616
102544,9294616
102545,9294616
102546,9294616
102548,9294616
102549,9294616
286451,9294795
286452,9294795
286453,9294795
286454,9294795
286456,9294795
286458,9294795
286461,9294795
286462,9294795
286463,9294795
286464,9294795
286465,9294795
286466,9294795
286467,9294795
286468,9294795
286469,9294795
286470,9294795
286471,9294795
286472,9294795
286473,9294795
286474,9294795
286475,9294795
286476,9294795
286478,9294795
286479,9294795
286480,9294795
286481,9294795
286482,9294795
286483,9294795
286484,9294795
286485,9294795
286487,9294795
286489,9294795
286490,9294795
286491,9294795
286492,9294795
286493,9294795
286494,9294795
286495,9294795
286496,9294795
286500,9294795
90952,9295426
90953,9295426
90954,9295426
90955,9295426
90957,9295426
90958,9295426
90959,9295426
90960,9295426
90961,9295426
90962,9295426
90963,9295426
90964,9295426
90965,9295426
90966,9295426
90967,9295426
90968,9295426
90971,9295426
90972,9295426
90973,9295426
90974,9295426
90976,9295426
90977,9295426
90978,9295426
90980,9295426
90981,9295426
90982,9295426
90984,9295426
90986,9295426
90987,9295426
90988,9295426
90989,9295426
90990,9295426
90991,9295426
90992,9295426
90993,9295426
90994,9295426
90995,9295426
90996,9295426
90999,9295426
91000,9295426
84752,9295438
84753,9295438
84754,9295438
84755,9295438
84756,9295438
84757,9295438
84758,9295438
84759,9295438
84761,9295438
84762,9295438
84763,9295438
84766,9295438
84767,9295438
84768,9295438
84769,9295438
84770,9295438
84771,9295438
84774,9295438
84776,9295438
84777,9295438
84778,9295438
84779,9295438
84780,9295438
84781,9295438
84782,9295438
84784,9295438
84785,9295438
84786,9295438
84787,9295438
84788,9295438
84789,9295438
84791,9295438
84793,9295438
84794,9295438
84795,9295438
84796,9295438
84797,9295438
84798,9295438
84799,9295438
84800,9295438
81151,9295440
81152,9295440
81153,9295440
81154,9295440
81155,9295440
81156,9295440
81158,9295440
81159,9295440
81160,9295440
81161,9295440
81162,9295440
81163,9295440
81165,9295440
81167,9295440
81169,9295440
81170,9295440
81171,9295440
81172,9295440
81174,9295440
81175,9295440
81176,9295440
81177,9295440
81178,9295440
81179,9295440
81180,9295440
81182,9295440
81184,9295440
81185,9295440
81186,9295440
81189,9295440
81190,9295440
81191,9295440
81192,9295440
81193,9295440
81194,9295440
81195,9295440
81196,9295440
81197,9295440
81198,9295440
81200,9295440
124251,9298181
124255,9298181
124256,9298181
124257,9298181
124259,9298181
124261,9298181
124262,9298181
124263,9298181
124264,9298181
124266,9298181
124267,9298181
124268,9298181
124269,9298181
124270,9298181
124271,9298181
124272,9298181
124273,9298181
124274,9298181
124275,9298181
124276,9298181
124278,9298181
124279,9298181
124280,9298181
124281,9298181
124283,9298181
124284,9298181
124285,9298181
124286,9298181
124287,9298181
124288,9298181
124289,9298181
124291,9298181
124292,9298181
124293,9298181
124294,9298181
124295,9298181
124296,9298181
124297,9298181
124299,9298181
124300,9298181
208001,9298387
208005,9298387
208006,9298387
208007,9298387
208008,9298387
208009,9298387
208010,9298387
208012,9298387
208014,9298387
208016,9298387
208017,9298387
208018,9298387
208019,9298387
208020,9298387
208021,9298387
208022,9298387
208023,9298387
208024,9298387
208025,9298387
208027,9298387
208028,9298387
208031,9298387
208032,9298387
208033,9298387
208034,9298387
208035,9298387
208036,9298387
208037,9298387
208038,9298387
208040,9298387
208041,9298387
208042,9298387
208043,9298387
208044,9298387
208045,9298387
208046,9298387
208047,9298387
208048,9298387
208049,9298387
208050,9298387
293451,9298507
293452,9298507
293453,9298507
293454,9298507
293455,9298507
293456,9298507
293457,9298507
293459,9298507
293460,9298507
293462,9298507
293463,9298507
293465,9298507
293466,9298507
293467,9298507
293469,9298507
293471,9298507
293472,9298507
293473,9298507
293474,9298507
293475,9298507
293476,9298507
293478,9298507
293479,9298507
293480,9298507
293481,9298507
293483,9298507
293485,9298507
293486,9298507
293487,9298507
293488,9298507
293489,9298507
293490,9298507
293491,9298507
293492,9298507
293494,9298507
293495,9298507
293496,9298507
293497,9298507
293499,9298507
293500,9298507
272902,9302671
272903,9302671
272905,9302671
272906,9302671
272908,9302671
272909,9302671
272910,9302671
272911,9302671
272912,9302671
272913,9302671
272914,9302671
272916,9302671
272917,9302671
272918,9302671
272919,9302671
272920,9302671
272921,9302671
272923,9302671
272925,9302671
272926,9302671
272927,9302671
272928,9302671
272929,9302671
272930,9302671
272931,9302671
272932,9302671
272933,9302671
272934,9302671
272935,9302671
272936,9302671
272938,9302671
272939,9302671
272940,9302671
272942,9302671
272943,9302671
272944,9302671
272945,9302671
272946,9302671
272947,9302671
272948,9302671
102401,9305403
102402,9305403
102403,9305403
102404,9305403
102405,9305403
102406,9305403
102407,9305403
102408,9305403
102410,9305403
102411,9305403
102412,9305403
102413,9305403
102414,9305403
102415,9305403
102416,9305403
102418,9305403
102419,9305403
102421,9305403
102422,9305403
102423,9305403
102424,9305403
102425,9305403
102426,9305403
102427,9305403
102428,9305403
102429,9305403
102430,9305403
102433,9305403
102435,9305403
102436,9305403
102437,9305403
102438,9305403
102439,9305403
102440,9305403
102441,9305403
102443,9305403
102446,9305403
102447,9305403
102448,9305403
102450,9305403
259351,9305855
259352,9305855
259353,9305855
259354,9305855
259356,9305855
259358,9305855
259359,9305855
259360,9305855
259362,9305855
259363,9305855
259364,9305855
259366,9305855
259367,9305855
259368,9305855
259369,9305855
259370,9305855
259371,9305855
259372,9305855
259373,9305855
259374,9305855
259375,9305855
259376,9305855
259378,9305855
259380,9305855
259383,9305855
259384,9305855
259385,9305855
259386,9305855
259388,9305855
259389,9305855
259390,9305855
259391,9305855
259392,9305855
259393,9305855
259394,9305855
259395,9305855
259396,9305855
259397,9305855
259398,9305855
259399,9305855
286301,9307437
286304,9307437
286305,9307437
286307,9307437
286309,9307437
286310,9307437
286311,9307437
286312,9307437
286313,9307437
286314,9307437
286315,9307437
286316,9307437
286317,9307437
286319,9307437
286320,9307437
286321,9307437
286322,9307437
286323,9307437
286324,9307437
286326,9307437
286329,9307437
286330,9307437
286331,9307437
286332,9307437
286333,9307437
286334,9307437
286335,9307437
286336,9307437
286337,9307437
286338,9307437
286339,9307437
286341,9307437
286342,9307437
286343,9307437
286344,9307437
286345,9307437
286346,9307437
286347,9307437
286349,9307437
286350,9307437
315051,9308900
315052,9308900
315053,9308900
315055,9308900
315056,9308900
315058,9308900
315059,9308900
315060,9308900
315061,9308900
315062,9308900
315063,9308900
315064,9308900
315065,9308900
315067,9308900
315069,9308900
315070,9308900
315071,9308900
315072,9308900
315073,9308900
315074,9308900
315076,9308900
315077,9308900
315078,9308900
315080,9308900
315082,9308900
315084,9308900
315085,9308900
315086,9308900
315087,9308900
315089,9308900
315090,9308900
315091,9308900
315092,9308900
315093,9308900
315094,9308900
315095,9308900
315097,9308900
315098,9308900
315099,9308900
315100,9308900
127102,9309227
127103,9309227
127104,9309227
127105,9309227
127106,9309227
127107,9309227
127109,9309227
127110,9309227
127111,9309227
127113,9309227
127115,9309227
127116,9309227
127117,9309227
127119,9309227
127120,9309227
127121,9309227
127122,9309227
127123,9309227
127124,9309227
127125,9309227
127126,9309227
127127,9309227
127128,9309227
127129,9309227
127130,9309227
127131,9309227
127132,9309227
127133,9309227
127134,9309227
127136,9309227
127137,9309227
127139,9309227
127140,9309227
127142,9309227
127143,9309227
127144,9309227
127145,9309227
127146,9309227
127147,9309227
127149,9309227
48601,9311634
48604,9311634
48605,9311634
48606,9311634
48607,9311634
48608,9311634
48609,9311634
48610,9311634
48611,9311634
48612,9311634
48613,9311634
48614,9311634
48615,9311634
48616,9311634
48619,9311634
48621,9311634
48622,9311634
48623,9311634
48624,9311634
48625,9311634
48626,9311634
48627,9311634
48628,9311634
48629,9311634
48630,9311634
48631,9311634
48632,9311634
48634,9311634
48637,9311634
48639,9311634
48640,9311634
48641,9311634
48642,9311634
48643,9311634
48644,9311634
48645,9311634
48646,9311634
48647,9311634
48648,9311634
48650,9311634
171853,9311646
171854,9311646
171855,9311646
171856,9311646
171857,9311646
171859,9311646
171860,9311646
171861,9311646
171862,9311646
171864,9311646
171865,9311646
171866,9311646
171867,9311646
171868,9311646
171870,9311646
171871,9311646
171872,9311646
171873,9311646
171874,9311646
171875,9311646
171876,9311646
171877,9311646
171878,9311646
171881,9311646
171882,9311646
171883,9311646
171885,9311646
171886,9311646
171888,9311646
171890,9311646
171891,9311646
171892,9311646
171893,9311646
171894,9311646
171895,9311646
171896,9311646
171897,9311646
171898,9311646
171899,9311646
171900,9311646
357401,9318034
357402,9318034
357403,9318034
357404,9318034
357405,9318034
357406,9318034
357407,9318034
357408,9318034
357410,9318034
357411,9318034
357412,9318034
357413,9318034
357414,9318034
357415,9318034
357417,9318034
357420,9318034
357421,9318034
357422,9318034
357423,9318034
357424,9318034
357425,9318034
357426,9318034
357427,9318034
357429,9318034
357430,9318034
357431,9318034
357432,9318034
357434,9318034
357435,9318034
357437,9318034
357438,9318034
357439,9318034
357440,9318034
357441,9318034
357444,9318034
357445,9318034
357447,9318034
357448,9318034
357449,9318034
357450,9318034
357351,9318333
357352,9318333
357353,9318333
357355,9318333
357356,9318333
357357,9318333
357358,9318333
357359,9318333
357360,9318333
357361,9318333
357362,9318333
357363,9318333
357364,9318333
357365,9318333
357366,9318333
357368,9318333
357369,9318333
357371,9318333
357372,9318333
357373,9318333
357374,9318333
357375,9318333
357377,9318333
357378,9318333
357379,9318333
357380,9318333
357382,9318333
357383,9318333
357384,9318333
357385,9318333
357387,9318333
357388,9318333
357389,9318333
357391,9318333
357393,9318333
357394,9318333
357396,9318333
357397,9318333
357398,9318333
357400,9318333
171651,9321639
171652,9321639
171653,9321639
171654,9321639
171655,9321639
171656,9321639
171657,9321639
171658,9321639
171659,9321639
171660,9321639
171661,9321639
171662,9321639
171663,9321639
171665,9321639
171666,9321639
171667,9321639
171668,9321639
171669,9321639
171670,9321639
171671,9321639
171672,9321639
171676,9321639
171678,9321639
171680,9321639
171681,9321639
171682,9321639
171683,9321639
171685,9321639
171686,9321639
171687,9321639
171690,9321639
171691,9321639
171692,9321639
171693,9321639
171695,9321639
171696,9321639
171697,9321639
171698,9321639
171699,9321639
171700,9321639
121351,9321641
121352,9321641
121353,9321641
121355,9321641
121357,9321641
121359,9321641
121361,9321641
121362,9321641
121363,9321641
121364,9321641
121365,9321641
121366,9321641
121367,9321641
121368,9321641
121369,9321641
121370,9321641
121371,9321641
121373,9321641
121377,9321641
121378,9321641
121379,9321641
121380,9321641
121381,9321641
121382,9321641
121383,9321641
121384,9321641
121385,9321641
121386,9321641
121387,9321641
121388,9321641
121389,9321641
121390,9321641
121391,9321641
121392,9321641
121393,9321641
121394,9321641
121395,9321641
121396,9321641
121397,9321641
121399,9321641
332202,9321873
332204,9321873
332205,9321873
332207,9321873
332208,9321873
332209,9321873
332210,9321873
332211,9321873
332212,9321873
332213,9321873
332214,9321873
332215,9321873
332217,9321873
332218,9321873
332219,9321873
332220,9321873
332221,9321873
332222,9321873
332223,9321873
332224,9321873
332225,9321873
332226,9321873
332228,9321873
332230,9321873
332232,9321873
332233,9321873
332235,9321873
332236,9321873
332237,9321873
332239,9321873
332240,9321873
332241,9321873
332242,9321873
332243,9321873
332244,9321873
332245,9321873
332246,9321873
332248,9321873
332249,9321873
332250,9321873
162951,9322994
162952,9322994
162953,9322994
162954,9322994
162955,9322994
162956,9322994
162958,9322994
162959,9322994
162960,9322994
162961,9322994
162962,9322994
162963,9322994
162965,9322994
162966,9322994
162968,9322994
162969,9322994
162971,9322994
162972,9322994
162973,9322994
162974,9322994
162975,9322994
162976,9322994
162977,9322994
162978,9322994
162982,9322994
162983,9322994
162985,9322994
162986,9322994
162987,9322994
162988,9322994
162989,9322994
162990,9322994
162991,9322994
162992,9322994
162993,9322994
162995,9322994
162996,9322994
162998,9322994
162999,9322994
163000,9322994
63901,9327097
63903,9327097
63904,9327097
63905,9327097
63907,9327097
63908,9327097
63909,9327097
63910,9327097
63911,9327097
63912,9327097
63913,9327097
63914,9327097
63915,9327097
63918,9327097
63919,9327097
63920,9327097
63921,9327097
63923,9327097
63924,9327097
63925,9327097
63926,9327097
63927,9327097
63928,9327097
63929,9327097
63930,9327097
63931,9327097
63932,9327097
63933,9327097
63935,9327097
63936,9327097
63937,9327097
63938,9327097
63939,9327097
63940,9327097
63943,9327097
63944,9327097
63946,9327097
63948,9327097
63949,9327097
63950,9327097
73451,9327102
73452,9327102
73454,9327102
73456,9327102
73457,9327102
73458,9327102
73459,9327102
73460,9327102
73461,9327102
73462,9327102
73463,9327102
73464,9327102
73465,9327102
73466,9327102
73467,9327102
73468,9327102
73469,9327102
73470,9327102
73471,9327102
73473,9327102
73474,9327102
73475,9327102
73478,9327102
73479,9327102
73480,9327102
73483,9327102
73484,9327102
73485,9327102
73486,9327102
73487,9327102
73488,9327102
73489,9327102
73490,9327102
73491,9327102
73493,9327102
73496,9327102
73497,9327102
73498,9327102
73499,9327102
73500,9327102
26851,9330185
26852,9330185
26854,9330185
26855,9330185
26857,9330185
26858,9330185
26859,9330185
26860,9330185
26861,9330185
26862,9330185
26864,9330185
26865,9330185
26866,9330185
26868,9330185
26869,9330185
26871,9330185
26872,9330185
26873,9330185
26874,9330185
26875,9330185
26876,9330185
26877,9330185
26878,9330185
26879,9330185
26881,9330185
26882,9330185
26883,9330185
26884,9330185
26885,9330185
26887,9330185
26888,9330185
26890,9330185
26891,9330185
26892,9330185
26893,9330185
26894,9330185
26896,9330185
26898,9330185
26899,9330185
26900,9330185
385501,9334430
385502,9334430
385503,9334430
385505,9334430
385506,9334430
385507,9334430
385508,9334430
385509,9334430
385511,9334430
385512,9334430
385513,9334430
385514,9334430
385516,9334430
385518,9334430
385519,9334430
385520,9334430
385521,9334430
385522,9334430
385523,9334430
385525,9334430
385526,9334430
385527,9334430
385528,9334430
385529,9334430
385530,9334430
385531,9334430
385532,9334430
385534,9334430
385535,9334430
385536,9334430
385538,9334430
385539,9334430
385540,9334430
385541,9334430
385543,9334430
385544,9334430
385545,9334430
385548,9334430
385549,9334430
385550,9334430
247751,9337286
247752,9337286
247753,9337286
247754,9337286
247755,9337286
247756,9337286
247758,9337286
247759,9337286
247760,9337286
247761,9337286
247762,9337286
247764,9337286
247766,9337286
247767,9337286
247768,9337286
247769,9337286
247770,9337286
247771,9337286
247772,9337286
247773,9337286
247774,9337286
247776,9337286
247779,9337286
247780,9337286
247781,9337286
247783,9337286
247784,9337286
247785,9337286
247786,9337286
247787,9337286
247788,9337286
247789,9337286
247790,9337286
247791,9337286
247792,9337286
247793,9337286
247794,9337286
247797,9337286
247798,9337286
247799,9337286
323051,9340350
323052,9340350
323054,9340350
323055,9340350
323057,9340350
323058,9340350
323060,9340350
323062,9340350
323065,9340350
323066,9340350
323067,9340350
323068,9340350
323069,9340350
323070,9340350
323071,9340350
323072,9340350
323073,9340350
323074,9340350
323075,9340350
323076,9340350
323077,9340350
323078,9340350
323079,9340350
323080,9340350
323081,9340350
323082,9340350
323083,9340350
323086,9340350
323088,9340350
323089,9340350
323090,9340350
323091,9340350
323092,9340350
323093,9340350
323094,9340350
323095,9340350
323096,9340350
323097,9340350
323099,9340350
323100,9340350
63801,9340398
63802,9340398
63804,9340398
63805,9340398
63806,9340398
63807,9340398
63808,9340398
63809,9340398
63811,9340398
63812,9340398
63814,9340398
63815,9340398
63816,9340398
63817,9340398
63818,9340398
63819,9340398
63820,9340398
63821,9340398
63822,9340398
63823,9340398
63824,9340398
63825,9340398
63826,9340398
63827,9340398
63829,9340398
63831,9340398
63832,9340398
63835,9340398
63837,9340398
63839,9340398
63840,9340398
63841,9340398
63842,9340398
63843,9340398
63845,9340398
63846,9340398
63847,9340398
63848,9340398
63849,9340398
63850,9340398
323001,9340453
323002,9340453
323003,9340453
323004,9340453
323005,9340453
323009,9340453
323010,9340453
323011,9340453
323012,9340453
323013,9340453
323014,9340453
323015,9340453
323016,9340453
323017,9340453
323018,9340453
323020,9340453
323021,9340453
323024,9340453
323025,9340453
323026,9340453
323027,9340453
323028,9340453
323029,9340453
323030,9340453
323031,9340453
323032,9340453
323033,9340453
323036,9340453
323038,9340453
323039,9340453
323041,9340453
323042,9340453
323043,9340453
323044,9340453
323045,9340453
323046,9340453
323047,9340453
323048,9340453
323049,9340453
323050,9340453
118503,9344320
118504,9344320
118505,9344320
118507,9344320
118508,9344320
118509,9344320
118510,9344320
118512,9344320
118515,9344320
118516,9344320
118517,9344320
118518,9344320
118519,9344320
118520,9344320
118521,9344320
118522,9344320
118523,9344320
118524,9344320
118525,9344320
118526,9344320
118527,9344320
118529,9344320
118530,9344320
118532,9344320
118533,9344320
118534,9344320
118535,9344320
118536,9344320
118537,9344320
118538,9344320
118539,9344320
118541,9344320
118542,9344320
118544,9344320
118545,9344320
118546,9344320
118547,9344320
118548,9344320
118549,9344320
118550,9344320
247452,9352066
247453,9352066
247454,9352066
247455,9352066
247456,9352066
247457,9352066
247459,9352066
247460,9352066
247461,9352066
247462,9352066
247463,9352066
247464,9352066
247465,9352066
247467,9352066
247468,9352066
247469,9352066
247470,9352066
247473,9352066
247474,9352066
247475,9352066
247476,9352066
247477,9352066
247478,9352066
247479,9352066
247483,9352066
247485,9352066
247486,9352066
247487,9352066
247488,9352066
247489,9352066
247490,9352066
247491,9352066
247492,9352066
247493,9352066
247494,9352066
247496,9352066
247497,9352066
247498,9352066
247499,9352066
247500,9352066
198401,9360427
198402,9360427
198404,9360427
198405,9360427
198406,9360427
198407,9360427
198408,9360427
198410,9360427
198411,9360427
198412,9360427
198413,9360427
198415,9360427
198416,9360427
198418,9360427
198419,9360427
198421,9360427
198422,9360427
198423,9360427
198424,9360427
198425,9360427
198426,9360427
198428,9360427
198429,9360427
198430,9360427
198431,9360427
198432,9360427
198433,9360427
198435,9360427
198436,9360427
198437,9360427
198438,9360427
198439,9360427
198440,9360427
198442,9360427
198443,9360427
198444,9360427
198445,9360427
198447,9360427
198449,9360427
198450,9360427
202951,9360439
202952,9360439
202955,9360439
202956,9360439
202958,9360439
202959,9360439
202960,9360439
202961,9360439
202962,9360439
202963,9360439
202966,9360439
202967,9360439
202968,9360439
202969,9360439
202970,9360439
202971,9360439
202973,9360439
202974,9360439
202975,9360439
202976,9360439
202977,9360439
202978,9360439
202980,9360439
202981,9360439
202982,9360439
202983,9360439
202985,9360439
202986,9360439
202987,9360439
202988,9360439
202989,9360439
202990,9360439
202992,9360439
202993,9360439
202994,9360439
202995,9360439
202996,9360439
202997,9360439
202998,9360439
203000,9360439
126651,9361483
126652,9361483
126654,9361483
126657,9361483
126658,9361483
126659,9361483
126660,9361483
126662,9361483
126664,9361483
126665,9361483
126666,9361483
126667,9361483
126668,9361483
126669,9361483
126671,9361483
126673,9361483
126674,9361483
126676,9361483
126677,9361483
126678,9361483
126679,9361483
126680,9361483
126681,9361483
126682,9361483
126683,9361483
126684,9361483
126685,9361483
126686,9361483
126687,9361483
126688,9361483
126690,9361483
126691,9361483
126692,9361483
126693,9361483
126694,9361483
126695,9361483
126696,9361483
126697,9361483
126698,9361483
126699,9361483
236651,9365623
236652,9365623
236653,9365623
236655,9365623
236656,9365623
236657,9365623
236658,9365623
236662,9365623
236664,9365623
236666,9365623
236667,9365623
236668,9365623
236669,9365623
236670,9365623
236672,9365623
236674,9365623
236675,9365623
236676,9365623
236677,9365623
236678,9365623
236679,9365623
236681,9365623
236682,9365623
236683,9365623
236684,9365623
236685,9365623
236686,9365623
236687,9365623
236688,9365623
236689,9365623
236690,9365623
236691,9365623
236692,9365623
236694,9365623
236695,9365623
236696,9365623
236697,9365623
236698,9365623
236699,9365623
236700,9365623
106551,9371787
106552,9371787
106553,9371787
106554,9371787
106556,9371787
106557,9371787
106558,9371787
106559,9371787
106560,9371787
106561,9371787
106563,9371787
106564,9371787
106565,9371787
106566,9371787
106567,9371787
106569,9371787
106570,9371787
106571,9371787
106572,9371787
106573,9371787
106574,9371787
106575,9371787
106576,9371787
106578,9371787
106580,9371787
106582,9371787
106583,9371787
106586,9371787
106587,9371787
106588,9371787
106589,9371787
106590,9371787
106591,9371787
106592,9371787
106593,9371787
106596,9371787
106597,9371787
106598,9371787
106599,9371787
106600,9371787
126552,9373929
126553,9373929
126554,9373929
126555,9373929
126556,9373929
126557,9373929
126558,9373929
126559,9373929
126560,9373929
126561,9373929
126563,9373929
126564,9373929
126566,9373929
126568,9373929
126569,9373929
126570,9373929
126571,9373929
126572,9373929
126573,9373929
126574,9373929
126575,9373929
126576,9373929
126577,9373929
126578,9373929
126579,9373929
126583,9373929
126584,9373929
126585,9373929
126586,9373929
126588,9373929
126589,9373929
126590,9373929
126591,9373929
126592,9373929
126593,9373929
126595,9373929
126596,9373929
126597,9373929
126599,9373929
126600,9373929
356801,9374428
356802,9374428
356803,9374428
356804,9374428
356805,9374428
356807,9374428
356808,9374428
356809,9374428
356810,9374428
356812,9374428
356813,9374428
356814,9374428
356815,9374428
356816,9374428
356817,9374428
356818,9374428
356819,9374428
356820,9374428
356821,9374428
356822,9374428
356823,9374428
356824,9374428
356825,9374428
356826,9374428
356829,9374428
356830,9374428
356831,9374428
356832,9374428
356833,9374428
356834,9374428
356835,9374428
356836,9374428
356838,9374428
356840,9374428
356842,9374428
356843,9374428
356846,9374428
356847,9374428
356849,9374428
356850,9374428
347501,9390331
347502,9390331
347503,9390331
347504,9390331
347505,9390331
347506,9390331
347507,9390331
347508,9390331
347509,9390331
347510,9390331
347511,9390331
347512,9390331
347513,9390331
347514,9390331
347515,9390331
347517,9390331
347518,9390331
347519,9390331
347521,9390331
347522,9390331
347523,9390331
347524,9390331
347526,9390331
347528,9390331
347530,9390331
347531,9390331
347533,9390331
347534,9390331
347535,9390331
347536,9390331
347538,9390331
347540,9390331
347541,9390331
347542,9390331
347543,9390331
347544,9390331
347545,9390331
347546,9390331
347547,9390331
347548,9390331
216701,9396385
216702,9396385
216703,9396385
216704,9396385
216705,9396385
216706,9396385
216708,9396385
216710,9396385
216711,9396385
216712,9396385
216713,9396385
216714,9396385
216715,9396385
216719,9396385
216720,9396385
216723,9396385
216724,9396385
216725,9396385
216726,9396385
216727,9396385
216728,9396385
216729,9396385
216730,9396385
216731,9396385
216732,9396385
216733,9396385
216734,9396385
216735,9396385
216736,9396385
216737,9396385
216738,9396385
216739,9396385
216741,9396385
216742,9396385
216743,9396385
216744,9396385
216745,9396385
216746,9396385
216748,9396385
216750,9396385
63551,9402653
63552,9402653
63553,9402653
63554,9402653
63556,9402653
63557,9402653
63559,9402653
63561,9402653
63562,9402653
63564,9402653
63565,9402653
63566,9402653
63567,9402653
63568,9402653
63570,9402653
63571,9402653
63572,9402653
63573,9402653
63574,9402653
63575,9402653
63576,9402653
63577,9402653
63579,9402653
63580,9402653
63581,9402653
63582,9402653
63583,9402653
63584,9402653
63585,9402653
63586,9402653
63587,9402653
63588,9402653
63589,9402653
63590,9402653
63592,9402653
63594,9402653
63596,9402653
63597,9402653
63598,9402653
63600,9402653
306751,9406726
306752,9406726
306753,9406726
306754,9406726
306755,9406726
306756,9406726
306757,9406726
306758,9406726
306761,9406726
306763,9406726
306764,9406726
306766,9406726
306768,9406726
306770,9406726
306771,9406726
306772,9406726
306773,9406726
306774,9406726
306775,9406726
306776,9406726
306777,9406726
306778,9406726
306779,9406726
306781,9406726
306782,9406726
306784,9406726
306785,9406726
306788,9406726
306789,9406726
306790,9406726
306791,9406726
306792,9406726
306793,9406726
306794,9406726
306795,9406726
306796,9406726
306797,9406726
306798,9406726
306799,9406726
306800,9406726
184001,9419199
184002,9419199
184003,9419199
184004,9419199
184005,9419199
184006,9419199
184007,9419199
184008,9419199
184009,9419199
184010,9419199
184011,9419199
184014,9419199
184015,9419199
184016,9419199
184017,9419199
184018,9419199
184020,9419199
184023,9419199
184024,9419199
184025,9419199
184026,9419199
184027,9419199
184029,9419199
184030,9419199
184031,9419199
184032,9419199
184033,9419199
184034,9419199
184036,9419199
184037,9419199
184039,9419199
184040,9419199
184041,9419199
184042,9419199
184043,9419199
184044,9419199
184045,9419199
184046,9419199
184049,9419199
184050,9419199
11901,9424053
11902,9424053
11903,9424053
11905,9424053
11907,9424053
11908,9424053
11909,9424053
11910,9424053
11911,9424053
11913,9424053
11915,9424053
11916,9424053
11919,9424053
11920,9424053
11921,9424053
11922,9424053
11923,9424053
11925,9424053
11927,9424053
11928,9424053
11929,9424053
11930,9424053
11931,9424053
11932,9424053
11933,9424053
11934,9424053
11935,9424053
11936,9424053
11937,9424053
11938,9424053
11939,9424053
11940,9424053
11941,9424053
11942,9424053
11943,9424053
11944,9424053
11945,9424053
11947,9424053
11948,9424053
11950,9424053
394101,9425227
394102,9425227
394103,9425227
394106,9425227
394107,9425227
394108,9425227
394110,9425227
394111,9425227
394112,9425227
394113,9425227
394115,9425227
394116,9425227
394118,9425227
394119,9425227
394120,9425227
394122,9425227
394123,9425227
394124,9425227
394125,9425227
394126,9425227
394127,9425227
394128,9425227
394129,9425227
394130,9425227
394131,9425227
394132,9425227
394133,9425227
394134,9425227
394135,9425227
394136,9425227
394137,9425227
394138,9425227
394139,9425227
394142,9425227
394143,9425227
394144,9425227
394145,9425227
394147,9425227
394148,9425227
394149,9425227
291901,9438157
291902,9438157
291904,9438157
291905,9438157
291906,9438157
291908,9438157
291909,9438157
291910,9438157
291911,9438157
291912,9438157
291913,9438157
291914,9438157
291915,9438157
291916,9438157
291918,9438157
291919,9438157
291920,9438157
291921,9438157
291923,9438157
291924,9438157
291925,9438157
291926,9438157
291928,9438157
291929,9438157
291930,9438157
291931,9438157
291932,9438157
291935,9438157
291936,9438157
291937,9438157
291938,9438157
291939,9438157
291940,9438157
291941,9438157
291943,9438157
291944,9438157
291946,9438157
291947,9438157
291949,9438157
291950,9438157
230851,9439319
230853,9439319
230855,9439319
230857,9439319
230858,9439319
230859,9439319
230861,9439319
230862,9439319
230863,9439319
230864,9439319
230866,9439319
230867,9439319
230868,9439319
230870,9439319
230871,9439319
230872,9439319
230873,9439319
230874,9439319
230875,9439319
230876,9439319
230877,9439319
230879,9439319
230880,9439319
230881,9439319
230883,9439319
230884,9439319
230885,9439319
230886,9439319
230887,9439319
230888,9439319
230889,9439319
230890,9439319
230891,9439319
230892,9439319
230893,9439319
230894,9439319
230895,9439319
230896,9439319
230897,9439319
230900,9439319
197751,9439345
197752,9439345
197753,9439345
197754,9439345
197755,9439345
197756,9439345
197757,9439345
197759,9439345
197760,9439345
197761,9439345
197762,9439345
197764,9439345
197765,9439345
197766,9439345
197767,9439345
197768,9439345
197769,9439345
197770,9439345
197771,9439345
197772,9439345
197773,9439345
197774,9439345
197775,9439345
197777,9439345
197778,9439345
197780,9439345
197782,9439345
197783,9439345
197784,9439345
197785,9439345
197786,9439345
197787,9439345
197789,9439345
197791,9439345
197793,9439345
197794,9439345
197795,9439345
197797,9439345
197799,9439345
197800,9439345
298201,9476135
298202,9476135
298203,9476135
298204,9476135
298205,9476135
298206,9476135
298209,9476135
298211,9476135
298212,9476135
298213,9476135
298214,9476135
298215,9476135
298216,9476135
298219,9476135
298220,9476135
298222,9476135
298223,9476135
298224,9476135
298225,9476135
298226,9476135
298227,9476135
298228,9476135
298229,9476135
298230,9476135
298231,9476135
298232,9476135
298233,9476135
298234,9476135
298235,9476135
298236,9476135
298237,9476135
298238,9476135
298239,9476135
298240,9476135
298243,9476135
298245,9476135
298247,9476135
298248,9476135
298249,9476135
298250,9476135
306051,9477555
306052,9477555
306053,9477555
306054,9477555
306057,9477555
306059,9477555
306061,9477555
306062,9477555
306063,9477555
306065,9477555
306066,9477555
306067,9477555
306068,9477555
306069,9477555
306070,9477555
306071,9477555
306072,9477555
306073,9477555
306075,9477555
306076,9477555
306077,9477555
306078,9477555
306079,9477555
306080,9477555
306081,9477555
306082,9477555
306083,9477555
306084,9477555
306086,9477555
306087,9477555
306088,9477555
306090,9477555
306092,9477555
306094,9477555
306095,9477555
306096,9477555
306097,9477555
306098,9477555
306099,9477555
306100,9477555
383653,9485356
383654,9485356
383656,9485356
383657,9485356
383658,9485356
383659,9485356
383660,9485356
383661,9485356
383662,9485356
383663,9485356
383664,9485356
383665,9485356
383667,9485356
383668,9485356
383669,9485356
383670,9485356
383671,9485356
383672,9485356
383673,9485356
383674,9485356
383675,9485356
383676,9485356
383677,9485356
383678,9485356
383679,9485356
383680,9485356
383681,9485356
383682,9485356
383683,9485356
383684,9485356
383686,9485356
383687,9485356
383688,9485356
383692,9485356
383693,9485356
383694,9485356
383696,9485356
383698,9485356
383699,9485356
383700,9485356
42551,9494216
42552,9494216
42553,9494216
42554,9494216
42555,9494216
42556,9494216
42557,9494216
42558,9494216
42559,9494216
42560,9494216
42562,9494216
42563,9494216
42564,9494216
42565,9494216
42566,9494216
42567,9494216
42568,9494216
42569,9494216
42571,9494216
42572,9494216
42573,9494216
42574,9494216
42575,9494216
42576,9494216
42577,9494216
42578,9494216
42579,9494216
42581,9494216
42583,9494216
42584,9494216
42585,9494216
42587,9494216
42588,9494216
42589,9494216
42590,9494216
42591,9494216
42592,9494216
42593,9494216
42594,9494216
42596,9494216
383601,9494876
383602,9494876
383603,9494876
383604,9494876
383605,9494876
383606,9494876
383607,9494876
383608,9494876
383609,9494876
383610,9494876
383611,9494876
383614,9494876
383615,9494876
383616,9494876
383617,9494876
383618,9494876
383619,9494876
383620,9494876
383621,9494876
383624,9494876
383625,9494876
383626,9494876
383627,9494876
383628,9494876
383629,9494876
383630,9494876
383631,9494876
383632,9494876
383633,9494876
383635,9494876
383636,9494876
383637,9494876
383638,9494876
383640,9494876
383641,9494876
383645,9494876
383646,9494876
383647,9494876
383648,9494876
383650,9494876
126451,9518799
126452,9518799
126453,9518799
126455,9518799
126456,9518799
126457,9518799
126458,9518799
126459,9518799
126460,9518799
126461,9518799
126462,9518799
126464,9518799
126465,9518799
126466,9518799
126467,9518799
126468,9518799
126470,9518799
126473,9518799
126474,9518799
126475,9518799
126476,9518799
126477,9518799
126478,9518799
126479,9518799
126481,9518799
126482,9518799
126483,9518799
126485,9518799
126486,9518799
126487,9518799
126488,9518799
126489,9518799
126490,9518799
126491,9518799
126492,9518799
126494,9518799
126495,9518799
126496,9518799
126498,9518799
126499,9518799
241102,9523548
241104,9523548
241106,9523548
241107,9523548
241110,9523548
241111,9523548
241112,9523548
241114,9523548
241115,9523548
241116,9523548
241117,9523548
241118,9523548
241119,9523548
241120,9523548
241121,9523548
241124,9523548
241125,9523548
241126,9523548
241127,9523548
241128,9523548
241129,9523548
241130,9523548
241132,9523548
241133,9523548
241134,9523548
241135,9523548
241136,9523548
241137,9523548
241138,9523548
241139,9523548
241140,9523548
241142,9523548
241143,9523548
241144,9523548
241145,9523548
241146,9523548
241147,9523548
241148,9523548
241149,9523548
241150,9523548
329951,9566693
329952,9566693
329953,9566693
329954,9566693
329956,9566693
329957,9566693
329958,9566693
329959,9566693
329960,9566693
329961,9566693
329962,9566693
329963,9566693
329964,9566693
329965,9566693
329966,9566693
329968,9566693
329969,9566693
329973,9566693
329974,9566693
329975,9566693
329976,9566693
329977,9566693
329979,9566693
329980,9566693
329981,9566693
329982,9566693
329983,9566693
329984,9566693
329985,9566693
329986,9566693
329987,9566693
329989,9566693
329991,9566693
329992,9566693
329994,9566693
329995,9566693
329996,9566693
329998,9566693
329999,9566693
330000,9566693
