51151,7382902
51152,7382902
51153,7382902
51154,7382902
51155,7382902
51156,7382902
51158,7382902
51159,7382902
51160,7382902
51162,7382902
51163,7382902
51164,7382902
51165,7382902
51166,7382902
51167,7382902
51168,7382902
51169,7382902
51171,7382902
51173,7382902
51175,7382902
51178,7382902
51179,7382902
51180,7382902
51182,7382902
51183,7382902
51184,7382902
51185,7382902
51186,7382902
51187,7382902
51188,7382902
51190,7382902
51191,7382902
51192,7382902
51193,7382902
51194,7382902
51195,7382902
51196,7382902
51197,7382902
51198,7382902
51200,7382902
362551,7600574
362552,7600574
362554,7600574
362555,7600574
362556,7600574
362557,7600574
362558,7600574
362559,7600574
362561,7600574
362562,7600574
362563,7600574
362565,7600574
362566,7600574
362567,7600574
362569,7600574
362571,7600574
362572,7600574
362573,7600574
362575,7600574
362576,7600574
362577,7600574
362578,7600574
362579,7600574
362580,7600574
362582,7600574
362583,7600574
362584,7600574
362586,7600574
362587,7600574
362588,7600574
362590,7600574
362591,7600574
362592,7600574
362594,7600574
362595,7600574
362596,7600574
362597,7600574
362598,7600574
362599,7600574
362600,7600574
381601,8101331
381602,8101331
381603,8101331
381606,8101331
381607,8101331
381610,8101331
381611,8101331
381612,8101331
381615,8101331
381616,8101331
381617,8101331
381618,8101331
381619,8101331
381621,8101331
381622,8101331
381623,8101331
381624,8101331
381625,8101331
381626,8101331
381627,8101331
381628,8101331
381629,8101331
381630,8101331
381631,8101331
381632,8101331
381633,8101331
381634,8101331
381635,8101331
381636,8101331
381637,8101331
381638,8101331
381639,8101331
381640,8101331
381642,8101331
381644,8101331
381645,8101331
381646,8101331
381647,8101331
381648,8101331
381649,8101331
361501,8511275
361503,8511275
361504,8511275
361505,8511275
361506,8511275
361507,8511275
361509,8511275
361511,8511275
361512,8511275
361514,8511275
361515,8511275
361516,8511275
361517,8511275
361519,8511275
361521,8511275
361523,8511275
361524,8511275
361526,8511275
361527,8511275
361528,8511275
361529,8511275
361530,8511275
361531,8511275
361532,8511275
361533,8511275
361534,8511275
361535,8511275
361536,8511275
361537,8511275
361538,8511275
361539,8511275
361540,8511275
361541,8511275
361542,8511275
361544,8511275
361546,8511275
361547,8511275
361548,8511275
361549,8511275
361550,8511275
150351,8717283
150352,8717283
150353,8717283
150355,8717283
150356,8717283
150357,8717283
150360,8717283
150361,8717283
150363,8717283
150364,8717283
150365,8717283
150366,8717283
150367,8717283
150368,8717283
150369,8717283
150370,8717283
150371,8717283
150372,8717283
150373,8717283
150374,8717283
150375,8717283
150377,8717283
150378,8717283
150379,8717283
150381,8717283
150383,8717283
150384,8717283
150385,8717283
150386,8717283
150388,8717283
150389,8717283
150390,8717283
150391,8717283
150392,8717283
150393,8717283
150395,8717283
150396,8717283
150397,8717283
150398,8717283
150400,8717283
256602,8722109
256603,8722109
256604,8722109
256606,8722109
256607,8722109
256608,8722109
256609,8722109
256610,8722109
256611,8722109
256613,8722109
256615,8722109
256616,8722109
256617,8722109
256618,8722109
256619,8722109
256620,8722109
256621,8722109
256622,8722109
256624,8722109
256626,8722109
256627,8722109
256628,8722109
256629,8722109
256630,8722109
256631,8722109
256632,8722109
256633,8722109
256634,8722109
256635,8722109
256636,8722109
256637,8722109
256638,8722109
256639,8722109
256640,8722109
256643,8722109
256644,8722109
256646,8722109
256647,8722109
256649,8722109
256650,8722109
343801,8901561
343802,8901561
343803,8901561
343804,8901561
343806,8901561
343807,8901561
343809,8901561
343810,8901561
343811,8901561
343813,8901561
343814,8901561
343815,8901561
343816,8901561
343817,8901561
343818,8901561
343819,8901561
343820,8901561
343821,8901561
343822,8901561
343823,8901561
343824,8901561
343825,8901561
343826,8901561
343831,8901561
343833,8901561
343834,8901561
343836,8901561
343837,8901561
343838,8901561
343840,8901561
343841,8901561
343842,8901561
343843,8901561
343844,8901561
343845,8901561
343846,8901561
343847,8901561
343848,8901561
343849,8901561
343850,8901561
33652,9019107
33653,9019107
33654,9019107
33656,9019107
33658,9019107
33659,9019107
33662,9019107
33663,9019107
33664,9019107
33665,9019107
33666,9019107
33667,9019107
33669,9019107
33670,9019107
33671,9019107
33672,9019107
33673,9019107
33674,9019107
33675,9019107
33677,9019107
33678,9019107
33679,9019107
33680,9019107
33682,9019107
33683,9019107
33684,9019107
33685,9019107
33686,9019107
33687,9019107
33688,9019107
33689,9019107
33690,9019107
33691,9019107
33692,9019107
33693,9019107
33696,9019107
33697,9019107
33698,9019107
33699,9019107
33700,9019107
149952,9046497
149953,9046497
149954,9046497
149955,9046497
149956,9046497
149957,9046497
149958,9046497
149959,9046497
149960,9046497
149961,9046497
149962,9046497
149964,9046497
149965,9046497
149967,9046497
149968,9046497
149969,9046497
149970,9046497
149972,9046497
149975,9046497
149977,9046497
149978,9046497
149979,9046497
149980,9046497
149982,9046497
149984,9046497
149985,9046497
149986,9046497
149988,9046497
149989,9046497
149990,9046497
149991,9046497
149992,9046497
149993,9046497
149994,9046497
149995,9046497
149996,9046497
149997,9046497
149998,9046497
149999,9046497
150000,9046497
388451,9165554
388452,9165554
388453,9165554
388455,9165554
388456,9165554
388459,9165554
388460,9165554
388461,9165554
388463,9165554
388465,9165554
388466,9165554
388467,9165554
388468,9165554
388469,9165554
388470,9165554
388471,9165554
388473,9165554
388474,9165554
388475,9165554
388476,9165554
388477,9165554
388478,9165554
388479,9165554
388480,9165554
388481,9165554
388482,9165554
388483,9165554
388484,9165554
388485,9165554
388487,9165554
388488,9165554
388489,9165554
388490,9165554
388492,9165554
388493,9165554
388495,9165554
388496,9165554
388498,9165554
388499,9165554
388500,9165554
238051,9233997
238052,9233997
238053,9233997
238054,9233997
238056,9233997
238057,9233997
238058,9233997
238060,9233997
238062,9233997
238063,9233997
238064,9233997
238065,9233997
238066,9233997
238068,9233997
238069,9233997
238071,9233997
238072,9233997
238073,9233997
238074,9233997
238076,9233997
238077,9233997
238078,9233997
238079,9233997
238080,9233997
238081,9233997
238082,9233997
238083,9233997
238084,9233997
238085,9233997
238086,9233997
238087,9233997
238088,9233997
238089,9233997
238091,9233997
238092,9233997
238095,9233997
238097,9233997
238098,9233997
238099,9233997
238100,9233997
341102,9234018
341103,9234018
341104,9234018
341105,9234018
341106,9234018
341107,9234018
341111,9234018
341112,9234018
341113,9234018
341114,9234018
341115,9234018
341116,9234018
341117,9234018
341120,9234018
341121,9234018
341122,9234018
341123,9234018
341124,9234018
341125,9234018
341126,9234018
341128,9234018
341129,9234018
341130,9234018
341131,9234018
341133,9234018
341134,9234018
341135,9234018
341136,9234018
341137,9234018
341138,9234018
341140,9234018
341141,9234018
341142,9234018
341143,9234018
341144,9234018
341145,9234018
341146,9234018
341147,9234018
341149,9234018
341150,9234018
349753,9268629
349754,9268629
349755,9268629
349756,9268629
349757,9268629
349758,9268629
349759,9268629
349760,9268629
349761,9268629
349762,9268629
349765,9268629
349766,9268629
349767,9268629
349768,9268629
349772,9268629
349773,9268629
349774,9268629
349775,9268629
349776,9268629
349777,9268629
349778,9268629
349779,9268629
349780,9268629
349781,9268629
349782,9268629
349783,9268629
349784,9268629
349785,9268629
349786,9268629
349788,9268629
349789,9268629
349790,9268629
349791,9268629
349793,9268629
349794,9268629
349795,9268629
349796,9268629
349797,9268629
349798,9268629
349800,9268629
167851,9285548
167852,9285548
167853,9285548
167854,9285548
167855,9285548
167856,9285548
167857,9285548
167858,9285548
167859,9285548
167860,9285548
167862,9285548
167863,9285548
167864,9285548
167865,9285548
167867,9285548
167868,9285548
167869,9285548
167870,9285548
167873,9285548
167874,9285548
167875,9285548
167876,9285548
167877,9285548
167879,9285548
167880,9285548
167881,9285548
167882,9285548
167883,9285548
167886,9285548
167889,9285548
167890,9285548
167892,9285548
167893,9285548
167894,9285548
167895,9285548
167896,9285548
167897,9285548
167898,9285548
167899,9285548
167900,9285548
104701,9327528
104702,9327528
104703,9327528
104704,9327528
104705,9327528
104706,9327528
104707,9327528
104708,9327528
104709,9327528
104710,9327528
104711,9327528
104713,9327528
104714,9327528
104715,9327528
104720,9327528
104721,9327528
104723,9327528
104724,9327528
104725,9327528
104726,9327528
104727,9327528
104728,9327528
104729,9327528
104730,9327528
104731,9327528
104732,9327528
104733,9327528
104734,9327528
104735,9327528
104737,9327528
104738,9327528
104739,9327528
104740,9327528
104741,9327528
104742,9327528
104744,9327528
104745,9327528
104747,9327528
104748,9327528
104749,9327528
348401,9335379
348402,9335379
348403,9335379
348405,9335379
348407,9335379
348408,9335379
348411,9335379
348412,9335379
348413,9335379
348415,9335379
348416,9335379
348417,9335379
348420,9335379
348421,9335379
348422,9335379
348423,9335379
348424,9335379
348425,9335379
348426,9335379
348428,9335379
348429,9335379
348430,9335379
348431,9335379
348434,9335379
348435,9335379
348436,9335379
348437,9335379
348438,9335379
348439,9335379
348440,9335379
348441,9335379
348442,9335379
348443,9335379
348444,9335379
348445,9335379
348446,9335379
348447,9335379
348448,9335379
348449,9335379
348450,9335379
375651,9338242
375652,9338242
375654,9338242
375655,9338242
375657,9338242
375658,9338242
375659,9338242
375660,9338242
375663,9338242
375665,9338242
375667,9338242
375668,9338242
375669,9338242
375670,9338242
375671,9338242
375672,9338242
375673,9338242
375674,9338242
375675,9338242
375676,9338242
375677,9338242
375678,9338242
375679,9338242
375681,9338242
375682,9338242
375683,9338242
375684,9338242
375685,9338242
375686,9338242
375687,9338242
375688,9338242
375689,9338242
375690,9338242
375692,9338242
375693,9338242
375695,9338242
375696,9338242
375697,9338242
375699,9338242
375700,9338242
277252,9504011
277253,9504011
277255,9504011
277256,9504011
277258,9504011
277259,9504011
277260,9504011
277261,9504011
277262,9504011
277264,9504011
277266,9504011
277267,9504011
277268,9504011
277269,9504011
277271,9504011
277272,9504011
277273,9504011
277274,9504011
277275,9504011
277277,9504011
277278,9504011
277280,9504011
277281,9504011
277282,9504011
277284,9504011
277285,9504011
277286,9504011
277287,9504011
277288,9504011
277289,9504011
277290,9504011
277291,9504011
277292,9504011
277293,9504011
277294,9504011
277296,9504011
277297,9504011
277298,9504011
277299,9504011
277300,9504011
277101,9583445
277102,9583445
277103,9583445
277104,9583445
277105,9583445
277106,9583445
277108,9583445
277109,9583445
277111,9583445
277112,9583445
277113,9583445
277114,9583445
277115,9583445
277116,9583445
277117,9583445
277118,9583445
277121,9583445
277123,9583445
277124,9583445
277126,9583445
277127,9583445
277128,9583445
277129,9583445
277130,9583445
277132,9583445
277134,9583445
277135,9583445
277136,9583445
277137,9583445
277138,9583445
277141,9583445
277142,9583445
277143,9583445
277144,9583445
277145,9583445
277146,9583445
277147,9583445
277148,9583445
277149,9583445
277150,9583445
