51151,7382902
51152,7382902
51153,7382902
51155,7382902
51156,7382902
51157,7382902
51158,7382902
51159,7382902
51161,7382902
51162,7382902
51163,7382902
51165,7382902
51166,7382902
51167,7382902
51168,7382902
51170,7382902
51171,7382902
51172,7382902
51174,7382902
51175,7382902
51176,7382902
51177,7382902
51178,7382902
51179,7382902
51180,7382902
51181,7382902
51182,7382902
51183,7382902
51186,7382902
51188,7382902
51189,7382902
51190,7382902
51192,7382902
51193,7382902
51194,7382902
51196,7382902
51197,7382902
51198,7382902
51199,7382902
51200,7382902
362551,7600574
362552,7600574
362553,7600574
362555,7600574
362556,7600574
362557,7600574
362559,7600574
362560,7600574
362562,7600574
362563,7600574
362564,7600574
362565,7600574
362566,7600574
362568,7600574
362569,7600574
362570,7600574
362571,7600574
362572,7600574
362573,7600574
362574,7600574
362575,7600574
362576,7600574
362577,7600574
362579,7600574
362580,7600574
362581,7600574
362582,7600574
362583,7600574
362584,7600574
362585,7600574
362586,7600574
362589,7600574
362590,7600574
362591,7600574
362593,7600574
362594,7600574
362596,7600574
362597,7600574
362598,7600574
362599,7600574
381601,8101331
381602,8101331
381604,8101331
381605,8101331
381606,8101331
381607,8101331
381608,8101331
381609,8101331
381610,8101331
381612,8101331
381613,8101331
381614,8101331
381615,8101331
381616,8101331
381617,8101331
381618,8101331
381620,8101331
381621,8101331
381622,8101331
381623,8101331
381624,8101331
381626,8101331
381627,8101331
381628,8101331
381629,8101331
381633,8101331
381634,8101331
381635,8101331
381637,8101331
381638,8101331
381639,8101331
381640,8101331
381641,8101331
381642,8101331
381643,8101331
381646,8101331
381647,8101331
381648,8101331
381649,8101331
381650,8101331
361501,8511275
361502,8511275
361503,8511275
361505,8511275
361507,8511275
361508,8511275
361509,8511275
361510,8511275
361511,8511275
361512,8511275
361513,8511275
361514,8511275
361515,8511275
361516,8511275
361517,8511275
361518,8511275
361519,8511275
361520,8511275
361521,8511275
361522,8511275
361523,8511275
361525,8511275
361527,8511275
361529,8511275
361530,8511275
361532,8511275
361533,8511275
361534,8511275
361535,8511275
361536,8511275
361537,8511275
361538,8511275
361542,8511275
361543,8511275
361544,8511275
361545,8511275
361546,8511275
361547,8511275
361549,8511275
361550,8511275
150351,8717283
150352,8717283
150353,8717283
150354,8717283
150355,8717283
150357,8717283
150358,8717283
150359,8717283
150360,8717283
150361,8717283
150362,8717283
150363,8717283
150364,8717283
150365,8717283
150366,8717283
150368,8717283
150369,8717283
150370,8717283
150371,8717283
150372,8717283
150373,8717283
150374,8717283
150376,8717283
150377,8717283
150378,8717283
150380,8717283
150381,8717283
150382,8717283
150383,8717283
150384,8717283
150385,8717283
150387,8717283
150388,8717283
150391,8717283
150394,8717283
150395,8717283
150396,8717283
150397,8717283
150399,8717283
150400,8717283
256601,8722109
256602,8722109
256603,8722109
256605,8722109
256607,8722109
256608,8722109
256609,8722109
256611,8722109
256612,8722109
256613,8722109
256614,8722109
256616,8722109
256617,8722109
256618,8722109
256619,8722109
256620,8722109
256621,8722109
256622,8722109
256623,8722109
256625,8722109
256626,8722109
256627,8722109
256628,8722109
256629,8722109
256630,8722109
256631,8722109
256632,8722109
256633,8722109
256635,8722109
256636,8722109
256637,8722109
256639,8722109
256640,8722109
256641,8722109
256642,8722109
256643,8722109
256644,8722109
256645,8722109
256646,8722109
256648,8722109
343801,8901561
343802,8901561
343805,8901561
343806,8901561
343808,8901561
343809,8901561
343810,8901561
343811,8901561
343812,8901561
343813,8901561
343815,8901561
343817,8901561
343818,8901561
343819,8901561
343820,8901561
343821,8901561
343822,8901561
343823,8901561
343824,8901561
343825,8901561
343827,8901561
343828,8901561
343829,8901561
343830,8901561
343831,8901561
343832,8901561
343833,8901561
343834,8901561
343835,8901561
343837,8901561
343838,8901561
343839,8901561
343840,8901561
343841,8901561
343842,8901561
343843,8901561
343844,8901561
343847,8901561
343848,8901561
343849,8901561
33651,9019107
33652,9019107
33653,9019107
33654,9019107
33655,9019107
33657,9019107
33658,9019107
33659,9019107
33660,9019107
33661,9019107
33662,9019107
33663,9019107
33665,9019107
33668,9019107
33669,9019107
33670,9019107
33672,9019107
33673,9019107
33674,9019107
33675,9019107
33676,9019107
33677,9019107
33678,9019107
33679,9019107
33680,9019107
33681,9019107
33682,9019107
33683,9019107
33684,9019107
33685,9019107
33686,9019107
33688,9019107
33690,9019107
33691,9019107
33692,9019107
33694,9019107
33695,9019107
33697,9019107
33698,9019107
33699,9019107
149951,9046497
149953,9046497
149954,9046497
149955,9046497
149956,9046497
149957,9046497
149958,9046497
149960,9046497
149961,9046497
149963,9046497
149966,9046497
149967,9046497
149968,9046497
149969,9046497
149970,9046497
149971,9046497
149973,9046497
149974,9046497
149975,9046497
149976,9046497
149977,9046497
149978,9046497
149979,9046497
149980,9046497
149981,9046497
149983,9046497
149984,9046497
149985,9046497
149986,9046497
149987,9046497
149988,9046497
149989,9046497
149992,9046497
149993,9046497
149994,9046497
149995,9046497
149996,9046497
149997,9046497
149999,9046497
150000,9046497
388451,9165554
388452,9165554
388453,9165554
388454,9165554
388457,9165554
388458,9165554
388459,9165554
388460,9165554
388461,9165554
388462,9165554
388463,9165554
388464,9165554
388465,9165554
388467,9165554
388468,9165554
388470,9165554
388471,9165554
388472,9165554
388473,9165554
388475,9165554
388476,9165554
388477,9165554
388479,9165554
388480,9165554
388481,9165554
388482,9165554
388483,9165554
388484,9165554
388485,9165554
388486,9165554
388487,9165554
388489,9165554
388490,9165554
388491,9165554
388494,9165554
388495,9165554
388496,9165554
388497,9165554
388498,9165554
388500,9165554
238051,9233997
238052,9233997
238053,9233997
238055,9233997
238059,9233997
238060,9233997
238061,9233997
238063,9233997
238064,9233997
238065,9233997
238067,9233997
238068,9233997
238069,9233997
238070,9233997
238071,9233997
238072,9233997
238073,9233997
238074,9233997
238075,9233997
238077,9233997
238078,9233997
238080,9233997
238081,9233997
238082,9233997
238084,9233997
238085,9233997
238086,9233997
238087,9233997
238088,9233997
238089,9233997
238090,9233997
238091,9233997
238092,9233997
238093,9233997
238094,9233997
238096,9233997
238097,9233997
238098,9233997
238099,9233997
238100,9233997
341101,9234018
341102,9234018
341103,9234018
341105,9234018
341106,9234018
341107,9234018
341108,9234018
341109,9234018
341110,9234018
341111,9234018
341112,9234018
341113,9234018
341115,9234018
341116,9234018
341117,9234018
341118,9234018
341119,9234018
341120,9234018
341121,9234018
341122,9234018
341123,9234018
341124,9234018
341125,9234018
341127,9234018
341130,9234018
341132,9234018
341134,9234018
341136,9234018
341137,9234018
341139,9234018
341140,9234018
341141,9234018
341142,9234018
341143,9234018
341144,9234018
341145,9234018
341146,9234018
341148,9234018
341149,9234018
341150,9234018
349751,9268629
349752,9268629
349753,9268629
349754,9268629
349756,9268629
349759,9268629
349760,9268629
349761,9268629
349762,9268629
349763,9268629
349764,9268629
349765,9268629
349766,9268629
349767,9268629
349769,9268629
349770,9268629
349771,9268629
349772,9268629
349773,9268629
349774,9268629
349775,9268629
349776,9268629
349778,9268629
349780,9268629
349781,9268629
349783,9268629
349784,9268629
349786,9268629
349787,9268629
349788,9268629
349789,9268629
349790,9268629
349791,9268629
349792,9268629
349794,9268629
349795,9268629
349796,9268629
349797,9268629
349798,9268629
349799,9268629
167853,9285548
167854,9285548
167855,9285548
167856,9285548
167857,9285548
167858,9285548
167859,9285548
167860,9285548
167861,9285548
167863,9285548
167866,9285548
167867,9285548
167868,9285548
167869,9285548
167871,9285548
167872,9285548
167873,9285548
167874,9285548
167875,9285548
167876,9285548
167877,9285548
167878,9285548
167879,9285548
167880,9285548
167882,9285548
167883,9285548
167884,9285548
167885,9285548
167886,9285548
167887,9285548
167888,9285548
167889,9285548
167890,9285548
167891,9285548
167892,9285548
167893,9285548
167894,9285548
167897,9285548
167898,9285548
167900,9285548
104701,9327528
104702,9327528
104703,9327528
104705,9327528
104706,9327528
104707,9327528
104708,9327528
104710,9327528
104711,9327528
104712,9327528
104713,9327528
104715,9327528
104716,9327528
104717,9327528
104718,9327528
104719,9327528
104720,9327528
104721,9327528
104722,9327528
104723,9327528
104724,9327528
104726,9327528
104728,9327528
104729,9327528
104730,9327528
104731,9327528
104732,9327528
104733,9327528
104735,9327528
104736,9327528
104737,9327528
104739,9327528
104741,9327528
104742,9327528
104743,9327528
104745,9327528
104746,9327528
104747,9327528
104749,9327528
104750,9327528
348401,9335379
348402,9335379
348403,9335379
348404,9335379
348405,9335379
348406,9335379
348407,9335379
348408,9335379
348409,9335379
348410,9335379
348411,9335379
348412,9335379
348413,9335379
348414,9335379
348415,9335379
348416,9335379
348418,9335379
348419,9335379
348421,9335379
348422,9335379
348423,9335379
348424,9335379
348425,9335379
348426,9335379
348427,9335379
348428,9335379
348430,9335379
348431,9335379
348432,9335379
348433,9335379
348434,9335379
348435,9335379
348436,9335379
348438,9335379
348440,9335379
348441,9335379
348445,9335379
348446,9335379
348448,9335379
348450,9335379
375651,9338242
375653,9338242
375655,9338242
375656,9338242
375658,9338242
375659,9338242
375660,9338242
375661,9338242
375662,9338242
375663,9338242
375664,9338242
375665,9338242
375666,9338242
375667,9338242
375668,9338242
375669,9338242
375671,9338242
375672,9338242
375673,9338242
375675,9338242
375676,9338242
375677,9338242
375678,9338242
375679,9338242
375680,9338242
375683,9338242
375685,9338242
375686,9338242
375688,9338242
375689,9338242
375691,9338242
375692,9338242
375693,9338242
375694,9338242
375695,9338242
375696,9338242
375697,9338242
375698,9338242
375699,9338242
375700,9338242
277251,9504011
277252,9504011
277253,9504011
277254,9504011
277257,9504011
277258,9504011
277262,9504011
277263,9504011
277264,9504011
277265,9504011
277266,9504011
277268,9504011
277269,9504011
277270,9504011
277271,9504011
277272,9504011
277273,9504011
277274,9504011
277275,9504011
277276,9504011
277277,9504011
277278,9504011
277279,9504011
277280,9504011
277281,9504011
277282,9504011
277283,9504011
277285,9504011
277286,9504011
277287,9504011
277288,9504011
277289,9504011
277290,9504011
277291,9504011
277292,9504011
277294,9504011
277295,9504011
277298,9504011
277299,9504011
277300,9504011
277101,9583445
277103,9583445
277104,9583445
277105,9583445
277107,9583445
277108,9583445
277109,9583445
277110,9583445
277111,9583445
277112,9583445
277113,9583445
277115,9583445
277116,9583445
277118,9583445
277119,9583445
277120,9583445
277121,9583445
277122,9583445
277124,9583445
277125,9583445
277126,9583445
277127,9583445
277128,9583445
277129,9583445
277130,9583445
277131,9583445
277133,9583445
277134,9583445
277135,9583445
277136,9583445
277137,9583445
277138,9583445
277139,9583445
277140,9583445
277141,9583445
277142,9583445
277143,9583445
277146,9583445
277147,9583445
277148,9583445
