206151,7421966
206152,7421966
206156,7421966
206157,7421966
206159,7421966
206160,7421966
206161,7421966
206163,7421966
206164,7421966
206167,7421966
206168,7421966
206169,7421966
206170,7421966
206171,7421966
206172,7421966
206173,7421966
206174,7421966
206175,7421966
206176,7421966
206177,7421966
206178,7421966
206179,7421966
206181,7421966
206182,7421966
206183,7421966
206184,7421966
206185,7421966
206186,7421966
206187,7421966
206188,7421966
206189,7421966
206190,7421966
206191,7421966
206192,7421966
206193,7421966
206196,7421966
206197,7421966
206198,7421966
206199,7421966
206200,7421966
381151,8325066
381152,8325066
381153,8325066
381155,8325066
381157,8325066
381158,8325066
381159,8325066
381160,8325066
381161,8325066
381162,8325066
381163,8325066
381165,8325066
381166,8325066
381167,8325066
381168,8325066
381169,8325066
381170,8325066
381171,8325066
381172,8325066
381173,8325066
381174,8325066
381178,8325066
381179,8325066
381180,8325066
381182,8325066
381183,8325066
381184,8325066
381185,8325066
381186,8325066
381187,8325066
381188,8325066
381189,8325066
381191,8325066
381192,8325066
381193,8325066
381195,8325066
381196,8325066
381197,8325066
381198,8325066
381199,8325066
390501,8414570
390502,8414570
390504,8414570
390505,8414570
390506,8414570
390507,8414570
390508,8414570
390509,8414570
390511,8414570
390512,8414570
390513,8414570
390514,8414570
390516,8414570
390518,8414570
390519,8414570
390520,8414570
390521,8414570
390522,8414570
390523,8414570
390524,8414570
390526,8414570
390528,8414570
390529,8414570
390530,8414570
390531,8414570
390532,8414570
390533,8414570
390534,8414570
390535,8414570
390536,8414570
390537,8414570
390539,8414570
390540,8414570
390543,8414570
390544,8414570
390545,8414570
390546,8414570
390547,8414570
390549,8414570
390550,8414570
368352,9165542
368353,9165542
368354,9165542
368355,9165542
368357,9165542
368358,9165542
368359,9165542
368360,9165542
368361,9165542
368362,9165542
368363,9165542
368364,9165542
368366,9165542
368367,9165542
368368,9165542
368369,9165542
368370,9165542
368371,9165542
368372,9165542
368373,9165542
368375,9165542
368377,9165542
368379,9165542
368380,9165542
368381,9165542
368382,9165542
368383,9165542
368384,9165542
368386,9165542
368387,9165542
368388,9165542
368390,9165542
368391,9165542
368392,9165542
368393,9165542
368395,9165542
368396,9165542
368397,9165542
368398,9165542
368399,9165542
359551,9166390
359552,9166390
359553,9166390
359554,9166390
359555,9166390
359556,9166390
359557,9166390
359558,9166390
359559,9166390
359560,9166390
359565,9166390
359566,9166390
359568,9166390
359569,9166390
359570,9166390
359571,9166390
359573,9166390
359576,9166390
359577,9166390
359578,9166390
359579,9166390
359580,9166390
359581,9166390
359583,9166390
359584,9166390
359585,9166390
359586,9166390
359587,9166390
359588,9166390
359589,9166390
359590,9166390
359591,9166390
359592,9166390
359593,9166390
359594,9166390
359595,9166390
359596,9166390
359598,9166390
359599,9166390
359600,9166390
168501,9167136
168502,9167136
168503,9167136
168504,9167136
168505,9167136
168506,9167136
168510,9167136
168511,9167136
168512,9167136
168513,9167136
168514,9167136
168515,9167136
168516,9167136
168517,9167136
168519,9167136
168520,9167136
168521,9167136
168522,9167136
168523,9167136
168524,9167136
168525,9167136
168526,9167136
168528,9167136
168529,9167136
168530,9167136
168531,9167136
168532,9167136
168535,9167136
168536,9167136
168538,9167136
168539,9167136
168540,9167136
168542,9167136
168543,9167136
168544,9167136
168545,9167136
168546,9167136
168547,9167136
168548,9167136
168550,9167136
172851,9171175
172852,9171175
172854,9171175
172855,9171175
172857,9171175
172858,9171175
172861,9171175
172862,9171175
172863,9171175
172864,9171175
172865,9171175
172866,9171175
172869,9171175
172870,9171175
172871,9171175
172872,9171175
172873,9171175
172874,9171175
172875,9171175
172876,9171175
172878,9171175
172879,9171175
172880,9171175
172881,9171175
172882,9171175
172883,9171175
172884,9171175
172885,9171175
172886,9171175
172887,9171175
172888,9171175
172890,9171175
172891,9171175
172892,9171175
172895,9171175
172896,9171175
172897,9171175
172898,9171175
172899,9171175
172900,9171175
249202,9201592
249203,9201592
249204,9201592
249205,9201592
249206,9201592
249207,9201592
249208,9201592
249210,9201592
249212,9201592
249214,9201592
249216,9201592
249218,9201592
249219,9201592
249220,9201592
249221,9201592
249222,9201592
249223,9201592
249224,9201592
249225,9201592
249226,9201592
249227,9201592
249228,9201592
249230,9201592
249231,9201592
249232,9201592
249233,9201592
249234,9201592
249235,9201592
249237,9201592
249238,9201592
249239,9201592
249241,9201592
249242,9201592
249243,9201592
249244,9201592
249245,9201592
249246,9201592
249247,9201592
249248,9201592
249250,9201592
358501,9235880
358503,9235880
358504,9235880
358505,9235880
358506,9235880
358507,9235880
358509,9235880
358510,9235880
358511,9235880
358512,9235880
358514,9235880
358515,9235880
358516,9235880
358517,9235880
358518,9235880
358520,9235880
358522,9235880
358523,9235880
358524,9235880
358525,9235880
358526,9235880
358527,9235880
358528,9235880
358529,9235880
358531,9235880
358532,9235880
358533,9235880
358536,9235880
358537,9235880
358538,9235880
358539,9235880
358540,9235880
358541,9235880
358542,9235880
358543,9235880
358544,9235880
358545,9235880
358547,9235880
358548,9235880
358550,9235880
308651,9256626
308653,9256626
308655,9256626
308657,9256626
308658,9256626
308660,9256626
308661,9256626
308662,9256626
308664,9256626
308665,9256626
308666,9256626
308667,9256626
308669,9256626
308670,9256626
308671,9256626
308673,9256626
308674,9256626
308675,9256626
308678,9256626
308679,9256626
308680,9256626
308681,9256626
308682,9256626
308683,9256626
308684,9256626
308685,9256626
308686,9256626
308687,9256626
308688,9256626
308689,9256626
308690,9256626
308691,9256626
308692,9256626
308693,9256626
308694,9256626
308695,9256626
308697,9256626
308698,9256626
308699,9256626
308700,9256626
248501,9282493
248502,9282493
248503,9282493
248505,9282493
248506,9282493
248507,9282493
248508,9282493
248509,9282493
248510,9282493
248514,9282493
248515,9282493
248517,9282493
248518,9282493
248519,9282493
248520,9282493
248522,9282493
248523,9282493
248524,9282493
248525,9282493
248526,9282493
248527,9282493
248528,9282493
248529,9282493
248530,9282493
248531,9282493
248532,9282493
248534,9282493
248535,9282493
248536,9282493
248537,9282493
248538,9282493
248540,9282493
248541,9282493
248542,9282493
248544,9282493
248546,9282493
248547,9282493
248548,9282493
248549,9282493
248550,9282493
332801,9282508
332802,9282508
332803,9282508
332804,9282508
332806,9282508
332807,9282508
332808,9282508
332809,9282508
332810,9282508
332811,9282508
332812,9282508
332813,9282508
332814,9282508
332815,9282508
332816,9282508
332818,9282508
332819,9282508
332821,9282508
332823,9282508
332824,9282508
332825,9282508
332826,9282508
332827,9282508
332828,9282508
332829,9282508
332830,9282508
332831,9282508
332832,9282508
332834,9282508
332836,9282508
332838,9282508
332840,9282508
332841,9282508
332842,9282508
332843,9282508
332844,9282508
332845,9282508
332846,9282508
332849,9282508
332850,9282508
185151,9288693
185152,9288693
185153,9288693
185155,9288693
185156,9288693
185158,9288693
185159,9288693
185160,9288693
185161,9288693
185163,9288693
185165,9288693
185166,9288693
185167,9288693
185168,9288693
185169,9288693
185170,9288693
185172,9288693
185173,9288693
185174,9288693
185175,9288693
185177,9288693
185178,9288693
185179,9288693
185180,9288693
185181,9288693
185182,9288693
185183,9288693
185185,9288693
185186,9288693
185188,9288693
185189,9288693
185190,9288693
185191,9288693
185193,9288693
185194,9288693
185195,9288693
185196,9288693
185197,9288693
185198,9288693
185200,9288693
190001,9288708
190003,9288708
190004,9288708
190006,9288708
190007,9288708
190008,9288708
190009,9288708
190010,9288708
190011,9288708
190012,9288708
190013,9288708
190015,9288708
190016,9288708
190017,9288708
190018,9288708
190019,9288708
190022,9288708
190023,9288708
190024,9288708
190026,9288708
190027,9288708
190028,9288708
190029,9288708
190030,9288708
190031,9288708
190032,9288708
190033,9288708
190034,9288708
190035,9288708
190036,9288708
190037,9288708
190038,9288708
190039,9288708
190040,9288708
190043,9288708
190044,9288708
190045,9288708
190047,9288708
190049,9288708
190050,9288708
324102,9288722
324103,9288722
324104,9288722
324105,9288722
324106,9288722
324108,9288722
324109,9288722
324110,9288722
324112,9288722
324115,9288722
324116,9288722
324117,9288722
324118,9288722
324119,9288722
324120,9288722
324121,9288722
324122,9288722
324123,9288722
324124,9288722
324125,9288722
324126,9288722
324127,9288722
324129,9288722
324130,9288722
324131,9288722
324132,9288722
324134,9288722
324135,9288722
324136,9288722
324137,9288722
324138,9288722
324139,9288722
324140,9288722
324141,9288722
324142,9288722
324143,9288722
324144,9288722
324145,9288722
324146,9288722
324148,9288722
237601,9288758
237602,9288758
237604,9288758
237605,9288758
237606,9288758
237607,9288758
237608,9288758
237609,9288758
237610,9288758
237611,9288758
237612,9288758
237613,9288758
237614,9288758
237615,9288758
237618,9288758
237620,9288758
237621,9288758
237623,9288758
237625,9288758
237626,9288758
237627,9288758
237628,9288758
237629,9288758
237630,9288758
237631,9288758
237632,9288758
237633,9288758
237634,9288758
237635,9288758
237636,9288758
237637,9288758
237638,9288758
237640,9288758
237641,9288758
237644,9288758
237645,9288758
237647,9288758
237648,9288758
237649,9288758
237650,9288758
152651,9288849
152652,9288849
152653,9288849
152654,9288849
152658,9288849
152659,9288849
152660,9288849
152662,9288849
152663,9288849
152664,9288849
152665,9288849
152669,9288849
152670,9288849
152671,9288849
152672,9288849
152674,9288849
152676,9288849
152677,9288849
152678,9288849
152679,9288849
152680,9288849
152681,9288849
152682,9288849
152683,9288849
152684,9288849
152685,9288849
152686,9288849
152687,9288849
152688,9288849
152689,9288849
152690,9288849
152691,9288849
152692,9288849
152693,9288849
152694,9288849
152695,9288849
152696,9288849
152698,9288849
152699,9288849
152700,9288849
194951,9297345
194953,9297345
194954,9297345
194956,9297345
194957,9297345
194958,9297345
194959,9297345
194960,9297345
194962,9297345
194963,9297345
194964,9297345
194965,9297345
194966,9297345
194967,9297345
194968,9297345
194969,9297345
194970,9297345
194971,9297345
194972,9297345
194974,9297345
194976,9297345
194977,9297345
194978,9297345
194979,9297345
194981,9297345
194982,9297345
194983,9297345
194984,9297345
194985,9297345
194986,9297345
194987,9297345
194989,9297345
194990,9297345
194992,9297345
194993,9297345
194994,9297345
194995,9297345
194998,9297345
194999,9297345
195000,9297345
259602,9297357
259603,9297357
259604,9297357
259605,9297357
259606,9297357
259607,9297357
259608,9297357
259609,9297357
259611,9297357
259612,9297357
259613,9297357
259614,9297357
259615,9297357
259616,9297357
259617,9297357
259618,9297357
259619,9297357
259620,9297357
259621,9297357
259622,9297357
259623,9297357
259624,9297357
259628,9297357
259629,9297357
259631,9297357
259633,9297357
259634,9297357
259635,9297357
259636,9297357
259638,9297357
259640,9297357
259641,9297357
259642,9297357
259643,9297357
259644,9297357
259646,9297357
259647,9297357
259648,9297357
259649,9297357
259650,9297357
323701,9298650
323703,9298650
323705,9298650
323707,9298650
323708,9298650
323709,9298650
323710,9298650
323711,9298650
323712,9298650
323713,9298650
323714,9298650
323715,9298650
323716,9298650
323717,9298650
323718,9298650
323719,9298650
323720,9298650
323721,9298650
323723,9298650
323724,9298650
323725,9298650
323726,9298650
323728,9298650
323730,9298650
323732,9298650
323733,9298650
323734,9298650
323735,9298650
323737,9298650
323738,9298650
323739,9298650
323740,9298650
323741,9298650
323742,9298650
323743,9298650
323744,9298650
323745,9298650
323747,9298650
323749,9298650
323750,9298650
338852,9330343
338853,9330343
338855,9330343
338856,9330343
338857,9330343
338858,9330343
338859,9330343
338860,9330343
338861,9330343
338862,9330343
338864,9330343
338865,9330343
338866,9330343
338868,9330343
338869,9330343
338870,9330343
338871,9330343
338872,9330343
338873,9330343
338874,9330343
338875,9330343
338876,9330343
338879,9330343
338880,9330343
338882,9330343
338883,9330343
338884,9330343
338885,9330343
338886,9330343
338888,9330343
338890,9330343
338891,9330343
338892,9330343
338893,9330343
338894,9330343
338895,9330343
338896,9330343
338897,9330343
338899,9330343
338900,9330343
