312301,7710408
312302,7710408
312304,7710408
312305,7710408
312306,7710408
312307,7710408
312308,7710408
312310,7710408
312311,7710408
312312,7710408
312313,7710408
312314,7710408
312315,7710408
312316,7710408
312317,7710408
312318,7710408
312319,7710408
312320,7710408
312321,7710408
312322,7710408
312323,7710408
312324,7710408
312325,7710408
312326,7710408
312327,7710408
312329,7710408
312330,7710408
312331,7710408
312332,7710408
312333,7710408
312334,7710408
312335,7710408
312337,7710408
312338,7710408
312341,7710408
312342,7710408
312345,7710408
312346,7710408
312348,7710408
312350,7710408
335851,8100985
335852,8100985
335853,8100985
335854,8100985
335855,8100985
335856,8100985
335857,8100985
335858,8100985
335861,8100985
335862,8100985
335863,8100985
335864,8100985
335865,8100985
335866,8100985
335867,8100985
335868,8100985
335869,8100985
335870,8100985
335871,8100985
335872,8100985
335874,8100985
335876,8100985
335877,8100985
335878,8100985
335879,8100985
335881,8100985
335882,8100985
335883,8100985
335884,8100985
335886,8100985
335887,8100985
335888,8100985
335889,8100985
335891,8100985
335892,8100985
335893,8100985
335895,8100985
335897,8100985
335899,8100985
335900,8100985
90201,8202355
90203,8202355
90204,8202355
90205,8202355
90206,8202355
90207,8202355
90208,8202355
90209,8202355
90210,8202355
90211,8202355
90213,8202355
90214,8202355
90215,8202355
90217,8202355
90218,8202355
90219,8202355
90220,8202355
90222,8202355
90224,8202355
90225,8202355
90227,8202355
90229,8202355
90230,8202355
90231,8202355
90232,8202355
90233,8202355
90234,8202355
90235,8202355
90236,8202355
90237,8202355
90238,8202355
90239,8202355
90240,8202355
90241,8202355
90242,8202355
90243,8202355
90245,8202355
90246,8202355
90247,8202355
90248,8202355
132151,8202381
132152,8202381
132153,8202381
132154,8202381
132155,8202381
132156,8202381
132157,8202381
132158,8202381
132159,8202381
132160,8202381
132162,8202381
132163,8202381
132165,8202381
132166,8202381
132167,8202381
132168,8202381
132169,8202381
132170,8202381
132171,8202381
132172,8202381
132173,8202381
132174,8202381
132175,8202381
132177,8202381
132178,8202381
132180,8202381
132182,8202381
132183,8202381
132184,8202381
132186,8202381
132187,8202381
132188,8202381
132191,8202381
132192,8202381
132194,8202381
132195,8202381
132196,8202381
132197,8202381
132198,8202381
132200,8202381
158101,8206533
158102,8206533
158103,8206533
158104,8206533
158105,8206533
158107,8206533
158108,8206533
158109,8206533
158110,8206533
158111,8206533
158112,8206533
158114,8206533
158117,8206533
158118,8206533
158119,8206533
158121,8206533
158122,8206533
158123,8206533
158124,8206533
158125,8206533
158126,8206533
158127,8206533
158129,8206533
158130,8206533
158131,8206533
158132,8206533
158133,8206533
158135,8206533
158136,8206533
158137,8206533
158138,8206533
158139,8206533
158140,8206533
158141,8206533
158143,8206533
158144,8206533
158146,8206533
158147,8206533
158148,8206533
158150,8206533
319403,8208311
319404,8208311
319405,8208311
319409,8208311
319410,8208311
319411,8208311
319412,8208311
319413,8208311
319414,8208311
319416,8208311
319417,8208311
319418,8208311
319419,8208311
319420,8208311
319421,8208311
319422,8208311
319423,8208311
319424,8208311
319426,8208311
319427,8208311
319429,8208311
319430,8208311
319431,8208311
319432,8208311
319433,8208311
319435,8208311
319436,8208311
319437,8208311
319438,8208311
319439,8208311
319440,8208311
319441,8208311
319442,8208311
319443,8208311
319444,8208311
319445,8208311
319446,8208311
319447,8208311
319448,8208311
319450,8208311
219601,8300470
219602,8300470
219604,8300470
219606,8300470
219607,8300470
219609,8300470
219610,8300470
219611,8300470
219613,8300470
219614,8300470
219616,8300470
219617,8300470
219618,8300470
219619,8300470
219620,8300470
219621,8300470
219622,8300470
219624,8300470
219625,8300470
219626,8300470
219627,8300470
219628,8300470
219629,8300470
219630,8300470
219631,8300470
219632,8300470
219633,8300470
219635,8300470
219637,8300470
219638,8300470
219639,8300470
219640,8300470
219642,8300470
219643,8300470
219644,8300470
219645,8300470
219646,8300470
219648,8300470
219649,8300470
219650,8300470
150652,8309579
150653,8309579
150655,8309579
150656,8309579
150657,8309579
150658,8309579
150660,8309579
150661,8309579
150662,8309579
150663,8309579
150664,8309579
150665,8309579
150666,8309579
150667,8309579
150669,8309579
150670,8309579
150671,8309579
150672,8309579
150674,8309579
150675,8309579
150676,8309579
150677,8309579
150678,8309579
150679,8309579
150681,8309579
150682,8309579
150683,8309579
150684,8309579
150685,8309579
150686,8309579
150687,8309579
150688,8309579
150689,8309579
150691,8309579
150692,8309579
150693,8309579
150696,8309579
150697,8309579
150698,8309579
150700,8309579
319152,8320767
319153,8320767
319154,8320767
319155,8320767
319156,8320767
319157,8320767
319159,8320767
319160,8320767
319161,8320767
319162,8320767
319163,8320767
319164,8320767
319165,8320767
319166,8320767
319167,8320767
319168,8320767
319170,8320767
319171,8320767
319172,8320767
319175,8320767
319176,8320767
319177,8320767
319178,8320767
319179,8320767
319180,8320767
319181,8320767
319182,8320767
319183,8320767
319185,8320767
319186,8320767
319188,8320767
319189,8320767
319190,8320767
319192,8320767
319193,8320767
319194,8320767
319195,8320767
319198,8320767
319199,8320767
319200,8320767
344501,8507652
344502,8507652
344503,8507652
344504,8507652
344505,8507652
344507,8507652
344508,8507652
344509,8507652
344510,8507652
344511,8507652
344512,8507652
344513,8507652
344514,8507652
344515,8507652
344516,8507652
344517,8507652
344518,8507652
344520,8507652
344521,8507652
344522,8507652
344523,8507652
344525,8507652
344526,8507652
344527,8507652
344530,8507652
344531,8507652
344533,8507652
344534,8507652
344535,8507652
344536,8507652
344537,8507652
344538,8507652
344539,8507652
344541,8507652
344543,8507652
344546,8507652
344547,8507652
344548,8507652
344549,8507652
344550,8507652
219201,8517279
219203,8517279
219204,8517279
219205,8517279
219206,8517279
219207,8517279
219209,8517279
219210,8517279
219211,8517279
219213,8517279
219214,8517279
219215,8517279
219216,8517279
219218,8517279
219219,8517279
219220,8517279
219221,8517279
219222,8517279
219223,8517279
219224,8517279
219226,8517279
219227,8517279
219228,8517279
219229,8517279
219231,8517279
219232,8517279
219233,8517279
219234,8517279
219235,8517279
219236,8517279
219237,8517279
219238,8517279
219241,8517279
219242,8517279
219243,8517279
219244,8517279
219245,8517279
219248,8517279
219249,8517279
219250,8517279
251101,8519722
251102,8519722
251103,8519722
251104,8519722
251105,8519722
251106,8519722
251109,8519722
251110,8519722
251111,8519722
251112,8519722
251113,8519722
251114,8519722
251115,8519722
251116,8519722
251117,8519722
251118,8519722
251119,8519722
251121,8519722
251122,8519722
251123,8519722
251124,8519722
251125,8519722
251128,8519722
251129,8519722
251132,8519722
251134,8519722
251135,8519722
251136,8519722
251137,8519722
251138,8519722
251139,8519722
251140,8519722
251141,8519722
251142,8519722
251143,8519722
251145,8519722
251146,8519722
251147,8519722
251149,8519722
251150,8519722
353301,8600193
353302,8600193
353303,8600193
353304,8600193
353305,8600193
353306,8600193
353308,8600193
353309,8600193
353310,8600193
353311,8600193
353312,8600193
353313,8600193
353314,8600193
353315,8600193
353316,8600193
353317,8600193
353318,8600193
353320,8600193
353324,8600193
353326,8600193
353327,8600193
353328,8600193
353329,8600193
353330,8600193
353331,8600193
353334,8600193
353336,8600193
353337,8600193
353338,8600193
353339,8600193
353340,8600193
353341,8600193
353342,8600193
353343,8600193
353344,8600193
353346,8600193
353347,8600193
353348,8600193
353349,8600193
353350,8600193
361401,8600208
361402,8600208
361405,8600208
361406,8600208
361407,8600208
361409,8600208
361410,8600208
361411,8600208
361412,8600208
361413,8600208
361414,8600208
361415,8600208
361416,8600208
361417,8600208
361418,8600208
361420,8600208
361421,8600208
361422,8600208
361423,8600208
361425,8600208
361427,8600208
361428,8600208
361429,8600208
361431,8600208
361432,8600208
361433,8600208
361434,8600208
361435,8600208
361436,8600208
361437,8600208
361438,8600208
361439,8600208
361440,8600208
361441,8600208
361442,8600208
361444,8600208
361445,8600208
361446,8600208
361447,8600208
361448,8600208
399901,8602579
399902,8602579
399903,8602579
399904,8602579
399905,8602579
399907,8602579
399908,8602579
399910,8602579
399911,8602579
399912,8602579
399913,8602579
399915,8602579
399916,8602579
399917,8602579
399918,8602579
399919,8602579
399920,8602579
399921,8602579
399923,8602579
399924,8602579
399925,8602579
399927,8602579
399928,8602579
399929,8602579
399930,8602579
399931,8602579
399933,8602579
399935,8602579
399936,8602579
399937,8602579
399939,8602579
399940,8602579
399941,8602579
399942,8602579
399943,8602579
399944,8602579
399946,8602579
399947,8602579
399948,8602579
399949,8602579
251051,8602828
251052,8602828
251053,8602828
251054,8602828
251055,8602828
251057,8602828
251058,8602828
251059,8602828
251060,8602828
251061,8602828
251062,8602828
251063,8602828
251064,8602828
251066,8602828
251067,8602828
251069,8602828
251071,8602828
251072,8602828
251073,8602828
251074,8602828
251077,8602828
251078,8602828
251081,8602828
251082,8602828
251083,8602828
251084,8602828
251085,8602828
251086,8602828
251087,8602828
251088,8602828
251089,8602828
251090,8602828
251091,8602828
251093,8602828
251094,8602828
251095,8602828
251096,8602828
251097,8602828
251098,8602828
251100,8602828
353252,8608054
353253,8608054
353254,8608054
353255,8608054
353256,8608054
353257,8608054
353258,8608054
353259,8608054
353260,8608054
353262,8608054
353263,8608054
353264,8608054
353266,8608054
353267,8608054
353268,8608054
353270,8608054
353271,8608054
353272,8608054
353273,8608054
353274,8608054
353276,8608054
353277,8608054
353279,8608054
353280,8608054
353281,8608054
353282,8608054
353283,8608054
353284,8608054
353285,8608054
353286,8608054
353287,8608054
353288,8608054
353289,8608054
353290,8608054
353291,8608054
353293,8608054
353294,8608054
353296,8608054
353298,8608054
353300,8608054
256501,8807155
256502,8807155
256503,8807155
256504,8807155
256506,8807155
256507,8807155
256508,8807155
256509,8807155
256510,8807155
256511,8807155
256514,8807155
256515,8807155
256517,8807155
256518,8807155
256519,8807155
256520,8807155
256521,8807155
256522,8807155
256524,8807155
256525,8807155
256526,8807155
256527,8807155
256528,8807155
256530,8807155
256531,8807155
256532,8807155
256533,8807155
256536,8807155
256537,8807155
256538,8807155
256539,8807155
256540,8807155
256541,8807155
256543,8807155
256544,8807155
256545,8807155
256546,8807155
256548,8807155
256549,8807155
256550,8807155
187101,8919922
187104,8919922
187105,8919922
187106,8919922
187107,8919922
187108,8919922
187109,8919922
187111,8919922
187112,8919922
187113,8919922
187114,8919922
187115,8919922
187116,8919922
187117,8919922
187118,8919922
187119,8919922
187120,8919922
187121,8919922
187122,8919922
187123,8919922
187124,8919922
187125,8919922
187126,8919922
187128,8919922
187129,8919922
187130,8919922
187134,8919922
187135,8919922
187136,8919922
187137,8919922
187139,8919922
187140,8919922
187142,8919922
187144,8919922
187145,8919922
187146,8919922
187147,8919922
187148,8919922
187149,8919922
187150,8919922
160901,9014808
160902,9014808
160903,9014808
160904,9014808
160906,9014808
160907,9014808
160910,9014808
160911,9014808
160912,9014808
160913,9014808
160914,9014808
160915,9014808
160917,9014808
160918,9014808
160920,9014808
160921,9014808
160922,9014808
160923,9014808
160924,9014808
160925,9014808
160926,9014808
160929,9014808
160930,9014808
160931,9014808
160932,9014808
160933,9014808
160934,9014808
160936,9014808
160937,9014808
160940,9014808
160941,9014808
160942,9014808
160943,9014808
160944,9014808
160945,9014808
160946,9014808
160947,9014808
160948,9014808
160949,9014808
160950,9014808
58552,9014810
58554,9014810
58555,9014810
58556,9014810
58557,9014810
58558,9014810
58559,9014810
58560,9014810
58562,9014810
58563,9014810
58564,9014810
58565,9014810
58566,9014810
58568,9014810
58569,9014810
58570,9014810
58571,9014810
58573,9014810
58574,9014810
58575,9014810
58576,9014810
58579,9014810
58580,9014810
58581,9014810
58582,9014810
58583,9014810
58584,9014810
58585,9014810
58586,9014810
58587,9014810
58588,9014810
58589,9014810
58590,9014810
58591,9014810
58593,9014810
58595,9014810
58597,9014810
58598,9014810
58599,9014810
58600,9014810
352502,9030852
352503,9030852
352504,9030852
352505,9030852
352506,9030852
352508,9030852
352509,9030852
352511,9030852
352512,9030852
352513,9030852
352514,9030852
352516,9030852
352518,9030852
352520,9030852
352522,9030852
352523,9030852
352525,9030852
352526,9030852
352527,9030852
352529,9030852
352530,9030852
352531,9030852
352532,9030852
352533,9030852
352534,9030852
352535,9030852
352536,9030852
352537,9030852
352538,9030852
352540,9030852
352541,9030852
352542,9030852
352543,9030852
352544,9030852
352545,9030852
352546,9030852
352547,9030852
352548,9030852
352549,9030852
352550,9030852
40251,9046356
40253,9046356
40255,9046356
40256,9046356
40258,9046356
40259,9046356
40261,9046356
40263,9046356
40264,9046356
40265,9046356
40266,9046356
40267,9046356
40269,9046356
40270,9046356
40271,9046356
40272,9046356
40275,9046356
40276,9046356
40277,9046356
40278,9046356
40279,9046356
40280,9046356
40281,9046356
40282,9046356
40283,9046356
40284,9046356
40285,9046356
40286,9046356
40288,9046356
40289,9046356
40290,9046356
40291,9046356
40292,9046356
40293,9046356
40294,9046356
40296,9046356
40297,9046356
40298,9046356
40299,9046356
40300,9046356
112652,9046368
112654,9046368
112655,9046368
112656,9046368
112657,9046368
112658,9046368
112659,9046368
112660,9046368
112661,9046368
112664,9046368
112665,9046368
112667,9046368
112668,9046368
112669,9046368
112670,9046368
112671,9046368
112672,9046368
112673,9046368
112674,9046368
112676,9046368
112677,9046368
112678,9046368
112679,9046368
112680,9046368
112681,9046368
112682,9046368
112683,9046368
112685,9046368
112686,9046368
112687,9046368
112689,9046368
112690,9046368
112691,9046368
112692,9046368
112693,9046368
112694,9046368
112695,9046368
112697,9046368
112699,9046368
112700,9046368
138001,9051806
138003,9051806
138004,9051806
138005,9051806
138006,9051806
138007,9051806
138009,9051806
138010,9051806
138011,9051806
138012,9051806
138014,9051806
138015,9051806
138016,9051806
138017,9051806
138018,9051806
138021,9051806
138023,9051806
138024,9051806
138025,9051806
138026,9051806
138028,9051806
138030,9051806
138031,9051806
138032,9051806
138033,9051806
138034,9051806
138035,9051806
138036,9051806
138038,9051806
138039,9051806
138040,9051806
138041,9051806
138043,9051806
138044,9051806
138045,9051806
138046,9051806
138047,9051806
138048,9051806
138049,9051806
138050,9051806
87751,9065405
87752,9065405
87753,9065405
87754,9065405
87755,9065405
87756,9065405
87757,9065405
87759,9065405
87760,9065405
87761,9065405
87762,9065405
87765,9065405
87766,9065405
87767,9065405
87768,9065405
87771,9065405
87772,9065405
87773,9065405
87774,9065405
87777,9065405
87778,9065405
87779,9065405
87780,9065405
87781,9065405
87782,9065405
87783,9065405
87784,9065405
87786,9065405
87787,9065405
87788,9065405
87789,9065405
87791,9065405
87792,9065405
87793,9065405
87794,9065405
87795,9065405
87796,9065405
87798,9065405
87799,9065405
87800,9065405
288851,9070448
288853,9070448
288854,9070448
288855,9070448
288856,9070448
288858,9070448
288860,9070448
288861,9070448
288862,9070448
288863,9070448
288865,9070448
288866,9070448
288867,9070448
288868,9070448
288870,9070448
288872,9070448
288873,9070448
288875,9070448
288876,9070448
288877,9070448
288878,9070448
288879,9070448
288880,9070448
288881,9070448
288882,9070448
288883,9070448
288884,9070448
288885,9070448
288886,9070448
288887,9070448
288888,9070448
288889,9070448
288890,9070448
288891,9070448
288892,9070448
288893,9070448
288896,9070448
288897,9070448
288898,9070448
288900,9070448
379751,9070450
379753,9070450
379754,9070450
379755,9070450
379756,9070450
379757,9070450
379758,9070450
379759,9070450
379760,9070450
379761,9070450
379763,9070450
379766,9070450
379767,9070450
379768,9070450
379769,9070450
379770,9070450
379772,9070450
379773,9070450
379774,9070450
379776,9070450
379777,9070450
379779,9070450
379780,9070450
379781,9070450
379782,9070450
379783,9070450
379785,9070450
379786,9070450
379787,9070450
379788,9070450
379789,9070450
379790,9070450
379791,9070450
379792,9070450
379794,9070450
379795,9070450
379796,9070450
379797,9070450
379799,9070450
379800,9070450
369101,9078220
369102,9078220
369103,9078220
369105,9078220
369106,9078220
369107,9078220
369108,9078220
369109,9078220
369110,9078220
369111,9078220
369112,9078220
369113,9078220
369114,9078220
369116,9078220
369117,9078220
369119,9078220
369120,9078220
369121,9078220
369122,9078220
369123,9078220
369124,9078220
369125,9078220
369126,9078220
369127,9078220
369130,9078220
369131,9078220
369132,9078220
369134,9078220
369135,9078220
369136,9078220
369137,9078220
369139,9078220
369140,9078220
369142,9078220
369143,9078220
369144,9078220
369145,9078220
369146,9078220
369148,9078220
369150,9078220
233601,9079212
233603,9079212
233604,9079212
233605,9079212
233607,9079212
233608,9079212
233609,9079212
233610,9079212
233612,9079212
233614,9079212
233615,9079212
233617,9079212
233618,9079212
233619,9079212
233620,9079212
233621,9079212
233623,9079212
233625,9079212
233626,9079212
233627,9079212
233628,9079212
233629,9079212
233631,9079212
233632,9079212
233633,9079212
233634,9079212
233635,9079212
233636,9079212
233637,9079212
233639,9079212
233640,9079212
233641,9079212
233642,9079212
233643,9079212
233644,9079212
233645,9079212
233646,9079212
233647,9079212
233648,9079212
233650,9079212
326851,9121273
326852,9121273
326854,9121273
326856,9121273
326857,9121273
326858,9121273
326860,9121273
326861,9121273
326863,9121273
326864,9121273
326865,9121273
326867,9121273
326868,9121273
326869,9121273
326870,9121273
326871,9121273
326873,9121273
326875,9121273
326876,9121273
326877,9121273
326878,9121273
326879,9121273
326882,9121273
326883,9121273
326884,9121273
326885,9121273
326886,9121273
326887,9121273
326888,9121273
326889,9121273
326890,9121273
326891,9121273
326892,9121273
326893,9121273
326894,9121273
326895,9121273
326896,9121273
326897,9121273
326898,9121273
326900,9121273
398551,9122942
398552,9122942
398553,9122942
398554,9122942
398555,9122942
398556,9122942
398558,9122942
398559,9122942
398560,9122942
398561,9122942
398562,9122942
398563,9122942
398564,9122942
398566,9122942
398567,9122942
398568,9122942
398569,9122942
398570,9122942
398571,9122942
398572,9122942
398574,9122942
398575,9122942
398577,9122942
398578,9122942
398579,9122942
398580,9122942
398581,9122942
398582,9122942
398583,9122942
398584,9122942
398585,9122942
398586,9122942
398592,9122942
398593,9122942
398595,9122942
398596,9122942
398597,9122942
398598,9122942
398599,9122942
398600,9122942
398501,9122954
398502,9122954
398504,9122954
398505,9122954
398506,9122954
398507,9122954
398509,9122954
398511,9122954
398513,9122954
398514,9122954
398515,9122954
398516,9122954
398517,9122954
398518,9122954
398519,9122954
398520,9122954
398521,9122954
398522,9122954
398523,9122954
398524,9122954
398525,9122954
398526,9122954
398528,9122954
398529,9122954
398531,9122954
398532,9122954
398533,9122954
398534,9122954
398535,9122954
398536,9122954
398537,9122954
398538,9122954
398539,9122954
398540,9122954
398543,9122954
398544,9122954
398546,9122954
398548,9122954
398549,9122954
398550,9122954
47803,9129263
47804,9129263
47806,9129263
47807,9129263
47808,9129263
47809,9129263
47810,9129263
47811,9129263
47812,9129263
47814,9129263
47815,9129263
47816,9129263
47817,9129263
47818,9129263
47819,9129263
47820,9129263
47821,9129263
47822,9129263
47823,9129263
47824,9129263
47826,9129263
47828,9129263
47829,9129263
47831,9129263
47832,9129263
47833,9129263
47835,9129263
47836,9129263
47837,9129263
47839,9129263
47840,9129263
47841,9129263
47842,9129263
47844,9129263
47845,9129263
47846,9129263
47847,9129263
47848,9129263
47849,9129263
47850,9129263
23101,9130951
23102,9130951
23103,9130951
23104,9130951
23105,9130951
23106,9130951
23107,9130951
23108,9130951
23110,9130951
23111,9130951
23112,9130951
23113,9130951
23114,9130951
23116,9130951
23117,9130951
23119,9130951
23120,9130951
23122,9130951
23123,9130951
23124,9130951
23127,9130951
23128,9130951
23129,9130951
23130,9130951
23131,9130951
23132,9130951
23133,9130951
23134,9130951
23137,9130951
23138,9130951
23139,9130951
23140,9130951
23141,9130951
23142,9130951
23144,9130951
23145,9130951
23147,9130951
23148,9130951
23149,9130951
23150,9130951
96151,9131955
96152,9131955
96153,9131955
96154,9131955
96155,9131955
96156,9131955
96157,9131955
96159,9131955
96161,9131955
96162,9131955
96163,9131955
96164,9131955
96166,9131955
96168,9131955
96169,9131955
96170,9131955
96172,9131955
96173,9131955
96174,9131955
96175,9131955
96176,9131955
96177,9131955
96178,9131955
96179,9131955
96180,9131955
96182,9131955
96183,9131955
96184,9131955
96185,9131955
96186,9131955
96189,9131955
96190,9131955
96193,9131955
96194,9131955
96195,9131955
96196,9131955
96197,9131955
96198,9131955
96199,9131955
96200,9131955
195751,9131967
195752,9131967
195755,9131967
195756,9131967
195757,9131967
195758,9131967
195760,9131967
195761,9131967
195762,9131967
195763,9131967
195764,9131967
195766,9131967
195767,9131967
195769,9131967
195770,9131967
195771,9131967
195773,9131967
195774,9131967
195775,9131967
195776,9131967
195777,9131967
195779,9131967
195780,9131967
195781,9131967
195782,9131967
195783,9131967
195784,9131967
195785,9131967
195786,9131967
195787,9131967
195788,9131967
195790,9131967
195791,9131967
195792,9131967
195794,9131967
195795,9131967
195796,9131967
195797,9131967
195798,9131967
195800,9131967
57051,9138381
57053,9138381
57054,9138381
57055,9138381
57057,9138381
57058,9138381
57059,9138381
57061,9138381
57062,9138381
57063,9138381
57064,9138381
57065,9138381
57066,9138381
57068,9138381
57069,9138381
57070,9138381
57071,9138381
57072,9138381
57074,9138381
57075,9138381
57076,9138381
57077,9138381
57079,9138381
57082,9138381
57084,9138381
57085,9138381
57086,9138381
57087,9138381
57088,9138381
57089,9138381
57091,9138381
57092,9138381
57093,9138381
57094,9138381
57095,9138381
57096,9138381
57097,9138381
57098,9138381
57099,9138381
57100,9138381
79852,9138393
79853,9138393
79854,9138393
79855,9138393
79856,9138393
79857,9138393
79861,9138393
79862,9138393
79863,9138393
79864,9138393
79866,9138393
79868,9138393
79869,9138393
79870,9138393
79871,9138393
79873,9138393
79874,9138393
79875,9138393
79876,9138393
79877,9138393
79878,9138393
79879,9138393
79880,9138393
79881,9138393
79882,9138393
79884,9138393
79885,9138393
79886,9138393
79888,9138393
79890,9138393
79891,9138393
79892,9138393
79893,9138393
79894,9138393
79895,9138393
79896,9138393
79897,9138393
79898,9138393
79899,9138393
79900,9138393
78251,9138422
78252,9138422
78253,9138422
78254,9138422
78256,9138422
78257,9138422
78258,9138422
78259,9138422
78260,9138422
78262,9138422
78263,9138422
78266,9138422
78269,9138422
78270,9138422
78271,9138422
78273,9138422
78274,9138422
78276,9138422
78277,9138422
78278,9138422
78279,9138422
78280,9138422
78281,9138422
78282,9138422
78283,9138422
78284,9138422
78285,9138422
78286,9138422
78288,9138422
78289,9138422
78290,9138422
78291,9138422
78292,9138422
78293,9138422
78295,9138422
78296,9138422
78297,9138422
78298,9138422
78299,9138422
78300,9138422
176901,9160774
176902,9160774
176904,9160774
176905,9160774
176906,9160774
176907,9160774
176908,9160774
176909,9160774
176911,9160774
176912,9160774
176913,9160774
176915,9160774
176916,9160774
176917,9160774
176918,9160774
176919,9160774
176921,9160774
176922,9160774
176923,9160774
176924,9160774
176925,9160774
176930,9160774
176931,9160774
176932,9160774
176933,9160774
176935,9160774
176936,9160774
176937,9160774
176938,9160774
176939,9160774
176940,9160774
176941,9160774
176942,9160774
176944,9160774
176945,9160774
176946,9160774
176947,9160774
176948,9160774
176949,9160774
176950,9160774
153451,9176395
153453,9176395
153454,9176395
153455,9176395
153456,9176395
153457,9176395
153458,9176395
153459,9176395
153460,9176395
153461,9176395
153462,9176395
153463,9176395
153464,9176395
153465,9176395
153466,9176395
153467,9176395
153468,9176395
153469,9176395
153470,9176395
153471,9176395
153473,9176395
153474,9176395
153475,9176395
153476,9176395
153478,9176395
153479,9176395
153482,9176395
153483,9176395
153485,9176395
153486,9176395
153487,9176395
153489,9176395
153490,9176395
153491,9176395
153492,9176395
153493,9176395
153494,9176395
153495,9176395
153499,9176395
153500,9176395
233052,9176577
233053,9176577
233054,9176577
233056,9176577
233057,9176577
233058,9176577
233059,9176577
233061,9176577
233062,9176577
233064,9176577
233065,9176577
233066,9176577
233067,9176577
233068,9176577
233069,9176577
233071,9176577
233072,9176577
233073,9176577
233074,9176577
233075,9176577
233076,9176577
233077,9176577
233078,9176577
233079,9176577
233080,9176577
233081,9176577
233082,9176577
233085,9176577
233086,9176577
233088,9176577
233089,9176577
233090,9176577
233091,9176577
233093,9176577
233094,9176577
233095,9176577
233097,9176577
233098,9176577
233099,9176577
233100,9176577
359251,9176632
359252,9176632
359253,9176632
359254,9176632
359256,9176632
359257,9176632
359259,9176632
359260,9176632
359261,9176632
359262,9176632
359264,9176632
359266,9176632
359267,9176632
359268,9176632
359270,9176632
359272,9176632
359273,9176632
359275,9176632
359276,9176632
359277,9176632
359278,9176632
359279,9176632
359280,9176632
359281,9176632
359282,9176632
359283,9176632
359285,9176632
359286,9176632
359287,9176632
359288,9176632
359289,9176632
359290,9176632
359291,9176632
359292,9176632
359293,9176632
359295,9176632
359296,9176632
359298,9176632
359299,9176632
359300,9176632
388351,9177040
388352,9177040
388353,9177040
388354,9177040
388355,9177040
388356,9177040
388357,9177040
388358,9177040
388360,9177040
388361,9177040
388362,9177040
388364,9177040
388365,9177040
388367,9177040
388369,9177040
388370,9177040
388371,9177040
388372,9177040
388373,9177040
388377,9177040
388378,9177040
388379,9177040
388381,9177040
388382,9177040
388383,9177040
388384,9177040
388385,9177040
388386,9177040
388387,9177040
388388,9177040
388389,9177040
388391,9177040
388392,9177040
388394,9177040
388395,9177040
388396,9177040
388397,9177040
388398,9177040
388399,9177040
388400,9177040
326251,9182277
326252,9182277
326254,9182277
326256,9182277
326257,9182277
326258,9182277
326259,9182277
326260,9182277
326261,9182277
326262,9182277
326263,9182277
326264,9182277
326267,9182277
326269,9182277
326272,9182277
326273,9182277
326274,9182277
326275,9182277
326276,9182277
326277,9182277
326278,9182277
326280,9182277
326281,9182277
326282,9182277
326283,9182277
326284,9182277
326285,9182277
326286,9182277
326287,9182277
326288,9182277
326289,9182277
326290,9182277
326292,9182277
326293,9182277
326294,9182277
326296,9182277
326297,9182277
326298,9182277
326299,9182277
326300,9182277
341951,9182289
341952,9182289
341953,9182289
341955,9182289
341957,9182289
341958,9182289
341959,9182289
341960,9182289
341962,9182289
341963,9182289
341964,9182289
341965,9182289
341966,9182289
341967,9182289
341968,9182289
341971,9182289
341972,9182289
341974,9182289
341975,9182289
341976,9182289
341977,9182289
341978,9182289
341979,9182289
341980,9182289
341981,9182289
341983,9182289
341984,9182289
341985,9182289
341986,9182289
341987,9182289
341988,9182289
341989,9182289
341990,9182289
341992,9182289
341993,9182289
341994,9182289
341996,9182289
341997,9182289
341998,9182289
342000,9182289
94102,9185463
94104,9185463
94105,9185463
94106,9185463
94108,9185463
94109,9185463
94110,9185463
94111,9185463
94112,9185463
94113,9185463
94114,9185463
94115,9185463
94116,9185463
94117,9185463
94118,9185463
94119,9185463
94120,9185463
94121,9185463
94122,9185463
94123,9185463
94124,9185463
94125,9185463
94126,9185463
94127,9185463
94128,9185463
94129,9185463
94131,9185463
94132,9185463
94133,9185463
94134,9185463
94135,9185463
94136,9185463
94138,9185463
94140,9185463
94141,9185463
94142,9185463
94145,9185463
94146,9185463
94148,9185463
94150,9185463
388302,9187318
388303,9187318
388305,9187318
388306,9187318
388307,9187318
388308,9187318
388310,9187318
388311,9187318
388312,9187318
388313,9187318
388314,9187318
388316,9187318
388317,9187318
388318,9187318
388319,9187318
388320,9187318
388321,9187318
388322,9187318
388323,9187318
388324,9187318
388326,9187318
388327,9187318
388328,9187318
388329,9187318
388331,9187318
388332,9187318
388333,9187318
388334,9187318
388335,9187318
388336,9187318
388337,9187318
388338,9187318
388339,9187318
388340,9187318
388342,9187318
388343,9187318
388345,9187318
388346,9187318
388349,9187318
388350,9187318
100551,9190157
100553,9190157
100554,9190157
100555,9190157
100556,9190157
100561,9190157
100562,9190157
100564,9190157
100565,9190157
100566,9190157
100569,9190157
100570,9190157
100571,9190157
100572,9190157
100573,9190157
100574,9190157
100575,9190157
100576,9190157
100577,9190157
100578,9190157
100579,9190157
100580,9190157
100581,9190157
100582,9190157
100583,9190157
100584,9190157
100585,9190157
100586,9190157
100587,9190157
100588,9190157
100589,9190157
100590,9190157
100591,9190157
100593,9190157
100594,9190157
100595,9190157
100596,9190157
100597,9190157
100598,9190157
100600,9190157
341851,9190858
341852,9190858
341853,9190858
341856,9190858
341857,9190858
341858,9190858
341860,9190858
341861,9190858
341862,9190858
341863,9190858
341864,9190858
341865,9190858
341866,9190858
341867,9190858
341868,9190858
341869,9190858
341870,9190858
341871,9190858
341872,9190858
341874,9190858
341875,9190858
341877,9190858
341879,9190858
341880,9190858
341882,9190858
341883,9190858
341885,9190858
341886,9190858
341887,9190858
341888,9190858
341889,9190858
341890,9190858
341892,9190858
341894,9190858
341895,9190858
341896,9190858
341897,9190858
341898,9190858
341899,9190858
341900,9190858
326051,9191307
326053,9191307
326055,9191307
326056,9191307
326057,9191307
326058,9191307
326059,9191307
326060,9191307
326061,9191307
326063,9191307
326064,9191307
326066,9191307
326067,9191307
326068,9191307
326069,9191307
326072,9191307
326073,9191307
326074,9191307
326075,9191307
326077,9191307
326078,9191307
326079,9191307
326080,9191307
326081,9191307
326082,9191307
326083,9191307
326084,9191307
326085,9191307
326087,9191307
326088,9191307
326090,9191307
326091,9191307
326092,9191307
326093,9191307
326094,9191307
326095,9191307
326096,9191307
326098,9191307
326099,9191307
326100,9191307
114301,9195133
114302,9195133
114303,9195133
114304,9195133
114306,9195133
114307,9195133
114308,9195133
114309,9195133
114310,9195133
114311,9195133
114312,9195133
114313,9195133
114314,9195133
114317,9195133
114318,9195133
114320,9195133
114321,9195133
114322,9195133
114323,9195133
114325,9195133
114326,9195133
114327,9195133
114328,9195133
114329,9195133
114331,9195133
114332,9195133
114333,9195133
114334,9195133
114335,9195133
114338,9195133
114340,9195133
114341,9195133
114342,9195133
114344,9195133
114345,9195133
114346,9195133
114347,9195133
114348,9195133
114349,9195133
114350,9195133
204251,9198719
204252,9198719
204253,9198719
204254,9198719
204257,9198719
204258,9198719
204259,9198719
204260,9198719
204261,9198719
204262,9198719
204264,9198719
204267,9198719
204268,9198719
204269,9198719
204271,9198719
204272,9198719
204273,9198719
204275,9198719
204276,9198719
204277,9198719
204278,9198719
204279,9198719
204280,9198719
204282,9198719
204284,9198719
204285,9198719
204286,9198719
204287,9198719
204288,9198719
204289,9198719
204290,9198719
204291,9198719
204293,9198719
204294,9198719
204295,9198719
204296,9198719
204297,9198719
204298,9198719
204299,9198719
204300,9198719
377901,9203588
377902,9203588
377903,9203588
377904,9203588
377905,9203588
377909,9203588
377910,9203588
377912,9203588
377913,9203588
377914,9203588
377915,9203588
377916,9203588
377917,9203588
377918,9203588
377920,9203588
377921,9203588
377922,9203588
377923,9203588
377924,9203588
377925,9203588
377926,9203588
377927,9203588
377929,9203588
377931,9203588
377932,9203588
377933,9203588
377934,9203588
377935,9203588
377936,9203588
377938,9203588
377939,9203588
377942,9203588
377943,9203588
377944,9203588
377945,9203588
377946,9203588
377947,9203588
377948,9203588
377949,9203588
377950,9203588
81402,9206774
81403,9206774
81404,9206774
81405,9206774
81408,9206774
81409,9206774
81410,9206774
81411,9206774
81412,9206774
81414,9206774
81415,9206774
81416,9206774
81417,9206774
81418,9206774
81419,9206774
81421,9206774
81422,9206774
81423,9206774
81424,9206774
81425,9206774
81428,9206774
81429,9206774
81430,9206774
81432,9206774
81433,9206774
81434,9206774
81435,9206774
81437,9206774
81438,9206774
81439,9206774
81440,9206774
81441,9206774
81442,9206774
81443,9206774
81444,9206774
81445,9206774
81446,9206774
81447,9206774
81448,9206774
81450,9206774
163951,9206786
163952,9206786
163953,9206786
163954,9206786
163955,9206786
163956,9206786
163958,9206786
163959,9206786
163960,9206786
163961,9206786
163962,9206786
163963,9206786
163964,9206786
163966,9206786
163967,9206786
163969,9206786
163970,9206786
163971,9206786
163972,9206786
163974,9206786
163975,9206786
163976,9206786
163979,9206786
163980,9206786
163982,9206786
163983,9206786
163984,9206786
163985,9206786
163986,9206786
163987,9206786
163988,9206786
163989,9206786
163990,9206786
163992,9206786
163995,9206786
163996,9206786
163997,9206786
163998,9206786
163999,9206786
164000,9206786
149451,9207388
149452,9207388
149453,9207388
149454,9207388
149455,9207388
149457,9207388
149458,9207388
149459,9207388
149460,9207388
149461,9207388
149462,9207388
149463,9207388
149465,9207388
149466,9207388
149467,9207388
149468,9207388
149469,9207388
149470,9207388
149471,9207388
149472,9207388
149473,9207388
149475,9207388
149478,9207388
149479,9207388
149480,9207388
149481,9207388
149482,9207388
149484,9207388
149485,9207388
149486,9207388
149488,9207388
149489,9207388
149490,9207388
149491,9207388
149493,9207388
149495,9207388
149497,9207388
149498,9207388
149499,9207388
149500,9207388
75652,9220627
75653,9220627
75654,9220627
75655,9220627
75656,9220627
75658,9220627
75660,9220627
75661,9220627
75662,9220627
75663,9220627
75664,9220627
75665,9220627
75666,9220627
75667,9220627
75668,9220627
75669,9220627
75670,9220627
75672,9220627
75675,9220627
75676,9220627
75677,9220627
75678,9220627
75679,9220627
75680,9220627
75682,9220627
75685,9220627
75686,9220627
75688,9220627
75689,9220627
75690,9220627
75691,9220627
75692,9220627
75693,9220627
75694,9220627
75695,9220627
75696,9220627
75697,9220627
75698,9220627
75699,9220627
75700,9220627
116651,9227053
116652,9227053
116653,9227053
116654,9227053
116655,9227053
116656,9227053
116659,9227053
116660,9227053
116662,9227053
116663,9227053
116665,9227053
116666,9227053
116667,9227053
116668,9227053
116669,9227053
116670,9227053
116671,9227053
116672,9227053
116673,9227053
116674,9227053
116676,9227053
116678,9227053
116679,9227053
116680,9227053
116681,9227053
116682,9227053
116683,9227053
116684,9227053
116685,9227053
116686,9227053
116688,9227053
116689,9227053
116690,9227053
116692,9227053
116693,9227053
116694,9227053
116695,9227053
116696,9227053
116699,9227053
116700,9227053
69751,9227900
69752,9227900
69753,9227900
69754,9227900
69755,9227900
69756,9227900
69757,9227900
69759,9227900
69760,9227900
69761,9227900
69762,9227900
69764,9227900
69765,9227900
69766,9227900
69767,9227900
69768,9227900
69769,9227900
69770,9227900
69771,9227900
69772,9227900
69773,9227900
69774,9227900
69775,9227900
69778,9227900
69779,9227900
69780,9227900
69781,9227900
69782,9227900
69784,9227900
69786,9227900
69787,9227900
69788,9227900
69791,9227900
69792,9227900
69793,9227900
69794,9227900
69795,9227900
69796,9227900
69798,9227900
69800,9227900
127551,9227912
127552,9227912
127553,9227912
127554,9227912
127555,9227912
127557,9227912
127558,9227912
127559,9227912
127563,9227912
127564,9227912
127565,9227912
127566,9227912
127567,9227912
127569,9227912
127571,9227912
127572,9227912
127573,9227912
127575,9227912
127576,9227912
127577,9227912
127578,9227912
127579,9227912
127580,9227912
127581,9227912
127582,9227912
127583,9227912
127584,9227912
127586,9227912
127587,9227912
127588,9227912
127589,9227912
127590,9227912
127591,9227912
127592,9227912
127593,9227912
127594,9227912
127595,9227912
127596,9227912
127598,9227912
127600,9227912
66751,9227924
66752,9227924
66753,9227924
66755,9227924
66756,9227924
66757,9227924
66758,9227924
66759,9227924
66760,9227924
66761,9227924
66764,9227924
66765,9227924
66767,9227924
66768,9227924
66769,9227924
66770,9227924
66772,9227924
66773,9227924
66774,9227924
66775,9227924
66776,9227924
66777,9227924
66778,9227924
66779,9227924
66780,9227924
66781,9227924
66782,9227924
66783,9227924
66784,9227924
66785,9227924
66786,9227924
66787,9227924
66789,9227924
66791,9227924
66794,9227924
66795,9227924
66797,9227924
66798,9227924
66799,9227924
66800,9227924
280451,9237307
280452,9237307
280453,9237307
280455,9237307
280456,9237307
280458,9237307
280459,9237307
280460,9237307
280461,9237307
280462,9237307
280463,9237307
280464,9237307
280465,9237307
280467,9237307
280468,9237307
280469,9237307
280470,9237307
280471,9237307
280472,9237307
280474,9237307
280475,9237307
280476,9237307
280477,9237307
280478,9237307
280479,9237307
280481,9237307
280482,9237307
280483,9237307
280484,9237307
280485,9237307
280486,9237307
280489,9237307
280490,9237307
280491,9237307
280492,9237307
280494,9237307
280495,9237307
280497,9237307
280498,9237307
280499,9237307
130401,9245598
130402,9245598
130403,9245598
130404,9245598
130405,9245598
130406,9245598
130408,9245598
130409,9245598
130411,9245598
130412,9245598
130414,9245598
130415,9245598
130417,9245598
130418,9245598
130420,9245598
130421,9245598
130422,9245598
130423,9245598
130424,9245598
130425,9245598
130427,9245598
130428,9245598
130429,9245598
130431,9245598
130432,9245598
130433,9245598
130435,9245598
130436,9245598
130437,9245598
130438,9245598
130440,9245598
130441,9245598
130443,9245598
130444,9245598
130445,9245598
130446,9245598
130447,9245598
130448,9245598
130449,9245598
130450,9245598
340701,9247572
340702,9247572
340703,9247572
340704,9247572
340705,9247572
340706,9247572
340707,9247572
340708,9247572
340709,9247572
340710,9247572
340711,9247572
340712,9247572
340714,9247572
340715,9247572
340716,9247572
340717,9247572
340719,9247572
340720,9247572
340721,9247572
340722,9247572
340723,9247572
340724,9247572
340726,9247572
340729,9247572
340730,9247572
340731,9247572
340732,9247572
340733,9247572
340734,9247572
340736,9247572
340738,9247572
340739,9247572
340741,9247572
340742,9247572
340743,9247572
340744,9247572
340745,9247572
340746,9247572
340747,9247572
340749,9247572
308701,9249996
308702,9249996
308703,9249996
308704,9249996
308705,9249996
308706,9249996
308707,9249996
308710,9249996
308713,9249996
308714,9249996
308715,9249996
308717,9249996
308718,9249996
308719,9249996
308722,9249996
308723,9249996
308724,9249996
308725,9249996
308726,9249996
308727,9249996
308728,9249996
308729,9249996
308730,9249996
308731,9249996
308732,9249996
308734,9249996
308735,9249996
308736,9249996
308737,9249996
308738,9249996
308739,9249996
308740,9249996
308741,9249996
308742,9249996
308744,9249996
308745,9249996
308746,9249996
308747,9249996
308749,9249996
308750,9249996
190451,9250000
190452,9250000
190453,9250000
190454,9250000
190455,9250000
190456,9250000
190458,9250000
190459,9250000
190460,9250000
190461,9250000
190462,9250000
190463,9250000
190464,9250000
190465,9250000
190466,9250000
190467,9250000
190468,9250000
190471,9250000
190472,9250000
190473,9250000
190477,9250000
190478,9250000
190479,9250000
190480,9250000
190481,9250000
190482,9250000
190485,9250000
190486,9250000
190487,9250000
190488,9250000
190489,9250000
190490,9250000
190491,9250000
190494,9250000
190495,9250000
190496,9250000
190497,9250000
190498,9250000
190499,9250000
190500,9250000
350051,9252204
350053,9252204
350054,9252204
350055,9252204
350056,9252204
350058,9252204
350059,9252204
350060,9252204
350061,9252204
350062,9252204
350063,9252204
350064,9252204
350065,9252204
350066,9252204
350067,9252204
350069,9252204
350070,9252204
350071,9252204
350072,9252204
350073,9252204
350074,9252204
350075,9252204
350076,9252204
350077,9252204
350079,9252204
350080,9252204
350081,9252204
350083,9252204
350084,9252204
350085,9252204
350086,9252204
350087,9252204
350088,9252204
350089,9252204
350091,9252204
350092,9252204
350093,9252204
350094,9252204
350097,9252204
350098,9252204
386801,9267675
386802,9267675
386803,9267675
386804,9267675
386805,9267675
386806,9267675
386808,9267675
386809,9267675
386810,9267675
386812,9267675
386813,9267675
386814,9267675
386815,9267675
386816,9267675
386817,9267675
386820,9267675
386821,9267675
386824,9267675
386825,9267675
386826,9267675
386829,9267675
386830,9267675
386831,9267675
386833,9267675
386835,9267675
386836,9267675
386837,9267675
386838,9267675
386839,9267675
386840,9267675
386841,9267675
386842,9267675
386843,9267675
386844,9267675
386845,9267675
386846,9267675
386847,9267675
386848,9267675
386849,9267675
386850,9267675
190302,9268409
190303,9268409
190304,9268409
190305,9268409
190308,9268409
190310,9268409
190315,9268409
190316,9268409
190317,9268409
190318,9268409
190319,9268409
190320,9268409
190321,9268409
190322,9268409
190323,9268409
190324,9268409
190325,9268409
190326,9268409
190327,9268409
190328,9268409
190329,9268409
190330,9268409
190331,9268409
190332,9268409
190333,9268409
190334,9268409
190335,9268409
190338,9268409
190339,9268409
190340,9268409
190341,9268409
190342,9268409
190343,9268409
190344,9268409
190345,9268409
190346,9268409
190347,9268409
190348,9268409
190349,9268409
190350,9268409
396251,9284764
396252,9284764
396254,9284764
396255,9284764
396256,9284764
396257,9284764
396259,9284764
396260,9284764
396262,9284764
396263,9284764
396264,9284764
396265,9284764
396266,9284764
396267,9284764
396269,9284764
396270,9284764
396271,9284764
396273,9284764
396274,9284764
396275,9284764
396276,9284764
396277,9284764
396278,9284764
396279,9284764
396280,9284764
396281,9284764
396282,9284764
396284,9284764
396285,9284764
396286,9284764
396287,9284764
396288,9284764
396289,9284764
396290,9284764
396294,9284764
396296,9284764
396297,9284764
396298,9284764
396299,9284764
396300,9284764
195002,9285495
195003,9285495
195004,9285495
195005,9285495
195006,9285495
195007,9285495
195008,9285495
195009,9285495
195010,9285495
195011,9285495
195013,9285495
195014,9285495
195015,9285495
195016,9285495
195017,9285495
195020,9285495
195021,9285495
195022,9285495
195023,9285495
195024,9285495
195025,9285495
195026,9285495
195028,9285495
195029,9285495
195030,9285495
195031,9285495
195032,9285495
195034,9285495
195035,9285495
195038,9285495
195039,9285495
195040,9285495
195041,9285495
195042,9285495
195043,9285495
195044,9285495
195045,9285495
195047,9285495
195049,9285495
195050,9285495
139601,9293272
139602,9293272
139603,9293272
139604,9293272
139606,9293272
139607,9293272
139608,9293272
139609,9293272
139610,9293272
139611,9293272
139614,9293272
139615,9293272
139616,9293272
139618,9293272
139620,9293272
139621,9293272
139622,9293272
139623,9293272
139624,9293272
139625,9293272
139626,9293272
139627,9293272
139629,9293272
139631,9293272
139633,9293272
139635,9293272
139637,9293272
139638,9293272
139639,9293272
139640,9293272
139641,9293272
139642,9293272
139643,9293272
139644,9293272
139645,9293272
139646,9293272
139647,9293272
139648,9293272
139649,9293272
139650,9293272
237501,9293612
237502,9293612
237503,9293612
237504,9293612
237505,9293612
237507,9293612
237508,9293612
237509,9293612
237510,9293612
237513,9293612
237514,9293612
237517,9293612
237518,9293612
237519,9293612
237520,9293612
237521,9293612
237522,9293612
237523,9293612
237524,9293612
237526,9293612
237527,9293612
237528,9293612
237529,9293612
237530,9293612
237532,9293612
237533,9293612
237534,9293612
237535,9293612
237536,9293612
237537,9293612
237538,9293612
237539,9293612
237540,9293612
237541,9293612
237542,9293612
237545,9293612
237546,9293612
237547,9293612
237549,9293612
237550,9293612
286551,9293624
286552,9293624
286553,9293624
286554,9293624
286555,9293624
286556,9293624
286557,9293624
286558,9293624
286559,9293624
286560,9293624
286561,9293624
286562,9293624
286563,9293624
286564,9293624
286565,9293624
286567,9293624
286568,9293624
286572,9293624
286573,9293624
286574,9293624
286575,9293624
286576,9293624
286577,9293624
286578,9293624
286579,9293624
286580,9293624
286581,9293624
286582,9293624
286583,9293624
286584,9293624
286585,9293624
286587,9293624
286588,9293624
286589,9293624
286590,9293624
286592,9293624
286593,9293624
286596,9293624
286597,9293624
286599,9293624
221903,9310109
221904,9310109
221905,9310109
221906,9310109
221907,9310109
221908,9310109
221909,9310109
221910,9310109
221911,9310109
221912,9310109
221915,9310109
221916,9310109
221917,9310109
221918,9310109
221919,9310109
221920,9310109
221921,9310109
221922,9310109
221923,9310109
221924,9310109
221925,9310109
221927,9310109
221928,9310109
221929,9310109
221932,9310109
221933,9310109
221934,9310109
221935,9310109
221936,9310109
221937,9310109
221938,9310109
221939,9310109
221940,9310109
221941,9310109
221943,9310109
221944,9310109
221945,9310109
221946,9310109
221947,9310109
221950,9310109
300051,9311866
300052,9311866
300053,9311866
300054,9311866
300055,9311866
300057,9311866
300058,9311866
300060,9311866
300061,9311866
300062,9311866
300065,9311866
300066,9311866
300067,9311866
300068,9311866
300069,9311866
300070,9311866
300071,9311866
300072,9311866
300073,9311866
300074,9311866
300075,9311866
300076,9311866
300077,9311866
300078,9311866
300080,9311866
300081,9311866
300082,9311866
300083,9311866
300084,9311866
300085,9311866
300087,9311866
300088,9311866
300090,9311866
300091,9311866
300092,9311866
300094,9311866
300096,9311866
300097,9311866
300098,9311866
300100,9311866
65102,9312092
65103,9312092
65104,9312092
65105,9312092
65106,9312092
65107,9312092
65108,9312092
65109,9312092
65110,9312092
65111,9312092
65112,9312092
65113,9312092
65114,9312092
65115,9312092
65116,9312092
65117,9312092
65118,9312092
65120,9312092
65121,9312092
65124,9312092
65125,9312092
65127,9312092
65128,9312092
65129,9312092
65130,9312092
65132,9312092
65134,9312092
65135,9312092
65136,9312092
65138,9312092
65139,9312092
65141,9312092
65142,9312092
65143,9312092
65144,9312092
65146,9312092
65147,9312092
65148,9312092
65149,9312092
65150,9312092
207751,9312482
207752,9312482
207754,9312482
207755,9312482
207756,9312482
207757,9312482
207758,9312482
207759,9312482
207760,9312482
207761,9312482
207762,9312482
207763,9312482
207764,9312482
207765,9312482
207768,9312482
207769,9312482
207770,9312482
207772,9312482
207773,9312482
207774,9312482
207775,9312482
207776,9312482
207777,9312482
207781,9312482
207782,9312482
207783,9312482
207784,9312482
207785,9312482
207786,9312482
207787,9312482
207788,9312482
207789,9312482
207790,9312482
207792,9312482
207793,9312482
207794,9312482
207795,9312482
207796,9312482
207797,9312482
207799,9312482
279351,9316141
279352,9316141
279353,9316141
279354,9316141
279355,9316141
279356,9316141
279357,9316141
279358,9316141
279359,9316141
279360,9316141
279361,9316141
279362,9316141
279363,9316141
279365,9316141
279366,9316141
279367,9316141
279369,9316141
279370,9316141
279372,9316141
279373,9316141
279374,9316141
279375,9316141
279376,9316141
279377,9316141
279378,9316141
279379,9316141
279380,9316141
279381,9316141
279383,9316141
279384,9316141
279385,9316141
279387,9316141
279388,9316141
279390,9316141
279391,9316141
279393,9316141
279394,9316141
279396,9316141
279399,9316141
279400,9316141
104752,9316282
104753,9316282
104754,9316282
104755,9316282
104756,9316282
104759,9316282
104760,9316282
104761,9316282
104762,9316282
104763,9316282
104764,9316282
104765,9316282
104766,9316282
104767,9316282
104768,9316282
104769,9316282
104771,9316282
104772,9316282
104773,9316282
104774,9316282
104775,9316282
104776,9316282
104778,9316282
104782,9316282
104783,9316282
104784,9316282
104785,9316282
104787,9316282
104788,9316282
104789,9316282
104790,9316282
104791,9316282
104792,9316282
104793,9316282
104794,9316282
104795,9316282
104796,9316282
104797,9316282
104799,9316282
104800,9316282
198701,9316294
198704,9316294
198705,9316294
198706,9316294
198707,9316294
198708,9316294
198709,9316294
198710,9316294
198712,9316294
198713,9316294
198715,9316294
198716,9316294
198717,9316294
198719,9316294
198720,9316294
198721,9316294
198722,9316294
198723,9316294
198724,9316294
198725,9316294
198726,9316294
198727,9316294
198728,9316294
198730,9316294
198731,9316294
198732,9316294
198733,9316294
198734,9316294
198735,9316294
198736,9316294
198737,9316294
198738,9316294
198741,9316294
198742,9316294
198743,9316294
198744,9316294
198745,9316294
198746,9316294
198747,9316294
198749,9316294
159501,9316311
159502,9316311
159504,9316311
159505,9316311
159506,9316311
159507,9316311
159508,9316311
159510,9316311
159511,9316311
159512,9316311
159513,9316311
159514,9316311
159515,9316311
159516,9316311
159517,9316311
159519,9316311
159520,9316311
159521,9316311
159523,9316311
159525,9316311
159526,9316311
159527,9316311
159529,9316311
159530,9316311
159531,9316311
159532,9316311
159533,9316311
159534,9316311
159535,9316311
159536,9316311
159537,9316311
159538,9316311
159539,9316311
159540,9316311
159541,9316311
159542,9316311
159543,9316311
159544,9316311
159546,9316311
159549,9316311
118551,9318486
118553,9318486
118554,9318486
118555,9318486
118556,9318486
118557,9318486
118558,9318486
118559,9318486
118560,9318486
118561,9318486
118562,9318486
118563,9318486
118564,9318486
118566,9318486
118567,9318486
118568,9318486
118570,9318486
118571,9318486
118572,9318486
118575,9318486
118576,9318486
118577,9318486
118578,9318486
118579,9318486
118580,9318486
118581,9318486
118582,9318486
118583,9318486
118586,9318486
118589,9318486
118590,9318486
118591,9318486
118592,9318486
118593,9318486
118594,9318486
118595,9318486
118596,9318486
118597,9318486
118598,9318486
118599,9318486
102252,9318527
102253,9318527
102254,9318527
102255,9318527
102256,9318527
102257,9318527
102258,9318527
102259,9318527
102262,9318527
102263,9318527
102264,9318527
102265,9318527
102266,9318527
102267,9318527
102268,9318527
102271,9318527
102272,9318527
102274,9318527
102275,9318527
102276,9318527
102277,9318527
102278,9318527
102280,9318527
102281,9318527
102282,9318527
102283,9318527
102285,9318527
102287,9318527
102288,9318527
102289,9318527
102290,9318527
102291,9318527
102292,9318527
102293,9318527
102294,9318527
102295,9318527
102296,9318527
102297,9318527
102298,9318527
102300,9318527
152451,9319753
152452,9319753
152453,9319753
152454,9319753
152455,9319753
152456,9319753
152457,9319753
152460,9319753
152461,9319753
152462,9319753
152463,9319753
152464,9319753
152465,9319753
152466,9319753
152468,9319753
152469,9319753
152470,9319753
152474,9319753
152476,9319753
152477,9319753
152478,9319753
152479,9319753
152480,9319753
152481,9319753
152483,9319753
152484,9319753
152485,9319753
152486,9319753
152487,9319753
152488,9319753
152489,9319753
152491,9319753
152492,9319753
152493,9319753
152494,9319753
152496,9319753
152497,9319753
152498,9319753
152499,9319753
152500,9319753
394901,9330616
394902,9330616
394903,9330616
394904,9330616
394906,9330616
394907,9330616
394909,9330616
394910,9330616
394911,9330616
394913,9330616
394914,9330616
394915,9330616
394916,9330616
394918,9330616
394919,9330616
394920,9330616
394921,9330616
394922,9330616
394923,9330616
394924,9330616
394926,9330616
394928,9330616
394929,9330616
394930,9330616
394931,9330616
394932,9330616
394934,9330616
394935,9330616
394936,9330616
394937,9330616
394938,9330616
394939,9330616
394940,9330616
394941,9330616
394942,9330616
394943,9330616
394944,9330616
394947,9330616
394948,9330616
394950,9330616
253451,9332937
253452,9332937
253453,9332937
253454,9332937
253456,9332937
253458,9332937
253459,9332937
253460,9332937
253461,9332937
253462,9332937
253463,9332937
253464,9332937
253468,9332937
253469,9332937
253470,9332937
253472,9332937
253474,9332937
253475,9332937
253476,9332937
253477,9332937
253478,9332937
253479,9332937
253480,9332937
253481,9332937
253483,9332937
253484,9332937
253485,9332937
253486,9332937
253487,9332937
253488,9332937
253489,9332937
253490,9332937
253491,9332937
253492,9332937
253493,9332937
253495,9332937
253496,9332937
253498,9332937
253499,9332937
253500,9332937
184551,9332949
184552,9332949
184553,9332949
184554,9332949
184556,9332949
184557,9332949
184558,9332949
184559,9332949
184562,9332949
184563,9332949
184564,9332949
184565,9332949
184566,9332949
184567,9332949
184568,9332949
184569,9332949
184570,9332949
184571,9332949
184572,9332949
184573,9332949
184574,9332949
184575,9332949
184577,9332949
184578,9332949
184579,9332949
184580,9332949
184581,9332949
184582,9332949
184584,9332949
184586,9332949
184588,9332949
184589,9332949
184590,9332949
184591,9332949
184593,9332949
184594,9332949
184595,9332949
184596,9332949
184599,9332949
184600,9332949
307402,9342205
307403,9342205
307404,9342205
307405,9342205
307407,9342205
307408,9342205
307409,9342205
307410,9342205
307411,9342205
307412,9342205
307413,9342205
307414,9342205
307415,9342205
307416,9342205
307417,9342205
307419,9342205
307420,9342205
307421,9342205
307422,9342205
307423,9342205
307425,9342205
307427,9342205
307428,9342205
307429,9342205
307430,9342205
307431,9342205
307432,9342205
307433,9342205
307435,9342205
307436,9342205
307437,9342205
307439,9342205
307440,9342205
307441,9342205
307443,9342205
307444,9342205
307445,9342205
307446,9342205
307447,9342205
307448,9342205
126751,9357597
126752,9357597
126754,9357597
126755,9357597
126756,9357597
126757,9357597
126759,9357597
126761,9357597
126762,9357597
126764,9357597
126765,9357597
126766,9357597
126767,9357597
126768,9357597
126770,9357597
126771,9357597
126772,9357597
126773,9357597
126775,9357597
126776,9357597
126777,9357597
126778,9357597
126779,9357597
126780,9357597
126781,9357597
126782,9357597
126783,9357597
126785,9357597
126787,9357597
126788,9357597
126789,9357597
126790,9357597
126791,9357597
126792,9357597
126793,9357597
126794,9357597
126796,9357597
126797,9357597
126798,9357597
126800,9357597
292551,9368895
292552,9368895
292553,9368895
292554,9368895
292555,9368895
292556,9368895
292557,9368895
292560,9368895
292561,9368895
292562,9368895
292563,9368895
292565,9368895
292566,9368895
292568,9368895
292569,9368895
292570,9368895
292572,9368895
292573,9368895
292574,9368895
292575,9368895
292577,9368895
292578,9368895
292580,9368895
292582,9368895
292583,9368895
292584,9368895
292585,9368895
292586,9368895
292587,9368895
292589,9368895
292590,9368895
292591,9368895
292592,9368895
292593,9368895
292594,9368895
292595,9368895
292597,9368895
292598,9368895
292599,9368895
292600,9368895
285551,9382396
285554,9382396
285555,9382396
285556,9382396
285557,9382396
285558,9382396
285560,9382396
285561,9382396
285562,9382396
285563,9382396
285564,9382396
285565,9382396
285567,9382396
285568,9382396
285569,9382396
285570,9382396
285571,9382396
285572,9382396
285573,9382396
285574,9382396
285578,9382396
285581,9382396
285582,9382396
285583,9382396
285584,9382396
285585,9382396
285587,9382396
285588,9382396
285589,9382396
285590,9382396
285591,9382396
285592,9382396
285593,9382396
285594,9382396
285595,9382396
285596,9382396
285597,9382396
285598,9382396
285599,9382396
285600,9382396
92851,9386213
92852,9386213
92854,9386213
92855,9386213
92856,9386213
92857,9386213
92858,9386213
92859,9386213
92860,9386213
92861,9386213
92862,9386213
92863,9386213
92864,9386213
92867,9386213
92868,9386213
92869,9386213
92871,9386213
92872,9386213
92875,9386213
92876,9386213
92877,9386213
92878,9386213
92879,9386213
92880,9386213
92881,9386213
92882,9386213
92883,9386213
92884,9386213
92885,9386213
92886,9386213
92887,9386213
92889,9386213
92891,9386213
92892,9386213
92894,9386213
92895,9386213
92896,9386213
92897,9386213
92899,9386213
92900,9386213
99353,9386225
99354,9386225
99356,9386225
99358,9386225
99359,9386225
99363,9386225
99364,9386225
99365,9386225
99366,9386225
99367,9386225
99368,9386225
99369,9386225
99370,9386225
99371,9386225
99372,9386225
99373,9386225
99374,9386225
99375,9386225
99376,9386225
99377,9386225
99378,9386225
99379,9386225
99380,9386225
99381,9386225
99382,9386225
99383,9386225
99384,9386225
99386,9386225
99387,9386225
99388,9386225
99390,9386225
99392,9386225
99393,9386225
99394,9386225
99395,9386225
99396,9386225
99397,9386225
99398,9386225
99399,9386225
99400,9386225
230901,9409481
230902,9409481
230904,9409481
230905,9409481
230906,9409481
230910,9409481
230911,9409481
230912,9409481
230914,9409481
230915,9409481
230916,9409481
230917,9409481
230918,9409481
230919,9409481
230920,9409481
230921,9409481
230922,9409481
230923,9409481
230925,9409481
230926,9409481
230927,9409481
230928,9409481
230929,9409481
230930,9409481
230932,9409481
230933,9409481
230934,9409481
230935,9409481
230936,9409481
230937,9409481
230938,9409481
230939,9409481
230940,9409481
230941,9409481
230942,9409481
230943,9409481
230944,9409481
230945,9409481
230946,9409481
230950,9409481
264651,9420045
264652,9420045
264653,9420045
264655,9420045
264656,9420045
264658,9420045
264660,9420045
264662,9420045
264663,9420045
264664,9420045
264665,9420045
264666,9420045
264667,9420045
264668,9420045
264669,9420045
264671,9420045
264673,9420045
264675,9420045
264677,9420045
264678,9420045
264679,9420045
264680,9420045
264682,9420045
264683,9420045
264684,9420045
264685,9420045
264687,9420045
264688,9420045
264689,9420045
264690,9420045
264691,9420045
264692,9420045
264693,9420045
264694,9420045
264695,9420045
264696,9420045
264697,9420045
264698,9420045
264699,9420045
264700,9420045
337601,9440095
337602,9440095
337603,9440095
337604,9440095
337605,9440095
337606,9440095
337607,9440095
337609,9440095
337610,9440095
337612,9440095
337613,9440095
337614,9440095
337616,9440095
337617,9440095
337618,9440095
337619,9440095
337620,9440095
337621,9440095
337624,9440095
337625,9440095
337626,9440095
337628,9440095
337629,9440095
337631,9440095
337632,9440095
337633,9440095
337634,9440095
337636,9440095
337637,9440095
337638,9440095
337639,9440095
337640,9440095
337641,9440095
337643,9440095
337645,9440095
337646,9440095
337647,9440095
337648,9440095
337649,9440095
337650,9440095
346852,9440148
346853,9440148
346854,9440148
346855,9440148
346856,9440148
346857,9440148
346858,9440148
346859,9440148
346860,9440148
346861,9440148
346863,9440148
346865,9440148
346866,9440148
346867,9440148
346868,9440148
346869,9440148
346870,9440148
346871,9440148
346873,9440148
346874,9440148
346875,9440148
346876,9440148
346877,9440148
346879,9440148
346880,9440148
346882,9440148
346885,9440148
346887,9440148
346888,9440148
346889,9440148
346890,9440148
346891,9440148
346892,9440148
346893,9440148
346894,9440148
346896,9440148
346897,9440148
346898,9440148
346899,9440148
346900,9440148
374052,9505900
374053,9505900
374054,9505900
374055,9505900
374057,9505900
374059,9505900
374060,9505900
374061,9505900
374063,9505900
374064,9505900
374065,9505900
374067,9505900
374068,9505900
374069,9505900
374070,9505900
374071,9505900
374072,9505900
374075,9505900
374076,9505900
374077,9505900
374078,9505900
374079,9505900
374080,9505900
374081,9505900
374082,9505900
374083,9505900
374084,9505900
374085,9505900
374086,9505900
374087,9505900
374088,9505900
374089,9505900
374091,9505900
374092,9505900
374093,9505900
374094,9505900
374096,9505900
374097,9505900
374099,9505900
374100,9505900
