382501,7110062
382502,7110062
382503,7110062
382504,7110062
382506,7110062
382507,7110062
382508,7110062
382509,7110062
382510,7110062
382511,7110062
382512,7110062
382514,7110062
382517,7110062
382518,7110062
382520,7110062
382521,7110062
382523,7110062
382524,7110062
382526,7110062
382527,7110062
382528,7110062
382529,7110062
382530,7110062
382531,7110062
382532,7110062
382536,7110062
382537,7110062
382538,7110062
382539,7110062
382540,7110062
382541,7110062
382542,7110062
382543,7110062
382544,7110062
382545,7110062
382546,7110062
382547,7110062
382548,7110062
382549,7110062
382550,7110062
151151,7228302
151152,7228302
151153,7228302
151154,7228302
151155,7228302
151156,7228302
151157,7228302
151158,7228302
151159,7228302
151160,7228302
151161,7228302
151162,7228302
151163,7228302
151164,7228302
151166,7228302
151167,7228302
151168,7228302
151169,7228302
151170,7228302
151171,7228302
151172,7228302
151173,7228302
151174,7228302
151177,7228302
151178,7228302
151179,7228302
151180,7228302
151181,7228302
151182,7228302
151185,7228302
151188,7228302
151189,7228302
151190,7228302
151191,7228302
151192,7228302
151193,7228302
151194,7228302
151195,7228302
151198,7228302
151199,7228302
270001,7359278
270003,7359278
270004,7359278
270005,7359278
270006,7359278
270007,7359278
270008,7359278
270009,7359278
270010,7359278
270012,7359278
270013,7359278
270015,7359278
270016,7359278
270018,7359278
270020,7359278
270021,7359278
270023,7359278
270024,7359278
270025,7359278
270026,7359278
270029,7359278
270030,7359278
270031,7359278
270032,7359278
270033,7359278
270034,7359278
270035,7359278
270037,7359278
270038,7359278
270039,7359278
270040,7359278
270041,7359278
270042,7359278
270043,7359278
270044,7359278
270045,7359278
270046,7359278
270047,7359278
270048,7359278
270050,7359278
263251,7638519
263252,7638519
263253,7638519
263254,7638519
263257,7638519
263258,7638519
263260,7638519
263261,7638519
263262,7638519
263264,7638519
263265,7638519
263266,7638519
263267,7638519
263268,7638519
263271,7638519
263272,7638519
263273,7638519
263274,7638519
263275,7638519
263276,7638519
263277,7638519
263278,7638519
263279,7638519
263280,7638519
263281,7638519
263282,7638519
263283,7638519
263284,7638519
263286,7638519
263287,7638519
263288,7638519
263290,7638519
263291,7638519
263292,7638519
263293,7638519
263294,7638519
263296,7638519
263297,7638519
263298,7638519
263300,7638519
235301,7700099
235302,7700099
235303,7700099
235305,7700099
235307,7700099
235308,7700099
235309,7700099
235310,7700099
235311,7700099
235312,7700099
235314,7700099
235315,7700099
235317,7700099
235318,7700099
235320,7700099
235321,7700099
235322,7700099
235323,7700099
235324,7700099
235325,7700099
235326,7700099
235327,7700099
235328,7700099
235330,7700099
235333,7700099
235334,7700099
235335,7700099
235336,7700099
235337,7700099
235339,7700099
235340,7700099
235341,7700099
235342,7700099
235343,7700099
235344,7700099
235345,7700099
235347,7700099
235348,7700099
235349,7700099
235350,7700099
319753,7805241
319754,7805241
319755,7805241
319756,7805241
319757,7805241
319758,7805241
319759,7805241
319760,7805241
319761,7805241
319762,7805241
319764,7805241
319765,7805241
319766,7805241
319767,7805241
319768,7805241
319769,7805241
319770,7805241
319771,7805241
319772,7805241
319773,7805241
319774,7805241
319776,7805241
319777,7805241
319778,7805241
319779,7805241
319780,7805241
319781,7805241
319782,7805241
319783,7805241
319785,7805241
319786,7805241
319787,7805241
319788,7805241
319789,7805241
319791,7805241
319793,7805241
319795,7805241
319796,7805241
319797,7805241
319798,7805241
174051,7823982
174052,7823982
174053,7823982
174056,7823982
174057,7823982
174058,7823982
174059,7823982
174060,7823982
174061,7823982
174062,7823982
174063,7823982
174064,7823982
174065,7823982
174066,7823982
174067,7823982
174068,7823982
174069,7823982
174070,7823982
174072,7823982
174073,7823982
174074,7823982
174075,7823982
174076,7823982
174077,7823982
174078,7823982
174079,7823982
174081,7823982
174082,7823982
174085,7823982
174086,7823982
174087,7823982
174089,7823982
174090,7823982
174091,7823982
174092,7823982
174093,7823982
174095,7823982
174097,7823982
174098,7823982
174100,7823982
192551,8202226
192552,8202226
192553,8202226
192554,8202226
192557,8202226
192558,8202226
192560,8202226
192561,8202226
192562,8202226
192563,8202226
192564,8202226
192565,8202226
192566,8202226
192567,8202226
192568,8202226
192569,8202226
192570,8202226
192572,8202226
192573,8202226
192574,8202226
192575,8202226
192577,8202226
192578,8202226
192579,8202226
192581,8202226
192583,8202226
192585,8202226
192586,8202226
192587,8202226
192589,8202226
192590,8202226
192591,8202226
192593,8202226
192594,8202226
192595,8202226
192596,8202226
192597,8202226
192598,8202226
192599,8202226
192600,8202226
371351,8220436
371352,8220436
371353,8220436
371354,8220436
371355,8220436
371356,8220436
371357,8220436
371358,8220436
371360,8220436
371362,8220436
371363,8220436
371364,8220436
371365,8220436
371367,8220436
371369,8220436
371370,8220436
371371,8220436
371372,8220436
371373,8220436
371374,8220436
371375,8220436
371377,8220436
371378,8220436
371380,8220436
371381,8220436
371382,8220436
371383,8220436
371384,8220436
371385,8220436
371388,8220436
371391,8220436
371392,8220436
371393,8220436
371394,8220436
371395,8220436
371396,8220436
371397,8220436
371398,8220436
371399,8220436
371400,8220436
391052,8221856
391053,8221856
391054,8221856
391055,8221856
391056,8221856
391057,8221856
391058,8221856
391059,8221856
391060,8221856
391062,8221856
391064,8221856
391065,8221856
391066,8221856
391067,8221856
391068,8221856
391070,8221856
391071,8221856
391072,8221856
391074,8221856
391076,8221856
391077,8221856
391078,8221856
391079,8221856
391080,8221856
391081,8221856
391083,8221856
391084,8221856
391085,8221856
391086,8221856
391087,8221856
391088,8221856
391090,8221856
391093,8221856
391094,8221856
391095,8221856
391096,8221856
391097,8221856
391098,8221856
391099,8221856
391100,8221856
234651,8221868
234652,8221868
234653,8221868
234654,8221868
234655,8221868
234656,8221868
234657,8221868
234658,8221868
234659,8221868
234660,8221868
234661,8221868
234662,8221868
234663,8221868
234664,8221868
234665,8221868
234667,8221868
234668,8221868
234669,8221868
234670,8221868
234671,8221868
234672,8221868
234674,8221868
234675,8221868
234676,8221868
234677,8221868
234678,8221868
234680,8221868
234682,8221868
234683,8221868
234684,8221868
234685,8221868
234687,8221868
234688,8221868
234690,8221868
234692,8221868
234695,8221868
234696,8221868
234697,8221868
234699,8221868
234700,8221868
361951,8300377
361954,8300377
361955,8300377
361958,8300377
361961,8300377
361963,8300377
361964,8300377
361965,8300377
361966,8300377
361967,8300377
361968,8300377
361969,8300377
361970,8300377
361971,8300377
361972,8300377
361973,8300377
361974,8300377
361975,8300377
361976,8300377
361977,8300377
361979,8300377
361980,8300377
361981,8300377
361982,8300377
361983,8300377
361984,8300377
361985,8300377
361986,8300377
361987,8300377
361988,8300377
361989,8300377
361990,8300377
361991,8300377
361992,8300377
361995,8300377
361996,8300377
361997,8300377
361998,8300377
361999,8300377
362000,8300377
245601,8311106
245603,8311106
245605,8311106
245606,8311106
245607,8311106
245608,8311106
245611,8311106
245612,8311106
245613,8311106
245616,8311106
245617,8311106
245619,8311106
245620,8311106
245621,8311106
245622,8311106
245623,8311106
245624,8311106
245625,8311106
245626,8311106
245627,8311106
245628,8311106
245629,8311106
245630,8311106
245633,8311106
245634,8311106
245635,8311106
245636,8311106
245637,8311106
245638,8311106
245639,8311106
245640,8311106
245641,8311106
245642,8311106
245643,8311106
245644,8311106
245645,8311106
245646,8311106
245647,8311106
245649,8311106
245650,8311106
196602,8311120
196603,8311120
196604,8311120
196605,8311120
196606,8311120
196607,8311120
196610,8311120
196611,8311120
196612,8311120
196614,8311120
196615,8311120
196616,8311120
196617,8311120
196618,8311120
196619,8311120
196620,8311120
196621,8311120
196622,8311120
196623,8311120
196624,8311120
196626,8311120
196628,8311120
196629,8311120
196631,8311120
196632,8311120
196633,8311120
196634,8311120
196635,8311120
196636,8311120
196637,8311120
196639,8311120
196640,8311120
196641,8311120
196642,8311120
196644,8311120
196645,8311120
196646,8311120
196647,8311120
196648,8311120
196649,8311120
311801,8311132
311802,8311132
311803,8311132
311804,8311132
311806,8311132
311807,8311132
311808,8311132
311809,8311132
311810,8311132
311811,8311132
311812,8311132
311813,8311132
311814,8311132
311815,8311132
311816,8311132
311818,8311132
311820,8311132
311822,8311132
311824,8311132
311825,8311132
311826,8311132
311828,8311132
311829,8311132
311831,8311132
311832,8311132
311833,8311132
311834,8311132
311836,8311132
311837,8311132
311838,8311132
311839,8311132
311840,8311132
311842,8311132
311843,8311132
311844,8311132
311846,8311132
311847,8311132
311848,8311132
311849,8311132
311850,8311132
178101,8320585
178102,8320585
178103,8320585
178104,8320585
178105,8320585
178106,8320585
178108,8320585
178109,8320585
178111,8320585
178112,8320585
178113,8320585
178114,8320585
178115,8320585
178116,8320585
178117,8320585
178118,8320585
178119,8320585
178120,8320585
178123,8320585
178125,8320585
178126,8320585
178127,8320585
178129,8320585
178130,8320585
178131,8320585
178133,8320585
178135,8320585
178136,8320585
178137,8320585
178138,8320585
178139,8320585
178140,8320585
178141,8320585
178142,8320585
178143,8320585
178146,8320585
178147,8320585
178148,8320585
178149,8320585
178150,8320585
251301,8400050
251304,8400050
251306,8400050
251307,8400050
251308,8400050
251309,8400050
251310,8400050
251311,8400050
251314,8400050
251315,8400050
251316,8400050
251317,8400050
251318,8400050
251319,8400050
251320,8400050
251321,8400050
251322,8400050
251324,8400050
251325,8400050
251326,8400050
251327,8400050
251328,8400050
251329,8400050
251330,8400050
251331,8400050
251332,8400050
251333,8400050
251334,8400050
251335,8400050
251336,8400050
251337,8400050
251338,8400050
251339,8400050
251340,8400050
251341,8400050
251342,8400050
251345,8400050
251348,8400050
251349,8400050
251350,8400050
229301,8404238
229302,8404238
229303,8404238
229304,8404238
229305,8404238
229307,8404238
229308,8404238
229310,8404238
229311,8404238
229312,8404238
229313,8404238
229314,8404238
229315,8404238
229316,8404238
229317,8404238
229318,8404238
229319,8404238
229320,8404238
229321,8404238
229324,8404238
229326,8404238
229327,8404238
229328,8404238
229329,8404238
229331,8404238
229332,8404238
229334,8404238
229335,8404238
229336,8404238
229337,8404238
229338,8404238
229341,8404238
229343,8404238
229344,8404238
229345,8404238
229346,8404238
229347,8404238
229348,8404238
229349,8404238
229350,8404238
318901,8407814
318903,8407814
318904,8407814
318906,8407814
318907,8407814
318908,8407814
318910,8407814
318911,8407814
318912,8407814
318913,8407814
318914,8407814
318915,8407814
318916,8407814
318917,8407814
318918,8407814
318919,8407814
318920,8407814
318921,8407814
318922,8407814
318923,8407814
318924,8407814
318925,8407814
318928,8407814
318929,8407814
318931,8407814
318933,8407814
318934,8407814
318935,8407814
318937,8407814
318938,8407814
318939,8407814
318940,8407814
318941,8407814
318942,8407814
318943,8407814
318944,8407814
318947,8407814
318948,8407814
318949,8407814
318950,8407814
361801,8410574
361804,8410574
361805,8410574
361807,8410574
361808,8410574
361809,8410574
361810,8410574
361811,8410574
361812,8410574
361814,8410574
361815,8410574
361817,8410574
361818,8410574
361819,8410574
361820,8410574
361821,8410574
361822,8410574
361825,8410574
361826,8410574
361827,8410574
361828,8410574
361829,8410574
361830,8410574
361831,8410574
361832,8410574
361833,8410574
361834,8410574
361836,8410574
361837,8410574
361838,8410574
361839,8410574
361840,8410574
361841,8410574
361842,8410574
361843,8410574
361845,8410574
361846,8410574
361847,8410574
361848,8410574
361850,8410574
75001,8412687
75003,8412687
75004,8412687
75005,8412687
75006,8412687
75008,8412687
75009,8412687
75012,8412687
75013,8412687
75015,8412687
75016,8412687
75017,8412687
75018,8412687
75019,8412687
75020,8412687
75021,8412687
75022,8412687
75023,8412687
75024,8412687
75025,8412687
75027,8412687
75028,8412687
75029,8412687
75030,8412687
75031,8412687
75033,8412687
75034,8412687
75035,8412687
75036,8412687
75037,8412687
75038,8412687
75039,8412687
75040,8412687
75041,8412687
75042,8412687
75044,8412687
75047,8412687
75048,8412687
75049,8412687
75050,8412687
303851,8517358
303852,8517358
303853,8517358
303854,8517358
303855,8517358
303856,8517358
303857,8517358
303858,8517358
303859,8517358
303860,8517358
303861,8517358
303862,8517358
303865,8517358
303866,8517358
303869,8517358
303870,8517358
303871,8517358
303872,8517358
303873,8517358
303875,8517358
303876,8517358
303877,8517358
303878,8517358
303879,8517358
303880,8517358
303883,8517358
303884,8517358
303885,8517358
303887,8517358
303888,8517358
303889,8517358
303890,8517358
303891,8517358
303892,8517358
303893,8517358
303894,8517358
303896,8517358
303898,8517358
303899,8517358
303900,8517358
335351,8706789
335354,8706789
335355,8706789
335356,8706789
335357,8706789
335358,8706789
335359,8706789
335360,8706789
335361,8706789
335363,8706789
335365,8706789
335367,8706789
335368,8706789
335369,8706789
335370,8706789
335371,8706789
335372,8706789
335374,8706789
335375,8706789
335377,8706789
335378,8706789
335379,8706789
335382,8706789
335383,8706789
335384,8706789
335386,8706789
335387,8706789
335388,8706789
335389,8706789
335390,8706789
335391,8706789
335392,8706789
335393,8706789
335394,8706789
335395,8706789
335396,8706789
335397,8706789
335398,8706789
335399,8706789
335400,8706789
318501,8713550
318503,8713550
318504,8713550
318505,8713550
318507,8713550
318508,8713550
318509,8713550
318510,8713550
318511,8713550
318512,8713550
318513,8713550
318514,8713550
318515,8713550
318516,8713550
318518,8713550
318521,8713550
318522,8713550
318523,8713550
318524,8713550
318526,8713550
318527,8713550
318528,8713550
318529,8713550
318530,8713550
318531,8713550
318532,8713550
318533,8713550
318534,8713550
318535,8713550
318536,8713550
318537,8713550
318538,8713550
318539,8713550
318540,8713550
318544,8713550
318545,8713550
318546,8713550
318548,8713550
318549,8713550
318550,8713550
399601,8713562
399602,8713562
399603,8713562
399604,8713562
399606,8713562
399607,8713562
399608,8713562
399609,8713562
399610,8713562
399611,8713562
399612,8713562
399613,8713562
399614,8713562
399615,8713562
399616,8713562
399617,8713562
399618,8713562
399619,8713562
399622,8713562
399624,8713562
399626,8713562
399627,8713562
399628,8713562
399630,8713562
399631,8713562
399632,8713562
399633,8713562
399634,8713562
399635,8713562
399636,8713562
399637,8713562
399638,8713562
399639,8713562
399640,8713562
399641,8713562
399643,8713562
399644,8713562
399645,8713562
399649,8713562
399650,8713562
282452,8800133
282453,8800133
282454,8800133
282455,8800133
282456,8800133
282457,8800133
282458,8800133
282459,8800133
282460,8800133
282463,8800133
282465,8800133
282466,8800133
282467,8800133
282468,8800133
282470,8800133
282472,8800133
282473,8800133
282475,8800133
282476,8800133
282477,8800133
282478,8800133
282481,8800133
282482,8800133
282483,8800133
282484,8800133
282485,8800133
282486,8800133
282487,8800133
282488,8800133
282489,8800133
282490,8800133
282491,8800133
282492,8800133
282493,8800133
282494,8800133
282495,8800133
282496,8800133
282497,8800133
282498,8800133
282499,8800133
303551,8802014
303552,8802014
303554,8802014
303555,8802014
303556,8802014
303557,8802014
303558,8802014
303560,8802014
303561,8802014
303562,8802014
303563,8802014
303564,8802014
303565,8802014
303566,8802014
303567,8802014
303568,8802014
303570,8802014
303571,8802014
303572,8802014
303573,8802014
303574,8802014
303575,8802014
303576,8802014
303577,8802014
303579,8802014
303580,8802014
303581,8802014
303582,8802014
303583,8802014
303584,8802014
303585,8802014
303587,8802014
303588,8802014
303589,8802014
303591,8802014
303592,8802014
303593,8802014
303595,8802014
303597,8802014
303600,8802014
103851,8802090
103852,8802090
103853,8802090
103854,8802090
103855,8802090
103856,8802090
103857,8802090
103859,8802090
103860,8802090
103862,8802090
103863,8802090
103864,8802090
103865,8802090
103866,8802090
103867,8802090
103868,8802090
103870,8802090
103872,8802090
103873,8802090
103874,8802090
103875,8802090
103876,8802090
103878,8802090
103879,8802090
103880,8802090
103884,8802090
103885,8802090
103886,8802090
103887,8802090
103888,8802090
103889,8802090
103890,8802090
103891,8802090
103892,8802090
103893,8802090
103895,8802090
103896,8802090
103897,8802090
103898,8802090
103899,8802090
327752,8804543
327753,8804543
327754,8804543
327755,8804543
327756,8804543
327758,8804543
327759,8804543
327760,8804543
327761,8804543
327763,8804543
327764,8804543
327766,8804543
327768,8804543
327769,8804543
327770,8804543
327771,8804543
327772,8804543
327773,8804543
327774,8804543
327775,8804543
327777,8804543
327778,8804543
327779,8804543
327780,8804543
327782,8804543
327783,8804543
327785,8804543
327786,8804543
327787,8804543
327788,8804543
327789,8804543
327790,8804543
327791,8804543
327792,8804543
327793,8804543
327795,8804543
327796,8804543
327797,8804543
327799,8804543
327800,8804543
370201,8804555
370202,8804555
370203,8804555
370204,8804555
370205,8804555
370206,8804555
370207,8804555
370208,8804555
370209,8804555
370211,8804555
370212,8804555
370213,8804555
370214,8804555
370215,8804555
370216,8804555
370217,8804555
370219,8804555
370220,8804555
370221,8804555
370222,8804555
370223,8804555
370224,8804555
370226,8804555
370227,8804555
370228,8804555
370229,8804555
370230,8804555
370231,8804555
370233,8804555
370234,8804555
370235,8804555
370236,8804555
370237,8804555
370240,8804555
370241,8804555
370243,8804555
370244,8804555
370245,8804555
370247,8804555
370248,8804555
335301,8804567
335302,8804567
335303,8804567
335304,8804567
335305,8804567
335306,8804567
335307,8804567
335308,8804567
335309,8804567
335310,8804567
335311,8804567
335312,8804567
335313,8804567
335315,8804567
335316,8804567
335318,8804567
335319,8804567
335320,8804567
335321,8804567
335322,8804567
335323,8804567
335325,8804567
335326,8804567
335327,8804567
335328,8804567
335329,8804567
335330,8804567
335331,8804567
335333,8804567
335334,8804567
335337,8804567
335338,8804567
335340,8804567
335341,8804567
335343,8804567
335345,8804567
335346,8804567
335347,8804567
335348,8804567
335349,8804567
318301,8807662
318302,8807662
318303,8807662
318304,8807662
318306,8807662
318307,8807662
318308,8807662
318309,8807662
318310,8807662
318311,8807662
318312,8807662
318313,8807662
318314,8807662
318315,8807662
318317,8807662
318318,8807662
318319,8807662
318320,8807662
318321,8807662
318322,8807662
318323,8807662
318325,8807662
318326,8807662
318328,8807662
318330,8807662
318331,8807662
318332,8807662
318333,8807662
318334,8807662
318335,8807662
318336,8807662
318337,8807662
318338,8807662
318342,8807662
318345,8807662
318346,8807662
318347,8807662
318348,8807662
318349,8807662
318350,8807662
282252,8819299
282253,8819299
282254,8819299
282255,8819299
282257,8819299
282258,8819299
282259,8819299
282260,8819299
282261,8819299
282262,8819299
282263,8819299
282264,8819299
282265,8819299
282269,8819299
282270,8819299
282271,8819299
282272,8819299
282273,8819299
282274,8819299
282275,8819299
282276,8819299
282277,8819299
282278,8819299
282279,8819299
282282,8819299
282283,8819299
282284,8819299
282285,8819299
282286,8819299
282287,8819299
282288,8819299
282289,8819299
282290,8819299
282291,8819299
282292,8819299
282293,8819299
282294,8819299
282295,8819299
282296,8819299
282299,8819299
289051,8819304
289052,8819304
289053,8819304
289054,8819304
289055,8819304
289057,8819304
289058,8819304
289059,8819304
289060,8819304
289061,8819304
289062,8819304
289063,8819304
289064,8819304
289065,8819304
289066,8819304
289067,8819304
289068,8819304
289069,8819304
289070,8819304
289072,8819304
289073,8819304
289074,8819304
289077,8819304
289078,8819304
289080,8819304
289082,8819304
289083,8819304
289084,8819304
289085,8819304
289086,8819304
289088,8819304
289089,8819304
289090,8819304
289091,8819304
289092,8819304
289095,8819304
289096,8819304
289098,8819304
289099,8819304
289100,8819304
335052,8860444
335053,8860444
335054,8860444
335056,8860444
335057,8860444
335058,8860444
335059,8860444
335060,8860444
335061,8860444
335062,8860444
335063,8860444
335064,8860444
335065,8860444
335066,8860444
335068,8860444
335069,8860444
335070,8860444
335071,8860444
335072,8860444
335073,8860444
335074,8860444
335075,8860444
335076,8860444
335077,8860444
335078,8860444
335079,8860444
335080,8860444
335081,8860444
335082,8860444
335084,8860444
335085,8860444
335086,8860444
335088,8860444
335090,8860444
335092,8860444
335093,8860444
335094,8860444
335095,8860444
335096,8860444
335097,8860444
296202,8906559
296203,8906559
296204,8906559
296205,8906559
296206,8906559
296207,8906559
296208,8906559
296209,8906559
296211,8906559
296212,8906559
296213,8906559
296214,8906559
296215,8906559
296216,8906559
296219,8906559
296220,8906559
296222,8906559
296223,8906559
296224,8906559
296226,8906559
296228,8906559
296229,8906559
296230,8906559
296231,8906559
296232,8906559
296233,8906559
296234,8906559
296235,8906559
296236,8906559
296237,8906559
296240,8906559
296241,8906559
296242,8906559
296243,8906559
296244,8906559
296245,8906559
296246,8906559
296247,8906559
296248,8906559
296249,8906559
296103,8909068
296104,8909068
296105,8909068
296106,8909068
296108,8909068
296109,8909068
296110,8909068
296111,8909068
296112,8909068
296115,8909068
296116,8909068
296117,8909068
296118,8909068
296119,8909068
296120,8909068
296121,8909068
296122,8909068
296123,8909068
296124,8909068
296125,8909068
296126,8909068
296127,8909068
296128,8909068
296129,8909068
296131,8909068
296132,8909068
296134,8909068
296135,8909068
296136,8909068
296137,8909068
296138,8909068
296139,8909068
296140,8909068
296141,8909068
296143,8909068
296144,8909068
296145,8909068
296146,8909068
296148,8909068
296149,8909068
138201,8909070
138202,8909070
138203,8909070
138204,8909070
138205,8909070
138206,8909070
138207,8909070
138208,8909070
138209,8909070
138210,8909070
138211,8909070
138214,8909070
138216,8909070
138217,8909070
138219,8909070
138220,8909070
138221,8909070
138222,8909070
138223,8909070
138224,8909070
138226,8909070
138229,8909070
138230,8909070
138231,8909070
138232,8909070
138233,8909070
138234,8909070
138235,8909070
138237,8909070
138238,8909070
138239,8909070
138240,8909070
138242,8909070
138243,8909070
138244,8909070
138245,8909070
138246,8909070
138248,8909070
138249,8909070
138250,8909070
282101,8912120
282102,8912120
282103,8912120
282104,8912120
282105,8912120
282106,8912120
282107,8912120
282109,8912120
282110,8912120
282111,8912120
282113,8912120
282114,8912120
282115,8912120
282116,8912120
282117,8912120
282119,8912120
282120,8912120
282122,8912120
282123,8912120
282125,8912120
282126,8912120
282127,8912120
282128,8912120
282129,8912120
282130,8912120
282131,8912120
282132,8912120
282133,8912120
282135,8912120
282138,8912120
282139,8912120
282142,8912120
282143,8912120
282144,8912120
282145,8912120
282146,8912120
282147,8912120
282148,8912120
282149,8912120
282150,8912120
205353,8912132
205354,8912132
205355,8912132
205356,8912132
205357,8912132
205358,8912132
205359,8912132
205360,8912132
205361,8912132
205362,8912132
205364,8912132
205366,8912132
205367,8912132
205370,8912132
205371,8912132
205372,8912132
205374,8912132
205375,8912132
205376,8912132
205377,8912132
205379,8912132
205380,8912132
205381,8912132
205382,8912132
205383,8912132
205384,8912132
205385,8912132
205386,8912132
205388,8912132
205389,8912132
205390,8912132
205391,8912132
205392,8912132
205393,8912132
205394,8912132
205395,8912132
205396,8912132
205398,8912132
205399,8912132
205400,8912132
205301,8912144
205302,8912144
205303,8912144
205304,8912144
205305,8912144
205307,8912144
205309,8912144
205310,8912144
205311,8912144
205314,8912144
205315,8912144
205316,8912144
205317,8912144
205318,8912144
205319,8912144
205320,8912144
205321,8912144
205322,8912144
205323,8912144
205325,8912144
205326,8912144
205327,8912144
205328,8912144
205329,8912144
205330,8912144
205331,8912144
205335,8912144
205336,8912144
205337,8912144
205338,8912144
205339,8912144
205340,8912144
205341,8912144
205342,8912144
205343,8912144
205345,8912144
205346,8912144
205347,8912144
205349,8912144
205350,8912144
262151,8917584
262152,8917584
262153,8917584
262154,8917584
262155,8917584
262156,8917584
262157,8917584
262158,8917584
262159,8917584
262161,8917584
262162,8917584
262164,8917584
262165,8917584
262166,8917584
262167,8917584
262169,8917584
262170,8917584
262171,8917584
262172,8917584
262173,8917584
262174,8917584
262177,8917584
262178,8917584
262179,8917584
262180,8917584
262181,8917584
262182,8917584
262185,8917584
262186,8917584
262187,8917584
262189,8917584
262190,8917584
262192,8917584
262193,8917584
262194,8917584
262196,8917584
262197,8917584
262198,8917584
262199,8917584
262200,8917584
269003,8920983
269004,8920983
269005,8920983
269006,8920983
269010,8920983
269011,8920983
269012,8920983
269013,8920983
269014,8920983
269015,8920983
269017,8920983
269018,8920983
269019,8920983
269020,8920983
269021,8920983
269022,8920983
269023,8920983
269024,8920983
269025,8920983
269026,8920983
269027,8920983
269028,8920983
269029,8920983
269030,8920983
269031,8920983
269032,8920983
269034,8920983
269035,8920983
269036,8920983
269037,8920983
269039,8920983
269040,8920983
269043,8920983
269044,8920983
269045,8920983
269046,8920983
269047,8920983
269048,8920983
269049,8920983
269050,8920983
250701,9014767
250702,9014767
250703,9014767
250705,9014767
250706,9014767
250707,9014767
250708,9014767
250709,9014767
250710,9014767
250711,9014767
250713,9014767
250714,9014767
250715,9014767
250716,9014767
250718,9014767
250719,9014767
250721,9014767
250722,9014767
250723,9014767
250724,9014767
250725,9014767
250726,9014767
250727,9014767
250728,9014767
250730,9014767
250731,9014767
250732,9014767
250733,9014767
250734,9014767
250735,9014767
250737,9014767
250738,9014767
250741,9014767
250743,9014767
250745,9014767
250746,9014767
250747,9014767
250748,9014767
250749,9014767
250750,9014767
110751,9015187
110752,9015187
110753,9015187
110754,9015187
110755,9015187
110756,9015187
110757,9015187
110760,9015187
110761,9015187
110762,9015187
110763,9015187
110764,9015187
110766,9015187
110768,9015187
110769,9015187
110770,9015187
110771,9015187
110772,9015187
110773,9015187
110774,9015187
110775,9015187
110776,9015187
110777,9015187
110778,9015187
110781,9015187
110782,9015187
110783,9015187
110784,9015187
110785,9015187
110786,9015187
110787,9015187
110790,9015187
110792,9015187
110794,9015187
110795,9015187
110796,9015187
110797,9015187
110798,9015187
110799,9015187
110800,9015187
85701,9015199
85704,9015199
85705,9015199
85706,9015199
85707,9015199
85709,9015199
85710,9015199
85711,9015199
85713,9015199
85714,9015199
85715,9015199
85716,9015199
85717,9015199
85719,9015199
85720,9015199
85721,9015199
85722,9015199
85724,9015199
85725,9015199
85726,9015199
85727,9015199
85728,9015199
85729,9015199
85730,9015199
85731,9015199
85732,9015199
85733,9015199
85734,9015199
85735,9015199
85737,9015199
85738,9015199
85739,9015199
85740,9015199
85741,9015199
85743,9015199
85744,9015199
85745,9015199
85746,9015199
85749,9015199
85750,9015199
160851,9015204
160853,9015204
160854,9015204
160855,9015204
160856,9015204
160857,9015204
160858,9015204
160860,9015204
160861,9015204
160862,9015204
160864,9015204
160865,9015204
160866,9015204
160867,9015204
160868,9015204
160869,9015204
160872,9015204
160873,9015204
160874,9015204
160875,9015204
160876,9015204
160877,9015204
160878,9015204
160879,9015204
160880,9015204
160881,9015204
160883,9015204
160884,9015204
160885,9015204
160886,9015204
160887,9015204
160890,9015204
160891,9015204
160892,9015204
160894,9015204
160895,9015204
160896,9015204
160897,9015204
160899,9015204
160900,9015204
200851,9015216
200852,9015216
200854,9015216
200855,9015216
200856,9015216
200857,9015216
200858,9015216
200859,9015216
200862,9015216
200863,9015216
200864,9015216
200865,9015216
200868,9015216
200869,9015216
200870,9015216
200871,9015216
200872,9015216
200873,9015216
200874,9015216
200875,9015216
200877,9015216
200878,9015216
200879,9015216
200880,9015216
200881,9015216
200882,9015216
200884,9015216
200885,9015216
200886,9015216
200887,9015216
200888,9015216
200889,9015216
200890,9015216
200891,9015216
200892,9015216
200893,9015216
200894,9015216
200897,9015216
200898,9015216
200899,9015216
154251,9016662
154252,9016662
154253,9016662
154255,9016662
154257,9016662
154259,9016662
154260,9016662
154262,9016662
154263,9016662
154264,9016662
154265,9016662
154266,9016662
154267,9016662
154268,9016662
154269,9016662
154270,9016662
154271,9016662
154272,9016662
154273,9016662
154274,9016662
154275,9016662
154276,9016662
154277,9016662
154278,9016662
154279,9016662
154280,9016662
154281,9016662
154282,9016662
154284,9016662
154285,9016662
154286,9016662
154287,9016662
154289,9016662
154290,9016662
154293,9016662
154294,9016662
154295,9016662
154296,9016662
154298,9016662
154299,9016662
327301,9017276
327303,9017276
327306,9017276
327307,9017276
327309,9017276
327310,9017276
327311,9017276
327313,9017276
327314,9017276
327315,9017276
327316,9017276
327317,9017276
327318,9017276
327319,9017276
327321,9017276
327322,9017276
327323,9017276
327325,9017276
327327,9017276
327329,9017276
327330,9017276
327331,9017276
327332,9017276
327333,9017276
327334,9017276
327335,9017276
327337,9017276
327338,9017276
327339,9017276
327340,9017276
327341,9017276
327342,9017276
327343,9017276
327344,9017276
327345,9017276
327346,9017276
327347,9017276
327348,9017276
327349,9017276
327350,9017276
317851,9019121
317852,9019121
317853,9019121
317854,9019121
317856,9019121
317857,9019121
317858,9019121
317859,9019121
317860,9019121
317863,9019121
317864,9019121
317865,9019121
317866,9019121
317867,9019121
317869,9019121
317870,9019121
317872,9019121
317873,9019121
317874,9019121
317875,9019121
317876,9019121
317877,9019121
317878,9019121
317879,9019121
317882,9019121
317883,9019121
317884,9019121
317885,9019121
317886,9019121
317887,9019121
317888,9019121
317889,9019121
317891,9019121
317894,9019121
317895,9019121
317896,9019121
317897,9019121
317898,9019121
317899,9019121
317900,9019121
281851,9030137
281852,9030137
281853,9030137
281854,9030137
281856,9030137
281857,9030137
281858,9030137
281859,9030137
281861,9030137
281862,9030137
281863,9030137
281865,9030137
281866,9030137
281868,9030137
281869,9030137
281871,9030137
281872,9030137
281873,9030137
281874,9030137
281875,9030137
281877,9030137
281878,9030137
281879,9030137
281880,9030137
281881,9030137
281883,9030137
281884,9030137
281885,9030137
281887,9030137
281888,9030137
281889,9030137
281890,9030137
281891,9030137
281893,9030137
281894,9030137
281895,9030137
281896,9030137
281898,9030137
281899,9030137
281900,9030137
233751,9038335
233753,9038335
233754,9038335
233755,9038335
233756,9038335
233757,9038335
233758,9038335
233759,9038335
233760,9038335
233761,9038335
233762,9038335
233763,9038335
233765,9038335
233766,9038335
233768,9038335
233769,9038335
233770,9038335
233771,9038335
233772,9038335
233773,9038335
233774,9038335
233777,9038335
233778,9038335
233779,9038335
233780,9038335
233781,9038335
233786,9038335
233787,9038335
233788,9038335
233789,9038335
233790,9038335
233791,9038335
233792,9038335
233793,9038335
233794,9038335
233796,9038335
233797,9038335
233798,9038335
233799,9038335
233800,9038335
295901,9038488
295902,9038488
295903,9038488
295905,9038488
295907,9038488
295908,9038488
295909,9038488
295911,9038488
295912,9038488
295913,9038488
295914,9038488
295916,9038488
295917,9038488
295918,9038488
295919,9038488
295920,9038488
295921,9038488
295923,9038488
295924,9038488
295926,9038488
295928,9038488
295930,9038488
295931,9038488
295932,9038488
295933,9038488
295936,9038488
295937,9038488
295938,9038488
295939,9038488
295940,9038488
295941,9038488
295942,9038488
295943,9038488
295944,9038488
295945,9038488
295946,9038488
295947,9038488
295948,9038488
295949,9038488
295950,9038488
268701,9045780
268702,9045780
268703,9045780
268704,9045780
268705,9045780
268706,9045780
268707,9045780
268709,9045780
268710,9045780
268711,9045780
268712,9045780
268713,9045780
268714,9045780
268715,9045780
268716,9045780
268717,9045780
268719,9045780
268720,9045780
268721,9045780
268722,9045780
268723,9045780
268724,9045780
268725,9045780
268726,9045780
268729,9045780
268730,9045780
268731,9045780
268732,9045780
268733,9045780
268734,9045780
268735,9045780
268739,9045780
268741,9045780
268742,9045780
268744,9045780
268745,9045780
268746,9045780
268747,9045780
268748,9045780
268749,9045780
147501,9045924
147502,9045924
147503,9045924
147504,9045924
147505,9045924
147506,9045924
147507,9045924
147509,9045924
147510,9045924
147511,9045924
147512,9045924
147513,9045924
147515,9045924
147516,9045924
147517,9045924
147519,9045924
147520,9045924
147521,9045924
147524,9045924
147526,9045924
147528,9045924
147529,9045924
147530,9045924
147531,9045924
147532,9045924
147534,9045924
147535,9045924
147537,9045924
147538,9045924
147539,9045924
147540,9045924
147541,9045924
147542,9045924
147543,9045924
147544,9045924
147545,9045924
147546,9045924
147547,9045924
147549,9045924
147550,9045924
173501,9045936
173502,9045936
173503,9045936
173504,9045936
173505,9045936
173509,9045936
173510,9045936
173513,9045936
173514,9045936
173515,9045936
173516,9045936
173517,9045936
173518,9045936
173519,9045936
173520,9045936
173521,9045936
173522,9045936
173523,9045936
173524,9045936
173525,9045936
173526,9045936
173527,9045936
173528,9045936
173529,9045936
173530,9045936
173533,9045936
173536,9045936
173537,9045936
173538,9045936
173539,9045936
173540,9045936
173542,9045936
173543,9045936
173544,9045936
173545,9045936
173546,9045936
173547,9045936
173548,9045936
173549,9045936
173550,9045936
244501,9046502
244502,9046502
244503,9046502
244505,9046502
244507,9046502
244508,9046502
244509,9046502
244510,9046502
244511,9046502
244512,9046502
244513,9046502
244514,9046502
244515,9046502
244516,9046502
244517,9046502
244518,9046502
244519,9046502
244521,9046502
244523,9046502
244524,9046502
244525,9046502
244527,9046502
244530,9046502
244531,9046502
244532,9046502
244534,9046502
244535,9046502
244536,9046502
244537,9046502
244538,9046502
244539,9046502
244540,9046502
244542,9046502
244543,9046502
244544,9046502
244545,9046502
244546,9046502
244548,9046502
244549,9046502
244550,9046502
182153,9046514
182154,9046514
182155,9046514
182156,9046514
182157,9046514
182160,9046514
182161,9046514
182162,9046514
182163,9046514
182164,9046514
182165,9046514
182168,9046514
182170,9046514
182171,9046514
182172,9046514
182174,9046514
182175,9046514
182176,9046514
182177,9046514
182178,9046514
182179,9046514
182180,9046514
182181,9046514
182182,9046514
182183,9046514
182184,9046514
182185,9046514
182186,9046514
182187,9046514
182188,9046514
182189,9046514
182190,9046514
182191,9046514
182192,9046514
182193,9046514
182195,9046514
182196,9046514
182197,9046514
182199,9046514
182200,9046514
389301,9051791
389302,9051791
389303,9051791
389304,9051791
389305,9051791
389307,9051791
389308,9051791
389309,9051791
389310,9051791
389311,9051791
389312,9051791
389314,9051791
389315,9051791
389316,9051791
389317,9051791
389318,9051791
389320,9051791
389321,9051791
389322,9051791
389323,9051791
389324,9051791
389325,9051791
389327,9051791
389328,9051791
389329,9051791
389330,9051791
389331,9051791
389332,9051791
389333,9051791
389334,9051791
389340,9051791
389341,9051791
389342,9051791
389343,9051791
389344,9051791
389345,9051791
389346,9051791
389347,9051791
389348,9051791
389349,9051791
233652,9059602
233653,9059602
233654,9059602
233655,9059602
233656,9059602
233657,9059602
233658,9059602
233659,9059602
233660,9059602
233661,9059602
233662,9059602
233664,9059602
233665,9059602
233666,9059602
233667,9059602
233670,9059602
233671,9059602
233672,9059602
233674,9059602
233677,9059602
233678,9059602
233679,9059602
233680,9059602
233681,9059602
233682,9059602
233683,9059602
233684,9059602
233685,9059602
233686,9059602
233687,9059602
233688,9059602
233689,9059602
233691,9059602
233692,9059602
233693,9059602
233695,9059602
233696,9059602
233697,9059602
233699,9059602
233700,9059602
244401,9059638
244402,9059638
244403,9059638
244404,9059638
244408,9059638
244409,9059638
244410,9059638
244411,9059638
244412,9059638
244413,9059638
244415,9059638
244418,9059638
244419,9059638
244420,9059638
244421,9059638
244422,9059638
244423,9059638
244424,9059638
244425,9059638
244426,9059638
244427,9059638
244428,9059638
244429,9059638
244432,9059638
244433,9059638
244434,9059638
244436,9059638
244437,9059638
244438,9059638
244439,9059638
244440,9059638
244441,9059638
244442,9059638
244443,9059638
244444,9059638
244445,9059638
244446,9059638
244447,9059638
244448,9059638
244450,9059638
214751,9064229
214752,9064229
214753,9064229
214754,9064229
214757,9064229
214758,9064229
214759,9064229
214760,9064229
214761,9064229
214764,9064229
214765,9064229
214766,9064229
214767,9064229
214768,9064229
214769,9064229
214772,9064229
214773,9064229
214774,9064229
214775,9064229
214776,9064229
214777,9064229
214778,9064229
214779,9064229
214780,9064229
214781,9064229
214782,9064229
214783,9064229
214784,9064229
214785,9064229
214786,9064229
214787,9064229
214788,9064229
214789,9064229
214790,9064229
214792,9064229
214795,9064229
214796,9064229
214797,9064229
214799,9064229
214800,9064229
165002,9064839
165003,9064839
165005,9064839
165006,9064839
165008,9064839
165010,9064839
165011,9064839
165012,9064839
165013,9064839
165014,9064839
165015,9064839
165016,9064839
165019,9064839
165020,9064839
165022,9064839
165023,9064839
165024,9064839
165026,9064839
165027,9064839
165028,9064839
165029,9064839
165030,9064839
165031,9064839
165032,9064839
165034,9064839
165036,9064839
165037,9064839
165038,9064839
165039,9064839
165040,9064839
165041,9064839
165042,9064839
165043,9064839
165044,9064839
165045,9064839
165046,9064839
165047,9064839
165048,9064839
165049,9064839
165050,9064839
398653,9072501
398654,9072501
398655,9072501
398656,9072501
398657,9072501
398658,9072501
398660,9072501
398663,9072501
398665,9072501
398666,9072501
398667,9072501
398668,9072501
398669,9072501
398670,9072501
398671,9072501
398672,9072501
398674,9072501
398675,9072501
398676,9072501
398677,9072501
398678,9072501
398679,9072501
398680,9072501
398681,9072501
398683,9072501
398684,9072501
398685,9072501
398686,9072501
398687,9072501
398688,9072501
398689,9072501
398690,9072501
398691,9072501
398692,9072501
398693,9072501
398696,9072501
398697,9072501
398698,9072501
398699,9072501
398700,9072501
288801,9076258
288803,9076258
288804,9076258
288805,9076258
288806,9076258
288808,9076258
288809,9076258
288810,9076258
288811,9076258
288812,9076258
288814,9076258
288816,9076258
288817,9076258
288818,9076258
288819,9076258
288820,9076258
288821,9076258
288822,9076258
288824,9076258
288825,9076258
288826,9076258
288827,9076258
288828,9076258
288829,9076258
288830,9076258
288831,9076258
288832,9076258
288833,9076258
288835,9076258
288838,9076258
288839,9076258
288840,9076258
288841,9076258
288842,9076258
288843,9076258
288844,9076258
288845,9076258
288847,9076258
288848,9076258
288850,9076258
379553,9081655
379554,9081655
379555,9081655
379557,9081655
379558,9081655
379560,9081655
379561,9081655
379562,9081655
379563,9081655
379564,9081655
379565,9081655
379566,9081655
379568,9081655
379569,9081655
379570,9081655
379571,9081655
379572,9081655
379573,9081655
379574,9081655
379575,9081655
379576,9081655
379578,9081655
379579,9081655
379580,9081655
379581,9081655
379582,9081655
379583,9081655
379585,9081655
379586,9081655
379588,9081655
379589,9081655
379590,9081655
379591,9081655
379592,9081655
379594,9081655
379595,9081655
379596,9081655
379597,9081655
379598,9081655
379599,9081655
244201,9081679
244202,9081679
244203,9081679
244204,9081679
244205,9081679
244208,9081679
244210,9081679
244211,9081679
244212,9081679
244213,9081679
244214,9081679
244215,9081679
244216,9081679
244217,9081679
244218,9081679
244220,9081679
244221,9081679
244222,9081679
244223,9081679
244224,9081679
244225,9081679
244226,9081679
244227,9081679
244228,9081679
244229,9081679
244231,9081679
244232,9081679
244233,9081679
244238,9081679
244239,9081679
244240,9081679
244241,9081679
244242,9081679
244243,9081679
244244,9081679
244246,9081679
244247,9081679
244248,9081679
244249,9081679
244250,9081679
352101,9128037
352102,9128037
352103,9128037
352104,9128037
352105,9128037
352107,9128037
352108,9128037
352110,9128037
352111,9128037
352112,9128037
352113,9128037
352115,9128037
352116,9128037
352117,9128037
352119,9128037
352120,9128037
352121,9128037
352122,9128037
352123,9128037
352124,9128037
352125,9128037
352126,9128037
352128,9128037
352129,9128037
352130,9128037
352131,9128037
352133,9128037
352134,9128037
352135,9128037
352137,9128037
352138,9128037
352140,9128037
352141,9128037
352143,9128037
352144,9128037
352145,9128037
352146,9128037
352147,9128037
352148,9128037
352150,9128037
379152,9128063
379153,9128063
379154,9128063
379155,9128063
379156,9128063
379157,9128063
379158,9128063
379159,9128063
379160,9128063
379161,9128063
379162,9128063
379163,9128063
379164,9128063
379165,9128063
379168,9128063
379169,9128063
379170,9128063
379171,9128063
379172,9128063
379173,9128063
379174,9128063
379177,9128063
379179,9128063
379180,9128063
379181,9128063
379182,9128063
379183,9128063
379186,9128063
379187,9128063
379188,9128063
379189,9128063
379190,9128063
379191,9128063
379192,9128063
379194,9128063
379195,9128063
379196,9128063
379197,9128063
379198,9128063
379199,9128063
378902,9135822
378903,9135822
378904,9135822
378905,9135822
378906,9135822
378907,9135822
378908,9135822
378910,9135822
378911,9135822
378913,9135822
378914,9135822
378916,9135822
378917,9135822
378918,9135822
378919,9135822
378920,9135822
378921,9135822
378922,9135822
378923,9135822
378924,9135822
378926,9135822
378927,9135822
378930,9135822
378931,9135822
378933,9135822
378934,9135822
378935,9135822
378936,9135822
378937,9135822
378938,9135822
378939,9135822
378940,9135822
378941,9135822
378943,9135822
378944,9135822
378945,9135822
378946,9135822
378948,9135822
378949,9135822
378950,9135822
91601,9140956
91602,9140956
91603,9140956
91605,9140956
91606,9140956
91607,9140956
91608,9140956
91609,9140956
91610,9140956
91612,9140956
91613,9140956
91614,9140956
91615,9140956
91616,9140956
91617,9140956
91619,9140956
91620,9140956
91622,9140956
91623,9140956
91625,9140956
91628,9140956
91629,9140956
91630,9140956
91631,9140956
91632,9140956
91633,9140956
91634,9140956
91635,9140956
91636,9140956
91637,9140956
91638,9140956
91639,9140956
91640,9140956
91641,9140956
91642,9140956
91644,9140956
91645,9140956
91646,9140956
91648,9140956
91649,9140956
153851,9140970
153852,9140970
153853,9140970
153854,9140970
153857,9140970
153858,9140970
153859,9140970
153860,9140970
153862,9140970
153863,9140970
153865,9140970
153866,9140970
153867,9140970
153868,9140970
153869,9140970
153870,9140970
153873,9140970
153874,9140970
153875,9140970
153876,9140970
153877,9140970
153878,9140970
153880,9140970
153881,9140970
153882,9140970
153883,9140970
153884,9140970
153885,9140970
153886,9140970
153887,9140970
153888,9140970
153889,9140970
153891,9140970
153892,9140970
153894,9140970
153895,9140970
153896,9140970
153898,9140970
153899,9140970
153900,9140970
70101,9143752
70103,9143752
70104,9143752
70105,9143752
70106,9143752
70107,9143752
70108,9143752
70109,9143752
70110,9143752
70112,9143752
70113,9143752
70116,9143752
70117,9143752
70118,9143752
70120,9143752
70121,9143752
70122,9143752
70123,9143752
70124,9143752
70125,9143752
70126,9143752
70128,9143752
70129,9143752
70130,9143752
70131,9143752
70133,9143752
70134,9143752
70135,9143752
70136,9143752
70137,9143752
70138,9143752
70139,9143752
70140,9143752
70141,9143752
70142,9143752
70143,9143752
70144,9143752
70146,9143752
70147,9143752
70150,9143752
233151,9150810
233152,9150810
233153,9150810
233154,9150810
233155,9150810
233157,9150810
233159,9150810
233161,9150810
233162,9150810
233165,9150810
233166,9150810
233167,9150810
233168,9150810
233169,9150810
233170,9150810
233171,9150810
233172,9150810
233174,9150810
233176,9150810
233177,9150810
233180,9150810
233181,9150810
233182,9150810
233183,9150810
233184,9150810
233185,9150810
233187,9150810
233188,9150810
233189,9150810
233190,9150810
233191,9150810
233192,9150810
233193,9150810
233194,9150810
233195,9150810
233196,9150810
233197,9150810
233198,9150810
233199,9150810
233200,9150810
227601,9159115
227602,9159115
227605,9159115
227606,9159115
227607,9159115
227609,9159115
227610,9159115
227611,9159115
227612,9159115
227613,9159115
227614,9159115
227616,9159115
227617,9159115
227618,9159115
227619,9159115
227620,9159115
227621,9159115
227622,9159115
227623,9159115
227624,9159115
227625,9159115
227626,9159115
227628,9159115
227629,9159115
227630,9159115
227631,9159115
227634,9159115
227635,9159115
227636,9159115
227638,9159115
227639,9159115
227640,9159115
227641,9159115
227643,9159115
227644,9159115
227645,9159115
227646,9159115
227647,9159115
227648,9159115
227649,9159115
134251,9160724
134252,9160724
134253,9160724
134254,9160724
134255,9160724
134256,9160724
134257,9160724
134260,9160724
134261,9160724
134262,9160724
134263,9160724
134266,9160724
134268,9160724
134269,9160724
134270,9160724
134271,9160724
134273,9160724
134274,9160724
134275,9160724
134276,9160724
134277,9160724
134278,9160724
134279,9160724
134281,9160724
134282,9160724
134283,9160724
134284,9160724
134285,9160724
134286,9160724
134287,9160724
134289,9160724
134291,9160724
134292,9160724
134294,9160724
134295,9160724
134296,9160724
134297,9160724
134298,9160724
134299,9160724
134300,9160724
326353,9167801
326354,9167801
326356,9167801
326357,9167801
326359,9167801
326360,9167801
326361,9167801
326362,9167801
326363,9167801
326364,9167801
326365,9167801
326366,9167801
326367,9167801
326369,9167801
326372,9167801
326373,9167801
326374,9167801
326375,9167801
326376,9167801
326377,9167801
326378,9167801
326380,9167801
326381,9167801
326382,9167801
326383,9167801
326384,9167801
326385,9167801
326386,9167801
326388,9167801
326389,9167801
326390,9167801
326391,9167801
326392,9167801
326393,9167801
326394,9167801
326395,9167801
326396,9167801
326398,9167801
326399,9167801
326400,9167801
204501,9172480
204502,9172480
204503,9172480
204505,9172480
204506,9172480
204508,9172480
204510,9172480
204512,9172480
204513,9172480
204514,9172480
204515,9172480
204518,9172480
204520,9172480
204521,9172480
204522,9172480
204523,9172480
204524,9172480
204525,9172480
204526,9172480
204527,9172480
204528,9172480
204529,9172480
204530,9172480
204531,9172480
204532,9172480
204534,9172480
204535,9172480
204536,9172480
204537,9172480
204538,9172480
204539,9172480
204540,9172480
204541,9172480
204542,9172480
204543,9172480
204545,9172480
204546,9172480
204547,9172480
204548,9172480
204549,9172480
181201,9175901
181202,9175901
181203,9175901
181204,9175901
181206,9175901
181207,9175901
181208,9175901
181209,9175901
181210,9175901
181211,9175901
181212,9175901
181213,9175901
181215,9175901
181216,9175901
181220,9175901
181221,9175901
181223,9175901
181224,9175901
181228,9175901
181229,9175901
181230,9175901
181231,9175901
181232,9175901
181233,9175901
181234,9175901
181235,9175901
181236,9175901
181237,9175901
181238,9175901
181239,9175901
181240,9175901
181241,9175901
181242,9175901
181243,9175901
181244,9175901
181245,9175901
181246,9175901
181248,9175901
181249,9175901
181250,9175901
351252,9179397
351253,9179397
351254,9179397
351255,9179397
351256,9179397
351257,9179397
351258,9179397
351259,9179397
351260,9179397
351261,9179397
351262,9179397
351263,9179397
351265,9179397
351266,9179397
351267,9179397
351268,9179397
351269,9179397
351271,9179397
351272,9179397
351273,9179397
351274,9179397
351275,9179397
351276,9179397
351277,9179397
351279,9179397
351280,9179397
351281,9179397
351282,9179397
351283,9179397
351284,9179397
351287,9179397
351288,9179397
351289,9179397
351290,9179397
351292,9179397
351294,9179397
351295,9179397
351297,9179397
351299,9179397
351300,9179397
294751,9179402
294756,9179402
294757,9179402
294758,9179402
294759,9179402
294760,9179402
294763,9179402
294764,9179402
294765,9179402
294766,9179402
294767,9179402
294768,9179402
294769,9179402
294770,9179402
294771,9179402
294772,9179402
294774,9179402
294776,9179402
294778,9179402
294779,9179402
294780,9179402
294781,9179402
294782,9179402
294783,9179402
294784,9179402
294785,9179402
294786,9179402
294787,9179402
294788,9179402
294790,9179402
294791,9179402
294792,9179402
294793,9179402
294794,9179402
294795,9179402
294796,9179402
294797,9179402
294798,9179402
294799,9179402
294800,9179402
124901,9184536
124903,9184536
124904,9184536
124905,9184536
124907,9184536
124908,9184536
124910,9184536
124911,9184536
124913,9184536
124914,9184536
124915,9184536
124916,9184536
124917,9184536
124918,9184536
124919,9184536
124920,9184536
124921,9184536
124924,9184536
124926,9184536
124927,9184536
124928,9184536
124929,9184536
124930,9184536
124931,9184536
124932,9184536
124934,9184536
124935,9184536
124937,9184536
124938,9184536
124939,9184536
124940,9184536
124941,9184536
124942,9184536
124943,9184536
124944,9184536
124945,9184536
124946,9184536
124947,9184536
124948,9184536
124949,9184536
294602,9191474
294603,9191474
294604,9191474
294605,9191474
294606,9191474
294608,9191474
294610,9191474
294611,9191474
294613,9191474
294614,9191474
294615,9191474
294616,9191474
294618,9191474
294620,9191474
294621,9191474
294622,9191474
294623,9191474
294624,9191474
294625,9191474
294627,9191474
294628,9191474
294629,9191474
294630,9191474
294631,9191474
294632,9191474
294633,9191474
294634,9191474
294635,9191474
294636,9191474
294637,9191474
294638,9191474
294640,9191474
294641,9191474
294642,9191474
294644,9191474
294645,9191474
294646,9191474
294647,9191474
294648,9191474
294649,9191474
100301,9227596
100302,9227596
100304,9227596
100305,9227596
100307,9227596
100310,9227596
100311,9227596
100312,9227596
100313,9227596
100314,9227596
100315,9227596
100316,9227596
100317,9227596
100318,9227596
100319,9227596
100320,9227596
100321,9227596
100322,9227596
100323,9227596
100324,9227596
100325,9227596
100326,9227596
100327,9227596
100329,9227596
100330,9227596
100331,9227596
100332,9227596
100333,9227596
100334,9227596
100335,9227596
100337,9227596
100339,9227596
100340,9227596
100341,9227596
100344,9227596
100345,9227596
100346,9227596
100347,9227596
100348,9227596
100349,9227596
124551,9267546
124552,9267546
124554,9267546
124555,9267546
124556,9267546
124557,9267546
124558,9267546
124560,9267546
124563,9267546
124564,9267546
124565,9267546
124566,9267546
124567,9267546
124568,9267546
124569,9267546
124570,9267546
124571,9267546
124572,9267546
124573,9267546
124574,9267546
124575,9267546
124577,9267546
124579,9267546
124580,9267546
124582,9267546
124583,9267546
124584,9267546
124585,9267546
124586,9267546
124587,9267546
124588,9267546
124591,9267546
124592,9267546
124594,9267546
124595,9267546
124596,9267546
124597,9267546
124598,9267546
124599,9267546
124600,9267546
19202,9323089
19203,9323089
19204,9323089
19206,9323089
19207,9323089
19209,9323089
19210,9323089
19211,9323089
19212,9323089
19214,9323089
19215,9323089
19216,9323089
19217,9323089
19218,9323089
19219,9323089
19220,9323089
19221,9323089
19222,9323089
19223,9323089
19224,9323089
19225,9323089
19226,9323089
19227,9323089
19228,9323089
19229,9323089
19231,9323089
19232,9323089
19233,9323089
19234,9323089
19235,9323089
19236,9323089
19237,9323089
19238,9323089
19242,9323089
19243,9323089
19244,9323089
19246,9323089
19248,9323089
19249,9323089
19250,9323089
93151,9333644
93152,9333644
93154,9333644
93155,9333644
93156,9333644
93157,9333644
93158,9333644
93159,9333644
93162,9333644
93164,9333644
93165,9333644
93166,9333644
93167,9333644
93168,9333644
93169,9333644
93170,9333644
93171,9333644
93172,9333644
93174,9333644
93175,9333644
93176,9333644
93177,9333644
93178,9333644
93180,9333644
93181,9333644
93182,9333644
93183,9333644
93185,9333644
93186,9333644
93187,9333644
93188,9333644
93189,9333644
93190,9333644
93191,9333644
93192,9333644
93193,9333644
93195,9333644
93196,9333644
93197,9333644
93198,9333644
331802,9338747
331804,9338747
331805,9338747
331806,9338747
331808,9338747
331809,9338747
331810,9338747
331811,9338747
331812,9338747
331813,9338747
331814,9338747
331815,9338747
331816,9338747
331817,9338747
331818,9338747
331819,9338747
331820,9338747
331821,9338747
331822,9338747
331824,9338747
331825,9338747
331826,9338747
331827,9338747
331828,9338747
331829,9338747
331830,9338747
331832,9338747
331833,9338747
331834,9338747
331835,9338747
331836,9338747
331838,9338747
331839,9338747
331840,9338747
331841,9338747
331844,9338747
331845,9338747
331846,9338747
331848,9338747
331850,9338747
226251,9350989
226252,9350989
226253,9350989
226254,9350989
226255,9350989
226256,9350989
226258,9350989
226259,9350989
226261,9350989
226262,9350989
226264,9350989
226265,9350989
226266,9350989
226268,9350989
226269,9350989
226271,9350989
226272,9350989
226273,9350989
226275,9350989
226276,9350989
226277,9350989
226278,9350989
226279,9350989
226280,9350989
226282,9350989
226283,9350989
226285,9350989
226286,9350989
226287,9350989
226288,9350989
226289,9350989
226290,9350989
226291,9350989
226292,9350989
226293,9350989
226295,9350989
226296,9350989
226297,9350989
226298,9350989
226299,9350989
93001,9359650
93002,9359650
93003,9359650
93004,9359650
93005,9359650
93006,9359650
93007,9359650
93008,9359650
93009,9359650
93010,9359650
93013,9359650
93014,9359650
93015,9359650
93017,9359650
93018,9359650
93019,9359650
93020,9359650
93021,9359650
93022,9359650
93024,9359650
93025,9359650
93026,9359650
93027,9359650
93028,9359650
93029,9359650
93030,9359650
93035,9359650
93036,9359650
93037,9359650
93038,9359650
93040,9359650
93041,9359650
93042,9359650
93043,9359650
93044,9359650
93045,9359650
93047,9359650
93048,9359650
93049,9359650
93050,9359650
56451,9393917
56452,9393917
56453,9393917
56454,9393917
56455,9393917
56456,9393917
56457,9393917
56458,9393917
56459,9393917
56462,9393917
56464,9393917
56465,9393917
56466,9393917
56467,9393917
56468,9393917
56469,9393917
56471,9393917
56473,9393917
56475,9393917
56476,9393917
56477,9393917
56478,9393917
56479,9393917
56481,9393917
56482,9393917
56483,9393917
56484,9393917
56485,9393917
56486,9393917
56488,9393917
56489,9393917
56490,9393917
56491,9393917
56492,9393917
56494,9393917
56495,9393917
56496,9393917
56498,9393917
56499,9393917
56500,9393917
