382501,7110062
382502,7110062
382503,7110062
382504,7110062
382505,7110062
382507,7110062
382508,7110062
382509,7110062
382510,7110062
382511,7110062
382512,7110062
382513,7110062
382514,7110062
382515,7110062
382516,7110062
382517,7110062
382518,7110062
382519,7110062
382520,7110062
382521,7110062
382522,7110062
382523,7110062
382525,7110062
382527,7110062
382528,7110062
382529,7110062
382530,7110062
382531,7110062
382532,7110062
382533,7110062
382534,7110062
382535,7110062
382538,7110062
382539,7110062
382541,7110062
382542,7110062
382544,7110062
382546,7110062
382548,7110062
382549,7110062
151152,7228302
151153,7228302
151155,7228302
151157,7228302
151158,7228302
151159,7228302
151160,7228302
151161,7228302
151162,7228302
151163,7228302
151164,7228302
151165,7228302
151166,7228302
151168,7228302
151169,7228302
151170,7228302
151171,7228302
151172,7228302
151174,7228302
151175,7228302
151176,7228302
151177,7228302
151179,7228302
151181,7228302
151182,7228302
151183,7228302
151184,7228302
151185,7228302
151186,7228302
151187,7228302
151188,7228302
151189,7228302
151191,7228302
151194,7228302
151195,7228302
151196,7228302
151197,7228302
151198,7228302
151199,7228302
151200,7228302
270002,7359278
270003,7359278
270004,7359278
270005,7359278
270006,7359278
270007,7359278
270010,7359278
270011,7359278
270012,7359278
270013,7359278
270014,7359278
270015,7359278
270016,7359278
270017,7359278
270018,7359278
270019,7359278
270020,7359278
270021,7359278
270022,7359278
270023,7359278
270024,7359278
270025,7359278
270026,7359278
270027,7359278
270028,7359278
270029,7359278
270030,7359278
270031,7359278
270032,7359278
270033,7359278
270034,7359278
270035,7359278
270036,7359278
270039,7359278
270041,7359278
270042,7359278
270044,7359278
270048,7359278
270049,7359278
270050,7359278
263251,7638519
263252,7638519
263253,7638519
263254,7638519
263255,7638519
263256,7638519
263257,7638519
263258,7638519
263259,7638519
263260,7638519
263262,7638519
263263,7638519
263264,7638519
263265,7638519
263266,7638519
263267,7638519
263268,7638519
263269,7638519
263270,7638519
263271,7638519
263273,7638519
263274,7638519
263275,7638519
263276,7638519
263278,7638519
263282,7638519
263283,7638519
263284,7638519
263285,7638519
263286,7638519
263288,7638519
263289,7638519
263290,7638519
263291,7638519
263294,7638519
263295,7638519
263296,7638519
263298,7638519
263299,7638519
263300,7638519
235301,7700099
235302,7700099
235303,7700099
235304,7700099
235305,7700099
235306,7700099
235307,7700099
235308,7700099
235311,7700099
235313,7700099
235315,7700099
235316,7700099
235317,7700099
235318,7700099
235319,7700099
235320,7700099
235321,7700099
235322,7700099
235324,7700099
235325,7700099
235326,7700099
235327,7700099
235328,7700099
235329,7700099
235330,7700099
235331,7700099
235332,7700099
235333,7700099
235335,7700099
235336,7700099
235338,7700099
235341,7700099
235342,7700099
235344,7700099
235345,7700099
235346,7700099
235347,7700099
235348,7700099
235349,7700099
235350,7700099
319751,7805241
319752,7805241
319753,7805241
319754,7805241
319756,7805241
319758,7805241
319759,7805241
319760,7805241
319762,7805241
319763,7805241
319764,7805241
319765,7805241
319766,7805241
319767,7805241
319768,7805241
319769,7805241
319770,7805241
319771,7805241
319772,7805241
319773,7805241
319775,7805241
319777,7805241
319779,7805241
319780,7805241
319781,7805241
319782,7805241
319784,7805241
319786,7805241
319787,7805241
319790,7805241
319791,7805241
319792,7805241
319793,7805241
319794,7805241
319795,7805241
319796,7805241
319797,7805241
319798,7805241
319799,7805241
319800,7805241
174051,7823982
174052,7823982
174053,7823982
174054,7823982
174055,7823982
174056,7823982
174057,7823982
174058,7823982
174059,7823982
174061,7823982
174064,7823982
174066,7823982
174067,7823982
174071,7823982
174072,7823982
174074,7823982
174075,7823982
174076,7823982
174077,7823982
174078,7823982
174079,7823982
174080,7823982
174081,7823982
174082,7823982
174083,7823982
174084,7823982
174087,7823982
174088,7823982
174089,7823982
174090,7823982
174091,7823982
174092,7823982
174093,7823982
174094,7823982
174095,7823982
174096,7823982
174097,7823982
174098,7823982
174099,7823982
174100,7823982
192552,8202226
192554,8202226
192555,8202226
192556,8202226
192557,8202226
192558,8202226
192559,8202226
192561,8202226
192562,8202226
192563,8202226
192564,8202226
192565,8202226
192567,8202226
192568,8202226
192569,8202226
192570,8202226
192571,8202226
192572,8202226
192574,8202226
192576,8202226
192577,8202226
192578,8202226
192579,8202226
192580,8202226
192581,8202226
192582,8202226
192583,8202226
192584,8202226
192585,8202226
192586,8202226
192587,8202226
192588,8202226
192590,8202226
192591,8202226
192592,8202226
192595,8202226
192597,8202226
192598,8202226
192599,8202226
192600,8202226
371352,8220436
371353,8220436
371354,8220436
371355,8220436
371356,8220436
371357,8220436
371358,8220436
371359,8220436
371361,8220436
371362,8220436
371363,8220436
371364,8220436
371365,8220436
371366,8220436
371368,8220436
371369,8220436
371371,8220436
371372,8220436
371375,8220436
371376,8220436
371377,8220436
371378,8220436
371379,8220436
371380,8220436
371381,8220436
371382,8220436
371384,8220436
371385,8220436
371386,8220436
371387,8220436
371388,8220436
371389,8220436
371390,8220436
371391,8220436
371392,8220436
371393,8220436
371394,8220436
371397,8220436
371398,8220436
371399,8220436
391051,8221856
391052,8221856
391057,8221856
391058,8221856
391059,8221856
391061,8221856
391062,8221856
391063,8221856
391064,8221856
391065,8221856
391066,8221856
391067,8221856
391068,8221856
391069,8221856
391070,8221856
391071,8221856
391072,8221856
391073,8221856
391074,8221856
391075,8221856
391076,8221856
391077,8221856
391081,8221856
391082,8221856
391083,8221856
391084,8221856
391085,8221856
391088,8221856
391089,8221856
391090,8221856
391091,8221856
391092,8221856
391093,8221856
391094,8221856
391095,8221856
391096,8221856
391097,8221856
391098,8221856
391099,8221856
391100,8221856
234652,8221868
234653,8221868
234654,8221868
234655,8221868
234656,8221868
234657,8221868
234659,8221868
234660,8221868
234662,8221868
234663,8221868
234666,8221868
234667,8221868
234669,8221868
234670,8221868
234671,8221868
234672,8221868
234673,8221868
234674,8221868
234675,8221868
234678,8221868
234679,8221868
234680,8221868
234681,8221868
234682,8221868
234683,8221868
234684,8221868
234685,8221868
234686,8221868
234687,8221868
234689,8221868
234690,8221868
234691,8221868
234692,8221868
234693,8221868
234694,8221868
234695,8221868
234696,8221868
234697,8221868
234698,8221868
234700,8221868
361951,8300377
361952,8300377
361953,8300377
361955,8300377
361956,8300377
361957,8300377
361958,8300377
361959,8300377
361960,8300377
361961,8300377
361962,8300377
361963,8300377
361964,8300377
361968,8300377
361969,8300377
361970,8300377
361971,8300377
361973,8300377
361974,8300377
361976,8300377
361977,8300377
361978,8300377
361979,8300377
361980,8300377
361981,8300377
361982,8300377
361983,8300377
361984,8300377
361985,8300377
361987,8300377
361989,8300377
361990,8300377
361991,8300377
361993,8300377
361994,8300377
361995,8300377
361996,8300377
361998,8300377
361999,8300377
362000,8300377
245601,8311106
245602,8311106
245603,8311106
245604,8311106
245605,8311106
245606,8311106
245608,8311106
245609,8311106
245610,8311106
245611,8311106
245614,8311106
245615,8311106
245616,8311106
245617,8311106
245618,8311106
245619,8311106
245620,8311106
245621,8311106
245622,8311106
245623,8311106
245625,8311106
245626,8311106
245627,8311106
245630,8311106
245631,8311106
245632,8311106
245633,8311106
245636,8311106
245637,8311106
245638,8311106
245639,8311106
245640,8311106
245641,8311106
245642,8311106
245643,8311106
245646,8311106
245647,8311106
245648,8311106
245649,8311106
245650,8311106
196601,8311120
196602,8311120
196603,8311120
196604,8311120
196606,8311120
196607,8311120
196608,8311120
196609,8311120
196610,8311120
196611,8311120
196613,8311120
196614,8311120
196615,8311120
196616,8311120
196618,8311120
196619,8311120
196621,8311120
196622,8311120
196623,8311120
196625,8311120
196626,8311120
196627,8311120
196628,8311120
196630,8311120
196631,8311120
196632,8311120
196633,8311120
196634,8311120
196635,8311120
196636,8311120
196638,8311120
196639,8311120
196641,8311120
196643,8311120
196644,8311120
196645,8311120
196646,8311120
196647,8311120
196648,8311120
196650,8311120
311801,8311132
311802,8311132
311804,8311132
311805,8311132
311806,8311132
311807,8311132
311808,8311132
311809,8311132
311811,8311132
311813,8311132
311814,8311132
311815,8311132
311816,8311132
311817,8311132
311818,8311132
311819,8311132
311820,8311132
311821,8311132
311822,8311132
311823,8311132
311824,8311132
311826,8311132
311827,8311132
311828,8311132
311830,8311132
311831,8311132
311832,8311132
311833,8311132
311835,8311132
311836,8311132
311837,8311132
311839,8311132
311840,8311132
311841,8311132
311844,8311132
311845,8311132
311846,8311132
311847,8311132
311849,8311132
311850,8311132
178102,8320585
178104,8320585
178105,8320585
178107,8320585
178108,8320585
178109,8320585
178110,8320585
178111,8320585
178112,8320585
178113,8320585
178114,8320585
178115,8320585
178116,8320585
178117,8320585
178118,8320585
178120,8320585
178121,8320585
178122,8320585
178124,8320585
178125,8320585
178126,8320585
178128,8320585
178129,8320585
178131,8320585
178132,8320585
178133,8320585
178134,8320585
178135,8320585
178136,8320585
178137,8320585
178138,8320585
178140,8320585
178141,8320585
178142,8320585
178143,8320585
178144,8320585
178145,8320585
178146,8320585
178149,8320585
178150,8320585
251301,8400050
251302,8400050
251303,8400050
251304,8400050
251305,8400050
251306,8400050
251307,8400050
251308,8400050
251312,8400050
251313,8400050
251315,8400050
251317,8400050
251318,8400050
251319,8400050
251323,8400050
251324,8400050
251325,8400050
251326,8400050
251327,8400050
251328,8400050
251329,8400050
251331,8400050
251332,8400050
251334,8400050
251335,8400050
251336,8400050
251337,8400050
251338,8400050
251339,8400050
251340,8400050
251341,8400050
251342,8400050
251343,8400050
251344,8400050
251345,8400050
251346,8400050
251347,8400050
251348,8400050
251349,8400050
251350,8400050
229304,8404238
229305,8404238
229306,8404238
229307,8404238
229308,8404238
229309,8404238
229310,8404238
229312,8404238
229313,8404238
229315,8404238
229317,8404238
229320,8404238
229321,8404238
229322,8404238
229323,8404238
229324,8404238
229325,8404238
229326,8404238
229328,8404238
229329,8404238
229330,8404238
229331,8404238
229332,8404238
229333,8404238
229334,8404238
229335,8404238
229336,8404238
229337,8404238
229338,8404238
229339,8404238
229340,8404238
229341,8404238
229342,8404238
229343,8404238
229344,8404238
229345,8404238
229347,8404238
229348,8404238
229349,8404238
229350,8404238
318901,8407814
318902,8407814
318903,8407814
318904,8407814
318905,8407814
318906,8407814
318907,8407814
318908,8407814
318909,8407814
318910,8407814
318911,8407814
318915,8407814
318917,8407814
318918,8407814
318920,8407814
318922,8407814
318923,8407814
318924,8407814
318925,8407814
318926,8407814
318927,8407814
318929,8407814
318930,8407814
318931,8407814
318932,8407814
318933,8407814
318934,8407814
318935,8407814
318936,8407814
318937,8407814
318938,8407814
318941,8407814
318943,8407814
318944,8407814
318945,8407814
318946,8407814
318947,8407814
318948,8407814
318949,8407814
318950,8407814
361802,8410574
361803,8410574
361805,8410574
361806,8410574
361807,8410574
361808,8410574
361809,8410574
361810,8410574
361811,8410574
361812,8410574
361813,8410574
361814,8410574
361815,8410574
361816,8410574
361817,8410574
361818,8410574
361823,8410574
361824,8410574
361825,8410574
361826,8410574
361827,8410574
361828,8410574
361829,8410574
361830,8410574
361831,8410574
361832,8410574
361833,8410574
361834,8410574
361835,8410574
361836,8410574
361837,8410574
361838,8410574
361839,8410574
361841,8410574
361842,8410574
361843,8410574
361844,8410574
361846,8410574
361849,8410574
361850,8410574
75001,8412687
75002,8412687
75004,8412687
75007,8412687
75008,8412687
75009,8412687
75010,8412687
75011,8412687
75013,8412687
75014,8412687
75015,8412687
75016,8412687
75018,8412687
75019,8412687
75020,8412687
75021,8412687
75022,8412687
75023,8412687
75024,8412687
75025,8412687
75026,8412687
75027,8412687
75028,8412687
75029,8412687
75030,8412687
75031,8412687
75032,8412687
75034,8412687
75035,8412687
75036,8412687
75037,8412687
75038,8412687
75039,8412687
75040,8412687
75042,8412687
75043,8412687
75045,8412687
75046,8412687
75047,8412687
75050,8412687
303851,8517358
303852,8517358
303853,8517358
303854,8517358
303855,8517358
303856,8517358
303857,8517358
303858,8517358
303859,8517358
303860,8517358
303861,8517358
303863,8517358
303864,8517358
303865,8517358
303866,8517358
303867,8517358
303868,8517358
303869,8517358
303872,8517358
303874,8517358
303875,8517358
303876,8517358
303878,8517358
303880,8517358
303881,8517358
303882,8517358
303883,8517358
303885,8517358
303886,8517358
303887,8517358
303890,8517358
303891,8517358
303892,8517358
303893,8517358
303894,8517358
303895,8517358
303896,8517358
303897,8517358
303899,8517358
303900,8517358
335351,8706789
335352,8706789
335353,8706789
335354,8706789
335355,8706789
335356,8706789
335357,8706789
335359,8706789
335360,8706789
335361,8706789
335362,8706789
335364,8706789
335365,8706789
335366,8706789
335368,8706789
335369,8706789
335370,8706789
335372,8706789
335373,8706789
335374,8706789
335375,8706789
335376,8706789
335378,8706789
335380,8706789
335381,8706789
335382,8706789
335383,8706789
335384,8706789
335385,8706789
335388,8706789
335389,8706789
335390,8706789
335391,8706789
335392,8706789
335393,8706789
335394,8706789
335397,8706789
335398,8706789
335399,8706789
335400,8706789
318502,8713550
318503,8713550
318504,8713550
318505,8713550
318506,8713550
318507,8713550
318509,8713550
318510,8713550
318511,8713550
318512,8713550
318516,8713550
318517,8713550
318519,8713550
318520,8713550
318521,8713550
318522,8713550
318523,8713550
318524,8713550
318525,8713550
318526,8713550
318527,8713550
318528,8713550
318531,8713550
318533,8713550
318534,8713550
318535,8713550
318537,8713550
318538,8713550
318539,8713550
318540,8713550
318541,8713550
318542,8713550
318543,8713550
318544,8713550
318545,8713550
318546,8713550
318547,8713550
318548,8713550
318549,8713550
318550,8713550
399603,8713562
399604,8713562
399605,8713562
399606,8713562
399607,8713562
399608,8713562
399612,8713562
399613,8713562
399614,8713562
399615,8713562
399616,8713562
399617,8713562
399618,8713562
399619,8713562
399620,8713562
399621,8713562
399622,8713562
399623,8713562
399624,8713562
399625,8713562
399627,8713562
399628,8713562
399629,8713562
399630,8713562
399631,8713562
399633,8713562
399634,8713562
399635,8713562
399636,8713562
399637,8713562
399638,8713562
399639,8713562
399640,8713562
399641,8713562
399642,8713562
399644,8713562
399646,8713562
399647,8713562
399648,8713562
399650,8713562
282451,8800133
282452,8800133
282453,8800133
282455,8800133
282456,8800133
282457,8800133
282461,8800133
282462,8800133
282463,8800133
282464,8800133
282465,8800133
282468,8800133
282469,8800133
282471,8800133
282472,8800133
282473,8800133
282474,8800133
282476,8800133
282477,8800133
282478,8800133
282479,8800133
282480,8800133
282481,8800133
282482,8800133
282483,8800133
282484,8800133
282485,8800133
282486,8800133
282487,8800133
282488,8800133
282489,8800133
282490,8800133
282491,8800133
282493,8800133
282494,8800133
282495,8800133
282496,8800133
282497,8800133
282498,8800133
282500,8800133
303551,8802014
303552,8802014
303553,8802014
303554,8802014
303555,8802014
303556,8802014
303557,8802014
303559,8802014
303560,8802014
303561,8802014
303564,8802014
303565,8802014
303566,8802014
303567,8802014
303569,8802014
303570,8802014
303571,8802014
303574,8802014
303575,8802014
303576,8802014
303578,8802014
303579,8802014
303580,8802014
303581,8802014
303583,8802014
303584,8802014
303585,8802014
303586,8802014
303587,8802014
303589,8802014
303590,8802014
303591,8802014
303593,8802014
303594,8802014
303595,8802014
303596,8802014
303597,8802014
303598,8802014
303599,8802014
303600,8802014
103851,8802090
103852,8802090
103854,8802090
103855,8802090
103856,8802090
103857,8802090
103858,8802090
103859,8802090
103861,8802090
103862,8802090
103865,8802090
103866,8802090
103868,8802090
103869,8802090
103871,8802090
103874,8802090
103875,8802090
103876,8802090
103877,8802090
103878,8802090
103879,8802090
103880,8802090
103881,8802090
103882,8802090
103883,8802090
103884,8802090
103885,8802090
103886,8802090
103887,8802090
103888,8802090
103889,8802090
103890,8802090
103891,8802090
103894,8802090
103895,8802090
103896,8802090
103897,8802090
103898,8802090
103899,8802090
103900,8802090
327751,8804543
327752,8804543
327753,8804543
327755,8804543
327757,8804543
327758,8804543
327759,8804543
327760,8804543
327761,8804543
327762,8804543
327763,8804543
327764,8804543
327765,8804543
327767,8804543
327768,8804543
327770,8804543
327771,8804543
327772,8804543
327773,8804543
327774,8804543
327775,8804543
327776,8804543
327777,8804543
327778,8804543
327781,8804543
327783,8804543
327784,8804543
327785,8804543
327786,8804543
327787,8804543
327788,8804543
327789,8804543
327793,8804543
327794,8804543
327795,8804543
327796,8804543
327797,8804543
327798,8804543
327799,8804543
327800,8804543
370203,8804555
370204,8804555
370206,8804555
370208,8804555
370209,8804555
370210,8804555
370211,8804555
370212,8804555
370213,8804555
370214,8804555
370216,8804555
370217,8804555
370218,8804555
370219,8804555
370222,8804555
370223,8804555
370224,8804555
370225,8804555
370226,8804555
370227,8804555
370228,8804555
370229,8804555
370230,8804555
370231,8804555
370232,8804555
370234,8804555
370235,8804555
370236,8804555
370237,8804555
370238,8804555
370239,8804555
370240,8804555
370242,8804555
370243,8804555
370244,8804555
370245,8804555
370246,8804555
370248,8804555
370249,8804555
370250,8804555
335301,8804567
335303,8804567
335305,8804567
335306,8804567
335309,8804567
335310,8804567
335311,8804567
335313,8804567
335314,8804567
335315,8804567
335316,8804567
335317,8804567
335318,8804567
335319,8804567
335321,8804567
335323,8804567
335324,8804567
335325,8804567
335326,8804567
335327,8804567
335328,8804567
335329,8804567
335330,8804567
335331,8804567
335332,8804567
335333,8804567
335335,8804567
335336,8804567
335337,8804567
335338,8804567
335339,8804567
335341,8804567
335342,8804567
335344,8804567
335345,8804567
335346,8804567
335347,8804567
335348,8804567
335349,8804567
335350,8804567
318302,8807662
318303,8807662
318304,8807662
318305,8807662
318306,8807662
318307,8807662
318308,8807662
318311,8807662
318312,8807662
318313,8807662
318314,8807662
318315,8807662
318316,8807662
318317,8807662
318318,8807662
318319,8807662
318320,8807662
318322,8807662
318323,8807662
318324,8807662
318326,8807662
318327,8807662
318328,8807662
318329,8807662
318330,8807662
318331,8807662
318333,8807662
318334,8807662
318336,8807662
318338,8807662
318339,8807662
318340,8807662
318341,8807662
318342,8807662
318343,8807662
318344,8807662
318345,8807662
318346,8807662
318349,8807662
318350,8807662
282251,8819299
282252,8819299
282253,8819299
282254,8819299
282255,8819299
282256,8819299
282257,8819299
282259,8819299
282260,8819299
282261,8819299
282262,8819299
282263,8819299
282266,8819299
282267,8819299
282268,8819299
282269,8819299
282270,8819299
282271,8819299
282272,8819299
282273,8819299
282276,8819299
282277,8819299
282278,8819299
282279,8819299
282280,8819299
282281,8819299
282283,8819299
282285,8819299
282286,8819299
282287,8819299
282288,8819299
282289,8819299
282291,8819299
282292,8819299
282295,8819299
282296,8819299
282297,8819299
282298,8819299
282299,8819299
282300,8819299
289051,8819304
289052,8819304
289053,8819304
289054,8819304
289056,8819304
289057,8819304
289058,8819304
289059,8819304
289060,8819304
289061,8819304
289062,8819304
289063,8819304
289065,8819304
289069,8819304
289070,8819304
289071,8819304
289074,8819304
289075,8819304
289076,8819304
289077,8819304
289078,8819304
289079,8819304
289080,8819304
289081,8819304
289082,8819304
289083,8819304
289084,8819304
289085,8819304
289086,8819304
289087,8819304
289089,8819304
289090,8819304
289091,8819304
289092,8819304
289093,8819304
289094,8819304
289095,8819304
289097,8819304
289099,8819304
289100,8819304
335051,8860444
335052,8860444
335053,8860444
335054,8860444
335055,8860444
335057,8860444
335058,8860444
335059,8860444
335061,8860444
335062,8860444
335063,8860444
335064,8860444
335065,8860444
335066,8860444
335067,8860444
335068,8860444
335069,8860444
335071,8860444
335072,8860444
335073,8860444
335075,8860444
335077,8860444
335078,8860444
335079,8860444
335081,8860444
335082,8860444
335083,8860444
335084,8860444
335085,8860444
335086,8860444
335087,8860444
335089,8860444
335090,8860444
335091,8860444
335092,8860444
335093,8860444
335097,8860444
335098,8860444
335099,8860444
335100,8860444
296201,8906559
296202,8906559
296205,8906559
296207,8906559
296208,8906559
296209,8906559
296210,8906559
296211,8906559
296213,8906559
296215,8906559
296216,8906559
296217,8906559
296218,8906559
296219,8906559
296221,8906559
296222,8906559
296223,8906559
296224,8906559
296225,8906559
296226,8906559
296227,8906559
296228,8906559
296229,8906559
296230,8906559
296231,8906559
296232,8906559
296234,8906559
296235,8906559
296236,8906559
296237,8906559
296238,8906559
296239,8906559
296240,8906559
296242,8906559
296244,8906559
296245,8906559
296246,8906559
296247,8906559
296249,8906559
296250,8906559
296101,8909068
296102,8909068
296103,8909068
296105,8909068
296107,8909068
296109,8909068
296110,8909068
296111,8909068
296113,8909068
296114,8909068
296115,8909068
296116,8909068
296117,8909068
296118,8909068
296119,8909068
296120,8909068
296121,8909068
296122,8909068
296123,8909068
296124,8909068
296126,8909068
296127,8909068
296128,8909068
296129,8909068
296130,8909068
296133,8909068
296135,8909068
296136,8909068
296137,8909068
296138,8909068
296139,8909068
296140,8909068
296141,8909068
296142,8909068
296143,8909068
296144,8909068
296145,8909068
296147,8909068
296148,8909068
296150,8909068
138201,8909070
138202,8909070
138203,8909070
138204,8909070
138205,8909070
138207,8909070
138209,8909070
138210,8909070
138212,8909070
138213,8909070
138214,8909070
138215,8909070
138217,8909070
138218,8909070
138219,8909070
138221,8909070
138224,8909070
138225,8909070
138226,8909070
138227,8909070
138228,8909070
138229,8909070
138230,8909070
138231,8909070
138232,8909070
138233,8909070
138234,8909070
138235,8909070
138236,8909070
138239,8909070
138240,8909070
138241,8909070
138242,8909070
138243,8909070
138244,8909070
138245,8909070
138247,8909070
138248,8909070
138249,8909070
138250,8909070
282101,8912120
282103,8912120
282105,8912120
282108,8912120
282109,8912120
282110,8912120
282111,8912120
282112,8912120
282114,8912120
282115,8912120
282117,8912120
282118,8912120
282120,8912120
282121,8912120
282123,8912120
282124,8912120
282125,8912120
282126,8912120
282127,8912120
282129,8912120
282130,8912120
282131,8912120
282132,8912120
282133,8912120
282134,8912120
282135,8912120
282136,8912120
282137,8912120
282138,8912120
282139,8912120
282140,8912120
282141,8912120
282142,8912120
282143,8912120
282144,8912120
282145,8912120
282146,8912120
282148,8912120
282149,8912120
282150,8912120
205351,8912132
205352,8912132
205354,8912132
205355,8912132
205358,8912132
205360,8912132
205361,8912132
205362,8912132
205363,8912132
205364,8912132
205365,8912132
205366,8912132
205367,8912132
205368,8912132
205369,8912132
205370,8912132
205371,8912132
205372,8912132
205373,8912132
205374,8912132
205375,8912132
205376,8912132
205377,8912132
205378,8912132
205379,8912132
205380,8912132
205381,8912132
205382,8912132
205385,8912132
205386,8912132
205387,8912132
205388,8912132
205389,8912132
205391,8912132
205392,8912132
205394,8912132
205395,8912132
205397,8912132
205398,8912132
205399,8912132
205303,8912144
205304,8912144
205305,8912144
205306,8912144
205307,8912144
205308,8912144
205309,8912144
205310,8912144
205312,8912144
205313,8912144
205314,8912144
205315,8912144
205316,8912144
205317,8912144
205319,8912144
205320,8912144
205322,8912144
205323,8912144
205324,8912144
205325,8912144
205326,8912144
205327,8912144
205328,8912144
205329,8912144
205330,8912144
205332,8912144
205333,8912144
205334,8912144
205335,8912144
205336,8912144
205337,8912144
205338,8912144
205339,8912144
205343,8912144
205344,8912144
205345,8912144
205347,8912144
205348,8912144
205349,8912144
205350,8912144
262151,8917584
262152,8917584
262153,8917584
262154,8917584
262155,8917584
262156,8917584
262158,8917584
262159,8917584
262160,8917584
262163,8917584
262165,8917584
262166,8917584
262167,8917584
262168,8917584
262169,8917584
262170,8917584
262172,8917584
262173,8917584
262174,8917584
262175,8917584
262176,8917584
262177,8917584
262178,8917584
262179,8917584
262181,8917584
262183,8917584
262184,8917584
262185,8917584
262187,8917584
262188,8917584
262189,8917584
262190,8917584
262191,8917584
262192,8917584
262194,8917584
262195,8917584
262196,8917584
262197,8917584
262198,8917584
262199,8917584
269001,8920983
269002,8920983
269004,8920983
269005,8920983
269006,8920983
269007,8920983
269008,8920983
269009,8920983
269010,8920983
269011,8920983
269013,8920983
269014,8920983
269015,8920983
269016,8920983
269018,8920983
269019,8920983
269020,8920983
269021,8920983
269022,8920983
269023,8920983
269024,8920983
269027,8920983
269028,8920983
269029,8920983
269030,8920983
269031,8920983
269032,8920983
269033,8920983
269034,8920983
269037,8920983
269038,8920983
269039,8920983
269041,8920983
269042,8920983
269043,8920983
269044,8920983
269045,8920983
269046,8920983
269047,8920983
269049,8920983
250701,9014767
250704,9014767
250706,9014767
250707,9014767
250708,9014767
250709,9014767
250711,9014767
250712,9014767
250713,9014767
250714,9014767
250715,9014767
250716,9014767
250717,9014767
250718,9014767
250719,9014767
250720,9014767
250721,9014767
250722,9014767
250723,9014767
250724,9014767
250725,9014767
250726,9014767
250727,9014767
250729,9014767
250730,9014767
250731,9014767
250732,9014767
250733,9014767
250735,9014767
250736,9014767
250737,9014767
250739,9014767
250740,9014767
250741,9014767
250742,9014767
250744,9014767
250745,9014767
250746,9014767
250747,9014767
250749,9014767
110751,9015187
110752,9015187
110755,9015187
110756,9015187
110757,9015187
110758,9015187
110759,9015187
110760,9015187
110761,9015187
110762,9015187
110763,9015187
110764,9015187
110765,9015187
110767,9015187
110768,9015187
110769,9015187
110770,9015187
110771,9015187
110772,9015187
110773,9015187
110775,9015187
110776,9015187
110778,9015187
110779,9015187
110780,9015187
110781,9015187
110782,9015187
110783,9015187
110784,9015187
110786,9015187
110787,9015187
110788,9015187
110789,9015187
110791,9015187
110793,9015187
110794,9015187
110796,9015187
110797,9015187
110799,9015187
110800,9015187
85701,9015199
85702,9015199
85703,9015199
85704,9015199
85705,9015199
85706,9015199
85708,9015199
85709,9015199
85711,9015199
85712,9015199
85713,9015199
85716,9015199
85717,9015199
85718,9015199
85720,9015199
85721,9015199
85722,9015199
85723,9015199
85724,9015199
85725,9015199
85727,9015199
85728,9015199
85729,9015199
85730,9015199
85731,9015199
85732,9015199
85734,9015199
85736,9015199
85737,9015199
85738,9015199
85741,9015199
85742,9015199
85743,9015199
85744,9015199
85745,9015199
85746,9015199
85747,9015199
85748,9015199
85749,9015199
85750,9015199
160852,9015204
160854,9015204
160855,9015204
160856,9015204
160857,9015204
160858,9015204
160859,9015204
160860,9015204
160861,9015204
160862,9015204
160863,9015204
160864,9015204
160865,9015204
160867,9015204
160868,9015204
160869,9015204
160870,9015204
160871,9015204
160872,9015204
160873,9015204
160875,9015204
160876,9015204
160877,9015204
160878,9015204
160879,9015204
160880,9015204
160882,9015204
160885,9015204
160886,9015204
160887,9015204
160888,9015204
160889,9015204
160890,9015204
160891,9015204
160892,9015204
160893,9015204
160897,9015204
160898,9015204
160899,9015204
160900,9015204
200852,9015216
200853,9015216
200854,9015216
200857,9015216
200858,9015216
200859,9015216
200860,9015216
200861,9015216
200864,9015216
200866,9015216
200867,9015216
200868,9015216
200869,9015216
200870,9015216
200871,9015216
200872,9015216
200874,9015216
200876,9015216
200879,9015216
200880,9015216
200881,9015216
200882,9015216
200883,9015216
200884,9015216
200885,9015216
200886,9015216
200887,9015216
200888,9015216
200889,9015216
200890,9015216
200891,9015216
200892,9015216
200893,9015216
200894,9015216
200895,9015216
200896,9015216
200897,9015216
200898,9015216
200899,9015216
200900,9015216
154252,9016662
154254,9016662
154255,9016662
154256,9016662
154257,9016662
154258,9016662
154259,9016662
154261,9016662
154262,9016662
154263,9016662
154264,9016662
154265,9016662
154266,9016662
154267,9016662
154268,9016662
154270,9016662
154271,9016662
154272,9016662
154273,9016662
154275,9016662
154276,9016662
154277,9016662
154278,9016662
154279,9016662
154281,9016662
154282,9016662
154283,9016662
154285,9016662
154286,9016662
154288,9016662
154289,9016662
154291,9016662
154292,9016662
154293,9016662
154294,9016662
154295,9016662
154297,9016662
154298,9016662
154299,9016662
154300,9016662
327302,9017276
327303,9017276
327304,9017276
327305,9017276
327306,9017276
327307,9017276
327308,9017276
327309,9017276
327310,9017276
327312,9017276
327313,9017276
327315,9017276
327316,9017276
327317,9017276
327318,9017276
327319,9017276
327320,9017276
327321,9017276
327323,9017276
327324,9017276
327325,9017276
327326,9017276
327328,9017276
327329,9017276
327331,9017276
327332,9017276
327334,9017276
327335,9017276
327336,9017276
327337,9017276
327338,9017276
327339,9017276
327340,9017276
327341,9017276
327342,9017276
327343,9017276
327345,9017276
327346,9017276
327348,9017276
327349,9017276
317851,9019121
317853,9019121
317854,9019121
317855,9019121
317856,9019121
317857,9019121
317858,9019121
317859,9019121
317860,9019121
317861,9019121
317862,9019121
317863,9019121
317867,9019121
317868,9019121
317870,9019121
317871,9019121
317872,9019121
317873,9019121
317874,9019121
317876,9019121
317877,9019121
317878,9019121
317879,9019121
317880,9019121
317881,9019121
317882,9019121
317884,9019121
317885,9019121
317886,9019121
317887,9019121
317888,9019121
317889,9019121
317890,9019121
317891,9019121
317892,9019121
317893,9019121
317894,9019121
317897,9019121
317898,9019121
317900,9019121
281851,9030137
281852,9030137
281853,9030137
281854,9030137
281855,9030137
281858,9030137
281859,9030137
281860,9030137
281862,9030137
281863,9030137
281864,9030137
281866,9030137
281867,9030137
281868,9030137
281870,9030137
281871,9030137
281872,9030137
281873,9030137
281875,9030137
281876,9030137
281878,9030137
281879,9030137
281880,9030137
281882,9030137
281883,9030137
281884,9030137
281886,9030137
281888,9030137
281889,9030137
281890,9030137
281891,9030137
281892,9030137
281893,9030137
281894,9030137
281895,9030137
281896,9030137
281897,9030137
281898,9030137
281899,9030137
281900,9030137
233751,9038335
233752,9038335
233754,9038335
233755,9038335
233756,9038335
233757,9038335
233758,9038335
233759,9038335
233760,9038335
233761,9038335
233762,9038335
233763,9038335
233764,9038335
233765,9038335
233767,9038335
233768,9038335
233769,9038335
233770,9038335
233771,9038335
233772,9038335
233773,9038335
233774,9038335
233775,9038335
233776,9038335
233777,9038335
233778,9038335
233780,9038335
233782,9038335
233783,9038335
233784,9038335
233785,9038335
233787,9038335
233789,9038335
233790,9038335
233791,9038335
233792,9038335
233793,9038335
233795,9038335
233797,9038335
233798,9038335
295901,9038488
295902,9038488
295903,9038488
295904,9038488
295905,9038488
295906,9038488
295907,9038488
295909,9038488
295910,9038488
295912,9038488
295913,9038488
295914,9038488
295915,9038488
295916,9038488
295917,9038488
295918,9038488
295919,9038488
295920,9038488
295921,9038488
295922,9038488
295924,9038488
295925,9038488
295927,9038488
295929,9038488
295930,9038488
295931,9038488
295932,9038488
295934,9038488
295935,9038488
295937,9038488
295939,9038488
295940,9038488
295941,9038488
295942,9038488
295943,9038488
295944,9038488
295946,9038488
295947,9038488
295949,9038488
295950,9038488
268702,9045780
268703,9045780
268705,9045780
268706,9045780
268707,9045780
268708,9045780
268709,9045780
268710,9045780
268711,9045780
268713,9045780
268715,9045780
268716,9045780
268717,9045780
268718,9045780
268719,9045780
268720,9045780
268721,9045780
268722,9045780
268723,9045780
268724,9045780
268726,9045780
268727,9045780
268728,9045780
268729,9045780
268730,9045780
268732,9045780
268733,9045780
268735,9045780
268736,9045780
268737,9045780
268738,9045780
268740,9045780
268741,9045780
268743,9045780
268745,9045780
268746,9045780
268747,9045780
268748,9045780
268749,9045780
268750,9045780
147501,9045924
147503,9045924
147504,9045924
147505,9045924
147506,9045924
147507,9045924
147508,9045924
147511,9045924
147513,9045924
147514,9045924
147515,9045924
147516,9045924
147517,9045924
147518,9045924
147519,9045924
147520,9045924
147522,9045924
147523,9045924
147524,9045924
147525,9045924
147526,9045924
147527,9045924
147528,9045924
147529,9045924
147530,9045924
147531,9045924
147532,9045924
147533,9045924
147534,9045924
147536,9045924
147537,9045924
147538,9045924
147540,9045924
147542,9045924
147543,9045924
147544,9045924
147546,9045924
147547,9045924
147548,9045924
147549,9045924
173501,9045936
173502,9045936
173504,9045936
173505,9045936
173506,9045936
173507,9045936
173508,9045936
173509,9045936
173511,9045936
173512,9045936
173513,9045936
173514,9045936
173515,9045936
173518,9045936
173519,9045936
173520,9045936
173521,9045936
173522,9045936
173524,9045936
173526,9045936
173527,9045936
173528,9045936
173530,9045936
173531,9045936
173532,9045936
173534,9045936
173535,9045936
173536,9045936
173537,9045936
173539,9045936
173540,9045936
173541,9045936
173542,9045936
173543,9045936
173544,9045936
173545,9045936
173547,9045936
173548,9045936
173549,9045936
173550,9045936
244501,9046502
244502,9046502
244503,9046502
244504,9046502
244506,9046502
244508,9046502
244510,9046502
244511,9046502
244512,9046502
244514,9046502
244517,9046502
244518,9046502
244519,9046502
244520,9046502
244521,9046502
244522,9046502
244523,9046502
244524,9046502
244525,9046502
244526,9046502
244527,9046502
244528,9046502
244529,9046502
244530,9046502
244531,9046502
244533,9046502
244534,9046502
244535,9046502
244536,9046502
244537,9046502
244541,9046502
244542,9046502
244543,9046502
244544,9046502
244545,9046502
244546,9046502
244547,9046502
244548,9046502
244549,9046502
244550,9046502
182151,9046514
182152,9046514
182153,9046514
182155,9046514
182156,9046514
182157,9046514
182158,9046514
182159,9046514
182160,9046514
182161,9046514
182165,9046514
182166,9046514
182167,9046514
182168,9046514
182169,9046514
182172,9046514
182173,9046514
182174,9046514
182175,9046514
182177,9046514
182178,9046514
182179,9046514
182180,9046514
182181,9046514
182182,9046514
182183,9046514
182184,9046514
182185,9046514
182186,9046514
182187,9046514
182188,9046514
182189,9046514
182190,9046514
182191,9046514
182193,9046514
182194,9046514
182197,9046514
182198,9046514
182199,9046514
182200,9046514
389301,9051791
389303,9051791
389304,9051791
389306,9051791
389307,9051791
389308,9051791
389309,9051791
389312,9051791
389313,9051791
389314,9051791
389315,9051791
389316,9051791
389317,9051791
389318,9051791
389319,9051791
389321,9051791
389322,9051791
389323,9051791
389324,9051791
389326,9051791
389327,9051791
389328,9051791
389329,9051791
389331,9051791
389333,9051791
389334,9051791
389335,9051791
389336,9051791
389337,9051791
389338,9051791
389339,9051791
389340,9051791
389341,9051791
389342,9051791
389343,9051791
389344,9051791
389347,9051791
389348,9051791
389349,9051791
389350,9051791
233651,9059602
233653,9059602
233655,9059602
233656,9059602
233657,9059602
233658,9059602
233659,9059602
233660,9059602
233661,9059602
233662,9059602
233663,9059602
233664,9059602
233665,9059602
233666,9059602
233668,9059602
233669,9059602
233670,9059602
233671,9059602
233672,9059602
233673,9059602
233675,9059602
233676,9059602
233677,9059602
233678,9059602
233681,9059602
233682,9059602
233683,9059602
233685,9059602
233686,9059602
233687,9059602
233688,9059602
233690,9059602
233692,9059602
233693,9059602
233694,9059602
233695,9059602
233696,9059602
233697,9059602
233698,9059602
233699,9059602
244401,9059638
244402,9059638
244404,9059638
244405,9059638
244406,9059638
244407,9059638
244408,9059638
244410,9059638
244412,9059638
244414,9059638
244415,9059638
244416,9059638
244417,9059638
244418,9059638
244419,9059638
244420,9059638
244422,9059638
244425,9059638
244426,9059638
244427,9059638
244428,9059638
244429,9059638
244430,9059638
244431,9059638
244433,9059638
244434,9059638
244435,9059638
244436,9059638
244437,9059638
244438,9059638
244439,9059638
244440,9059638
244441,9059638
244442,9059638
244444,9059638
244445,9059638
244446,9059638
244447,9059638
244449,9059638
244450,9059638
214751,9064229
214752,9064229
214753,9064229
214755,9064229
214756,9064229
214757,9064229
214758,9064229
214759,9064229
214761,9064229
214762,9064229
214763,9064229
214764,9064229
214765,9064229
214767,9064229
214768,9064229
214769,9064229
214770,9064229
214771,9064229
214772,9064229
214773,9064229
214774,9064229
214777,9064229
214779,9064229
214781,9064229
214783,9064229
214784,9064229
214785,9064229
214786,9064229
214787,9064229
214788,9064229
214790,9064229
214791,9064229
214793,9064229
214794,9064229
214795,9064229
214796,9064229
214797,9064229
214798,9064229
214799,9064229
214800,9064229
165001,9064839
165002,9064839
165003,9064839
165004,9064839
165005,9064839
165006,9064839
165007,9064839
165009,9064839
165010,9064839
165011,9064839
165012,9064839
165014,9064839
165015,9064839
165017,9064839
165018,9064839
165019,9064839
165020,9064839
165021,9064839
165022,9064839
165023,9064839
165025,9064839
165026,9064839
165027,9064839
165028,9064839
165031,9064839
165032,9064839
165033,9064839
165034,9064839
165035,9064839
165037,9064839
165040,9064839
165041,9064839
165043,9064839
165044,9064839
165045,9064839
165046,9064839
165047,9064839
165048,9064839
165049,9064839
165050,9064839
398651,9072501
398652,9072501
398653,9072501
398654,9072501
398656,9072501
398658,9072501
398659,9072501
398660,9072501
398661,9072501
398662,9072501
398664,9072501
398665,9072501
398666,9072501
398668,9072501
398669,9072501
398671,9072501
398672,9072501
398673,9072501
398674,9072501
398675,9072501
398676,9072501
398677,9072501
398679,9072501
398680,9072501
398681,9072501
398682,9072501
398683,9072501
398684,9072501
398685,9072501
398687,9072501
398690,9072501
398691,9072501
398692,9072501
398693,9072501
398694,9072501
398695,9072501
398696,9072501
398697,9072501
398698,9072501
398700,9072501
288801,9076258
288802,9076258
288803,9076258
288805,9076258
288806,9076258
288807,9076258
288808,9076258
288809,9076258
288810,9076258
288811,9076258
288812,9076258
288813,9076258
288814,9076258
288815,9076258
288816,9076258
288817,9076258
288818,9076258
288823,9076258
288824,9076258
288825,9076258
288828,9076258
288829,9076258
288830,9076258
288831,9076258
288832,9076258
288833,9076258
288834,9076258
288835,9076258
288836,9076258
288837,9076258
288838,9076258
288840,9076258
288841,9076258
288842,9076258
288843,9076258
288846,9076258
288847,9076258
288848,9076258
288849,9076258
288850,9076258
379551,9081655
379552,9081655
379553,9081655
379555,9081655
379556,9081655
379557,9081655
379558,9081655
379559,9081655
379560,9081655
379562,9081655
379563,9081655
379564,9081655
379565,9081655
379566,9081655
379567,9081655
379570,9081655
379571,9081655
379572,9081655
379573,9081655
379574,9081655
379575,9081655
379576,9081655
379577,9081655
379579,9081655
379580,9081655
379581,9081655
379582,9081655
379583,9081655
379584,9081655
379585,9081655
379586,9081655
379587,9081655
379588,9081655
379591,9081655
379592,9081655
379593,9081655
379595,9081655
379597,9081655
379599,9081655
379600,9081655
244202,9081679
244203,9081679
244205,9081679
244206,9081679
244207,9081679
244208,9081679
244209,9081679
244210,9081679
244211,9081679
244213,9081679
244216,9081679
244218,9081679
244219,9081679
244220,9081679
244221,9081679
244222,9081679
244223,9081679
244225,9081679
244226,9081679
244227,9081679
244228,9081679
244229,9081679
244230,9081679
244232,9081679
244233,9081679
244234,9081679
244235,9081679
244236,9081679
244237,9081679
244238,9081679
244239,9081679
244240,9081679
244241,9081679
244242,9081679
244244,9081679
244245,9081679
244246,9081679
244247,9081679
244248,9081679
244250,9081679
352101,9128037
352102,9128037
352105,9128037
352106,9128037
352108,9128037
352109,9128037
352110,9128037
352111,9128037
352112,9128037
352114,9128037
352115,9128037
352116,9128037
352117,9128037
352118,9128037
352120,9128037
352121,9128037
352122,9128037
352123,9128037
352124,9128037
352125,9128037
352127,9128037
352128,9128037
352129,9128037
352131,9128037
352132,9128037
352133,9128037
352134,9128037
352136,9128037
352137,9128037
352138,9128037
352139,9128037
352140,9128037
352141,9128037
352142,9128037
352144,9128037
352145,9128037
352146,9128037
352148,9128037
352149,9128037
352150,9128037
379151,9128063
379152,9128063
379153,9128063
379154,9128063
379156,9128063
379157,9128063
379158,9128063
379160,9128063
379162,9128063
379164,9128063
379165,9128063
379166,9128063
379167,9128063
379168,9128063
379169,9128063
379170,9128063
379171,9128063
379172,9128063
379173,9128063
379174,9128063
379175,9128063
379176,9128063
379177,9128063
379178,9128063
379180,9128063
379181,9128063
379183,9128063
379184,9128063
379185,9128063
379186,9128063
379187,9128063
379188,9128063
379189,9128063
379191,9128063
379192,9128063
379193,9128063
379194,9128063
379197,9128063
379198,9128063
379200,9128063
378901,9135822
378902,9135822
378903,9135822
378904,9135822
378905,9135822
378906,9135822
378909,9135822
378911,9135822
378912,9135822
378913,9135822
378914,9135822
378915,9135822
378916,9135822
378917,9135822
378920,9135822
378921,9135822
378922,9135822
378923,9135822
378924,9135822
378925,9135822
378928,9135822
378929,9135822
378930,9135822
378932,9135822
378933,9135822
378934,9135822
378937,9135822
378938,9135822
378939,9135822
378940,9135822
378941,9135822
378942,9135822
378943,9135822
378944,9135822
378945,9135822
378946,9135822
378947,9135822
378948,9135822
378949,9135822
378950,9135822
91601,9140956
91602,9140956
91603,9140956
91604,9140956
91606,9140956
91608,9140956
91609,9140956
91611,9140956
91612,9140956
91613,9140956
91614,9140956
91615,9140956
91616,9140956
91617,9140956
91618,9140956
91619,9140956
91620,9140956
91621,9140956
91622,9140956
91623,9140956
91624,9140956
91625,9140956
91626,9140956
91627,9140956
91628,9140956
91630,9140956
91632,9140956
91634,9140956
91636,9140956
91637,9140956
91639,9140956
91640,9140956
91641,9140956
91642,9140956
91643,9140956
91644,9140956
91646,9140956
91647,9140956
91648,9140956
91650,9140956
153851,9140970
153852,9140970
153853,9140970
153854,9140970
153855,9140970
153856,9140970
153857,9140970
153859,9140970
153860,9140970
153861,9140970
153863,9140970
153864,9140970
153865,9140970
153866,9140970
153869,9140970
153870,9140970
153871,9140970
153872,9140970
153873,9140970
153874,9140970
153876,9140970
153877,9140970
153878,9140970
153879,9140970
153881,9140970
153883,9140970
153884,9140970
153885,9140970
153886,9140970
153888,9140970
153889,9140970
153890,9140970
153892,9140970
153893,9140970
153894,9140970
153895,9140970
153896,9140970
153897,9140970
153898,9140970
153900,9140970
70101,9143752
70102,9143752
70103,9143752
70105,9143752
70106,9143752
70107,9143752
70108,9143752
70109,9143752
70110,9143752
70111,9143752
70112,9143752
70114,9143752
70115,9143752
70116,9143752
70117,9143752
70119,9143752
70120,9143752
70121,9143752
70122,9143752
70123,9143752
70124,9143752
70125,9143752
70126,9143752
70127,9143752
70128,9143752
70130,9143752
70132,9143752
70133,9143752
70135,9143752
70137,9143752
70138,9143752
70139,9143752
70141,9143752
70142,9143752
70144,9143752
70145,9143752
70147,9143752
70148,9143752
70149,9143752
70150,9143752
233152,9150810
233154,9150810
233155,9150810
233156,9150810
233157,9150810
233158,9150810
233159,9150810
233160,9150810
233161,9150810
233162,9150810
233163,9150810
233164,9150810
233165,9150810
233166,9150810
233167,9150810
233169,9150810
233170,9150810
233171,9150810
233172,9150810
233173,9150810
233174,9150810
233175,9150810
233176,9150810
233178,9150810
233179,9150810
233180,9150810
233182,9150810
233185,9150810
233186,9150810
233188,9150810
233189,9150810
233190,9150810
233191,9150810
233192,9150810
233193,9150810
233194,9150810
233195,9150810
233196,9150810
233198,9150810
233199,9150810
227602,9159115
227603,9159115
227604,9159115
227605,9159115
227607,9159115
227608,9159115
227609,9159115
227611,9159115
227612,9159115
227614,9159115
227615,9159115
227617,9159115
227618,9159115
227619,9159115
227621,9159115
227622,9159115
227623,9159115
227624,9159115
227627,9159115
227628,9159115
227629,9159115
227630,9159115
227631,9159115
227632,9159115
227633,9159115
227634,9159115
227635,9159115
227636,9159115
227637,9159115
227638,9159115
227640,9159115
227641,9159115
227642,9159115
227643,9159115
227644,9159115
227646,9159115
227647,9159115
227648,9159115
227649,9159115
227650,9159115
134252,9160724
134253,9160724
134255,9160724
134256,9160724
134258,9160724
134259,9160724
134260,9160724
134261,9160724
134262,9160724
134263,9160724
134264,9160724
134265,9160724
134266,9160724
134267,9160724
134268,9160724
134270,9160724
134271,9160724
134272,9160724
134274,9160724
134278,9160724
134280,9160724
134281,9160724
134282,9160724
134283,9160724
134284,9160724
134285,9160724
134286,9160724
134287,9160724
134288,9160724
134289,9160724
134290,9160724
134291,9160724
134292,9160724
134293,9160724
134294,9160724
134295,9160724
134297,9160724
134298,9160724
134299,9160724
134300,9160724
326351,9167801
326352,9167801
326353,9167801
326355,9167801
326356,9167801
326357,9167801
326358,9167801
326359,9167801
326360,9167801
326361,9167801
326364,9167801
326365,9167801
326366,9167801
326367,9167801
326368,9167801
326369,9167801
326370,9167801
326371,9167801
326374,9167801
326375,9167801
326376,9167801
326378,9167801
326379,9167801
326380,9167801
326382,9167801
326383,9167801
326384,9167801
326385,9167801
326386,9167801
326387,9167801
326388,9167801
326389,9167801
326390,9167801
326392,9167801
326393,9167801
326395,9167801
326397,9167801
326398,9167801
326399,9167801
326400,9167801
204501,9172480
204503,9172480
204504,9172480
204505,9172480
204506,9172480
204507,9172480
204508,9172480
204509,9172480
204511,9172480
204512,9172480
204513,9172480
204515,9172480
204516,9172480
204517,9172480
204518,9172480
204519,9172480
204520,9172480
204521,9172480
204522,9172480
204524,9172480
204525,9172480
204527,9172480
204528,9172480
204529,9172480
204530,9172480
204532,9172480
204533,9172480
204535,9172480
204536,9172480
204537,9172480
204538,9172480
204540,9172480
204541,9172480
204542,9172480
204543,9172480
204544,9172480
204546,9172480
204547,9172480
204549,9172480
204550,9172480
181202,9175901
181203,9175901
181205,9175901
181206,9175901
181207,9175901
181208,9175901
181209,9175901
181210,9175901
181212,9175901
181214,9175901
181215,9175901
181216,9175901
181217,9175901
181218,9175901
181219,9175901
181220,9175901
181221,9175901
181222,9175901
181223,9175901
181224,9175901
181225,9175901
181226,9175901
181227,9175901
181228,9175901
181229,9175901
181230,9175901
181231,9175901
181232,9175901
181233,9175901
181234,9175901
181235,9175901
181236,9175901
181237,9175901
181239,9175901
181242,9175901
181245,9175901
181246,9175901
181247,9175901
181249,9175901
181250,9175901
351251,9179397
351254,9179397
351255,9179397
351256,9179397
351257,9179397
351258,9179397
351259,9179397
351260,9179397
351261,9179397
351263,9179397
351264,9179397
351265,9179397
351267,9179397
351268,9179397
351269,9179397
351270,9179397
351273,9179397
351275,9179397
351276,9179397
351277,9179397
351278,9179397
351279,9179397
351280,9179397
351281,9179397
351282,9179397
351283,9179397
351284,9179397
351285,9179397
351286,9179397
351287,9179397
351288,9179397
351290,9179397
351291,9179397
351292,9179397
351293,9179397
351294,9179397
351296,9179397
351297,9179397
351298,9179397
351300,9179397
294752,9179402
294753,9179402
294754,9179402
294755,9179402
294756,9179402
294758,9179402
294759,9179402
294760,9179402
294761,9179402
294762,9179402
294763,9179402
294764,9179402
294766,9179402
294768,9179402
294769,9179402
294770,9179402
294772,9179402
294773,9179402
294774,9179402
294775,9179402
294776,9179402
294777,9179402
294778,9179402
294779,9179402
294780,9179402
294781,9179402
294782,9179402
294783,9179402
294784,9179402
294785,9179402
294787,9179402
294788,9179402
294789,9179402
294791,9179402
294794,9179402
294795,9179402
294796,9179402
294797,9179402
294798,9179402
294799,9179402
124901,9184536
124902,9184536
124903,9184536
124904,9184536
124905,9184536
124906,9184536
124908,9184536
124909,9184536
124910,9184536
124911,9184536
124912,9184536
124913,9184536
124915,9184536
124916,9184536
124917,9184536
124918,9184536
124919,9184536
124920,9184536
124921,9184536
124922,9184536
124923,9184536
124925,9184536
124926,9184536
124929,9184536
124930,9184536
124931,9184536
124933,9184536
124935,9184536
124936,9184536
124937,9184536
124938,9184536
124939,9184536
124940,9184536
124942,9184536
124943,9184536
124944,9184536
124945,9184536
124946,9184536
124949,9184536
124950,9184536
294601,9191474
294602,9191474
294603,9191474
294604,9191474
294605,9191474
294606,9191474
294607,9191474
294609,9191474
294610,9191474
294612,9191474
294613,9191474
294614,9191474
294615,9191474
294617,9191474
294619,9191474
294620,9191474
294621,9191474
294622,9191474
294624,9191474
294625,9191474
294626,9191474
294627,9191474
294628,9191474
294629,9191474
294631,9191474
294632,9191474
294633,9191474
294634,9191474
294637,9191474
294638,9191474
294639,9191474
294640,9191474
294641,9191474
294642,9191474
294643,9191474
294644,9191474
294647,9191474
294648,9191474
294649,9191474
294650,9191474
100301,9227596
100302,9227596
100303,9227596
100305,9227596
100306,9227596
100307,9227596
100308,9227596
100309,9227596
100311,9227596
100312,9227596
100313,9227596
100314,9227596
100315,9227596
100316,9227596
100318,9227596
100321,9227596
100322,9227596
100323,9227596
100324,9227596
100325,9227596
100326,9227596
100328,9227596
100329,9227596
100330,9227596
100331,9227596
100332,9227596
100333,9227596
100334,9227596
100335,9227596
100336,9227596
100337,9227596
100338,9227596
100339,9227596
100340,9227596
100341,9227596
100342,9227596
100343,9227596
100346,9227596
100348,9227596
100350,9227596
124551,9267546
124553,9267546
124554,9267546
124555,9267546
124557,9267546
124558,9267546
124559,9267546
124560,9267546
124561,9267546
124562,9267546
124563,9267546
124564,9267546
124566,9267546
124569,9267546
124572,9267546
124573,9267546
124574,9267546
124576,9267546
124577,9267546
124578,9267546
124579,9267546
124580,9267546
124581,9267546
124582,9267546
124583,9267546
124584,9267546
124585,9267546
124586,9267546
124587,9267546
124588,9267546
124589,9267546
124590,9267546
124591,9267546
124592,9267546
124593,9267546
124595,9267546
124596,9267546
124597,9267546
124598,9267546
124600,9267546
19201,9323089
19202,9323089
19204,9323089
19205,9323089
19206,9323089
19207,9323089
19208,9323089
19209,9323089
19210,9323089
19212,9323089
19213,9323089
19214,9323089
19215,9323089
19216,9323089
19218,9323089
19220,9323089
19221,9323089
19222,9323089
19223,9323089
19225,9323089
19226,9323089
19227,9323089
19230,9323089
19231,9323089
19232,9323089
19233,9323089
19234,9323089
19237,9323089
19238,9323089
19239,9323089
19240,9323089
19241,9323089
19242,9323089
19243,9323089
19244,9323089
19245,9323089
19246,9323089
19247,9323089
19249,9323089
19250,9323089
93151,9333644
93152,9333644
93153,9333644
93154,9333644
93155,9333644
93157,9333644
93158,9333644
93160,9333644
93161,9333644
93162,9333644
93163,9333644
93164,9333644
93165,9333644
93166,9333644
93167,9333644
93168,9333644
93171,9333644
93172,9333644
93173,9333644
93174,9333644
93175,9333644
93176,9333644
93178,9333644
93179,9333644
93182,9333644
93184,9333644
93185,9333644
93186,9333644
93187,9333644
93189,9333644
93190,9333644
93191,9333644
93192,9333644
93193,9333644
93194,9333644
93195,9333644
93196,9333644
93198,9333644
93199,9333644
93200,9333644
331801,9338747
331802,9338747
331803,9338747
331804,9338747
331805,9338747
331806,9338747
331807,9338747
331808,9338747
331809,9338747
331810,9338747
331812,9338747
331813,9338747
331814,9338747
331815,9338747
331816,9338747
331818,9338747
331819,9338747
331820,9338747
331821,9338747
331822,9338747
331823,9338747
331824,9338747
331825,9338747
331828,9338747
331830,9338747
331831,9338747
331832,9338747
331834,9338747
331836,9338747
331837,9338747
331838,9338747
331840,9338747
331841,9338747
331842,9338747
331843,9338747
331844,9338747
331845,9338747
331847,9338747
331849,9338747
331850,9338747
226251,9350989
226252,9350989
226253,9350989
226254,9350989
226256,9350989
226257,9350989
226259,9350989
226260,9350989
226263,9350989
226265,9350989
226266,9350989
226267,9350989
226268,9350989
226269,9350989
226270,9350989
226271,9350989
226272,9350989
226274,9350989
226275,9350989
226276,9350989
226277,9350989
226278,9350989
226279,9350989
226280,9350989
226281,9350989
226282,9350989
226283,9350989
226284,9350989
226287,9350989
226288,9350989
226290,9350989
226291,9350989
226293,9350989
226294,9350989
226295,9350989
226296,9350989
226297,9350989
226298,9350989
226299,9350989
226300,9350989
93001,9359650
93002,9359650
93003,9359650
93004,9359650
93005,9359650
93006,9359650
93007,9359650
93011,9359650
93012,9359650
93013,9359650
93015,9359650
93016,9359650
93017,9359650
93018,9359650
93020,9359650
93021,9359650
93022,9359650
93023,9359650
93024,9359650
93025,9359650
93028,9359650
93030,9359650
93031,9359650
93032,9359650
93033,9359650
93034,9359650
93036,9359650
93037,9359650
93038,9359650
93039,9359650
93040,9359650
93041,9359650
93042,9359650
93043,9359650
93044,9359650
93046,9359650
93047,9359650
93048,9359650
93049,9359650
93050,9359650
56451,9393917
56452,9393917
56454,9393917
56455,9393917
56456,9393917
56459,9393917
56460,9393917
56461,9393917
56462,9393917
56463,9393917
56464,9393917
56465,9393917
56466,9393917
56467,9393917
56468,9393917
56469,9393917
56470,9393917
56472,9393917
56473,9393917
56474,9393917
56475,9393917
56477,9393917
56478,9393917
56479,9393917
56480,9393917
56481,9393917
56482,9393917
56484,9393917
56485,9393917
56486,9393917
56487,9393917
56488,9393917
56490,9393917
56491,9393917
56493,9393917
56494,9393917
56497,9393917
56498,9393917
56499,9393917
56500,9393917
