382651,6400343
382652,6400343
382653,6400343
382654,6400343
382655,6400343
382657,6400343
382658,6400343
382660,6400343
382661,6400343
382662,6400343
382663,6400343
382665,6400343
382667,6400343
382669,6400343
382670,6400343
382671,6400343
382672,6400343
382673,6400343
382674,6400343
382675,6400343
382676,6400343
382677,6400343
382678,6400343
382679,6400343
382680,6400343
382681,6400343
382682,6400343
382683,6400343
382684,6400343
382686,6400343
382687,6400343
382688,6400343
382691,6400343
382692,6400343
382693,6400343
382695,6400343
382696,6400343
382697,6400343
382699,6400343
382700,6400343
382551,7012387
382552,7012387
382553,7012387
382554,7012387
382555,7012387
382556,7012387
382557,7012387
382558,7012387
382560,7012387
382561,7012387
382562,7012387
382563,7012387
382565,7012387
382567,7012387
382568,7012387
382571,7012387
382572,7012387
382573,7012387
382574,7012387
382575,7012387
382577,7012387
382578,7012387
382579,7012387
382580,7012387
382584,7012387
382585,7012387
382586,7012387
382587,7012387
382588,7012387
382589,7012387
382590,7012387
382592,7012387
382593,7012387
382594,7012387
382595,7012387
382596,7012387
382597,7012387
382598,7012387
382599,7012387
382600,7012387
251902,7423732
251903,7423732
251904,7423732
251905,7423732
251906,7423732
251908,7423732
251909,7423732
251911,7423732
251912,7423732
251913,7423732
251914,7423732
251915,7423732
251916,7423732
251917,7423732
251918,7423732
251919,7423732
251920,7423732
251922,7423732
251923,7423732
251924,7423732
251926,7423732
251927,7423732
251928,7423732
251929,7423732
251932,7423732
251933,7423732
251934,7423732
251935,7423732
251936,7423732
251937,7423732
251938,7423732
251939,7423732
251940,7423732
251941,7423732
251942,7423732
251943,7423732
251945,7423732
251946,7423732
251948,7423732
251949,7423732
344351,8518572
344352,8518572
344354,8518572
344356,8518572
344358,8518572
344359,8518572
344360,8518572
344361,8518572
344362,8518572
344363,8518572
344364,8518572
344365,8518572
344367,8518572
344368,8518572
344369,8518572
344371,8518572
344372,8518572
344373,8518572
344374,8518572
344375,8518572
344376,8518572
344377,8518572
344378,8518572
344379,8518572
344381,8518572
344383,8518572
344384,8518572
344385,8518572
344386,8518572
344389,8518572
344390,8518572
344391,8518572
344392,8518572
344393,8518572
344394,8518572
344396,8518572
344397,8518572
344398,8518572
344399,8518572
344400,8518572
218851,8819732
218852,8819732
218854,8819732
218855,8819732
218856,8819732
218857,8819732
218861,8819732
218862,8819732
218863,8819732
218864,8819732
218865,8819732
218866,8819732
218867,8819732
218870,8819732
218872,8819732
218873,8819732
218874,8819732
218875,8819732
218876,8819732
218877,8819732
218879,8819732
218880,8819732
218882,8819732
218883,8819732
218884,8819732
218885,8819732
218887,8819732
218888,8819732
218889,8819732
218890,8819732
218891,8819732
218892,8819732
218893,8819732
218894,8819732
218895,8819732
218896,8819732
218897,8819732
218898,8819732
218899,8819732
218900,8819732
361001,8821761
361002,8821761
361003,8821761
361004,8821761
361005,8821761
361006,8821761
361008,8821761
361009,8821761
361010,8821761
361011,8821761
361012,8821761
361014,8821761
361015,8821761
361016,8821761
361017,8821761
361018,8821761
361019,8821761
361020,8821761
361022,8821761
361023,8821761
361025,8821761
361026,8821761
361029,8821761
361030,8821761
361031,8821761
361032,8821761
361033,8821761
361034,8821761
361035,8821761
361037,8821761
361039,8821761
361040,8821761
361041,8821761
361042,8821761
361044,8821761
361045,8821761
361046,8821761
361047,8821761
361049,8821761
361050,8821761
92151,9035826
92152,9035826
92153,9035826
92155,9035826
92156,9035826
92158,9035826
92160,9035826
92161,9035826
92162,9035826
92164,9035826
92165,9035826
92166,9035826
92168,9035826
92169,9035826
92171,9035826
92172,9035826
92173,9035826
92174,9035826
92175,9035826
92176,9035826
92177,9035826
92178,9035826
92179,9035826
92180,9035826
92181,9035826
92182,9035826
92183,9035826
92185,9035826
92186,9035826
92187,9035826
92188,9035826
92189,9035826
92190,9035826
92194,9035826
92195,9035826
92196,9035826
92197,9035826
92198,9035826
92199,9035826
92200,9035826
228401,9036923
228402,9036923
228405,9036923
228406,9036923
228407,9036923
228410,9036923
228411,9036923
228412,9036923
228413,9036923
228414,9036923
228416,9036923
228417,9036923
228419,9036923
228420,9036923
228421,9036923
228422,9036923
228423,9036923
228424,9036923
228425,9036923
228426,9036923
228428,9036923
228429,9036923
228430,9036923
228431,9036923
228432,9036923
228433,9036923
228434,9036923
228435,9036923
228436,9036923
228437,9036923
228439,9036923
228441,9036923
228442,9036923
228443,9036923
228444,9036923
228445,9036923
228446,9036923
228448,9036923
228449,9036923
228450,9036923
275302,9050682
275303,9050682
275304,9050682
275305,9050682
275306,9050682
275307,9050682
275308,9050682
275309,9050682
275310,9050682
275311,9050682
275313,9050682
275314,9050682
275315,9050682
275316,9050682
275317,9050682
275318,9050682
275319,9050682
275320,9050682
275321,9050682
275322,9050682
275323,9050682
275325,9050682
275326,9050682
275327,9050682
275328,9050682
275329,9050682
275332,9050682
275334,9050682
275335,9050682
275336,9050682
275338,9050682
275339,9050682
275341,9050682
275344,9050682
275345,9050682
275346,9050682
275347,9050682
275348,9050682
275349,9050682
275350,9050682
209501,9105906
209502,9105906
209503,9105906
209504,9105906
209505,9105906
209506,9105906
209507,9105906
209508,9105906
209509,9105906
209510,9105906
209511,9105906
209512,9105906
209513,9105906
209514,9105906
209515,9105906
209517,9105906
209518,9105906
209519,9105906
209521,9105906
209522,9105906
209523,9105906
209524,9105906
209525,9105906
209526,9105906
209527,9105906
209528,9105906
209529,9105906
209532,9105906
209533,9105906
209534,9105906
209535,9105906
209536,9105906
209537,9105906
209538,9105906
209539,9105906
209542,9105906
209545,9105906
209546,9105906
209547,9105906
209549,9105906
244001,9118185
244002,9118185
244004,9118185
244005,9118185
244006,9118185
244007,9118185
244009,9118185
244011,9118185
244012,9118185
244013,9118185
244014,9118185
244015,9118185
244016,9118185
244017,9118185
244019,9118185
244020,9118185
244022,9118185
244025,9118185
244026,9118185
244027,9118185
244028,9118185
244029,9118185
244030,9118185
244031,9118185
244032,9118185
244033,9118185
244035,9118185
244037,9118185
244038,9118185
244039,9118185
244040,9118185
244041,9118185
244042,9118185
244043,9118185
244045,9118185
244046,9118185
244047,9118185
244048,9118185
244049,9118185
244050,9118185
131151,9131357
131152,9131357
131153,9131357
131154,9131357
131155,9131357
131157,9131357
131158,9131357
131159,9131357
131160,9131357
131161,9131357
131162,9131357
131164,9131357
131165,9131357
131166,9131357
131167,9131357
131169,9131357
131171,9131357
131172,9131357
131173,9131357
131174,9131357
131175,9131357
131177,9131357
131178,9131357
131179,9131357
131180,9131357
131182,9131357
131183,9131357
131184,9131357
131187,9131357
131188,9131357
131189,9131357
131190,9131357
131191,9131357
131193,9131357
131194,9131357
131196,9131357
131197,9131357
131198,9131357
131199,9131357
131200,9131357
181651,9134749
181652,9134749
181653,9134749
181654,9134749
181655,9134749
181656,9134749
181657,9134749
181659,9134749
181660,9134749
181661,9134749
181662,9134749
181663,9134749
181667,9134749
181668,9134749
181669,9134749
181670,9134749
181671,9134749
181674,9134749
181675,9134749
181676,9134749
181677,9134749
181678,9134749
181679,9134749
181680,9134749
181681,9134749
181682,9134749
181683,9134749
181684,9134749
181686,9134749
181687,9134749
181688,9134749
181689,9134749
181690,9134749
181692,9134749
181693,9134749
181694,9134749
181695,9134749
181697,9134749
181699,9134749
181700,9134749
295251,9134751
295253,9134751
295254,9134751
295255,9134751
295257,9134751
295258,9134751
295259,9134751
295261,9134751
295262,9134751
295263,9134751
295264,9134751
295265,9134751
295267,9134751
295268,9134751
295269,9134751
295271,9134751
295273,9134751
295274,9134751
295275,9134751
295276,9134751
295277,9134751
295278,9134751
295279,9134751
295280,9134751
295282,9134751
295283,9134751
295284,9134751
295285,9134751
295288,9134751
295289,9134751
295290,9134751
295291,9134751
295292,9134751
295293,9134751
295294,9134751
295295,9134751
295296,9134751
295297,9134751
295298,9134751
295299,9134751
342351,9145011
342352,9145011
342353,9145011
342354,9145011
342356,9145011
342357,9145011
342358,9145011
342359,9145011
342360,9145011
342362,9145011
342364,9145011
342365,9145011
342366,9145011
342367,9145011
342369,9145011
342370,9145011
342371,9145011
342372,9145011
342373,9145011
342374,9145011
342375,9145011
342376,9145011
342377,9145011
342381,9145011
342382,9145011
342383,9145011
342384,9145011
342386,9145011
342388,9145011
342389,9145011
342390,9145011
342391,9145011
342392,9145011
342394,9145011
342395,9145011
342396,9145011
342397,9145011
342398,9145011
342399,9145011
342400,9145011
168652,9146546
168653,9146546
168654,9146546
168655,9146546
168656,9146546
168657,9146546
168662,9146546
168663,9146546
168664,9146546
168665,9146546
168666,9146546
168667,9146546
168668,9146546
168669,9146546
168670,9146546
168671,9146546
168672,9146546
168673,9146546
168674,9146546
168676,9146546
168677,9146546
168679,9146546
168680,9146546
168681,9146546
168682,9146546
168683,9146546
168684,9146546
168685,9146546
168686,9146546
168687,9146546
168689,9146546
168690,9146546
168691,9146546
168692,9146546
168694,9146546
168695,9146546
168696,9146546
168697,9146546
168698,9146546
168699,9146546
153701,9154232
153702,9154232
153704,9154232
153705,9154232
153707,9154232
153709,9154232
153711,9154232
153713,9154232
153714,9154232
153716,9154232
153717,9154232
153718,9154232
153720,9154232
153721,9154232
153722,9154232
153723,9154232
153724,9154232
153725,9154232
153726,9154232
153727,9154232
153728,9154232
153729,9154232
153730,9154232
153731,9154232
153732,9154232
153733,9154232
153734,9154232
153735,9154232
153737,9154232
153738,9154232
153739,9154232
153740,9154232
153741,9154232
153742,9154232
153743,9154232
153744,9154232
153745,9154232
153746,9154232
153747,9154232
153748,9154232
209002,9164512
209003,9164512
209004,9164512
209005,9164512
209007,9164512
209008,9164512
209009,9164512
209010,9164512
209011,9164512
209012,9164512
209013,9164512
209014,9164512
209015,9164512
209019,9164512
209020,9164512
209021,9164512
209022,9164512
209023,9164512
209024,9164512
209025,9164512
209026,9164512
209027,9164512
209028,9164512
209029,9164512
209030,9164512
209031,9164512
209035,9164512
209036,9164512
209037,9164512
209038,9164512
209039,9164512
209041,9164512
209042,9164512
209043,9164512
209044,9164512
209045,9164512
209047,9164512
209048,9164512
209049,9164512
209050,9164512
223451,9168922
223452,9168922
223453,9168922
223454,9168922
223455,9168922
223456,9168922
223457,9168922
223461,9168922
223462,9168922
223463,9168922
223464,9168922
223465,9168922
223466,9168922
223467,9168922
223468,9168922
223469,9168922
223471,9168922
223472,9168922
223473,9168922
223474,9168922
223475,9168922
223476,9168922
223477,9168922
223478,9168922
223480,9168922
223481,9168922
223484,9168922
223485,9168922
223486,9168922
223488,9168922
223489,9168922
223490,9168922
223492,9168922
223493,9168922
223494,9168922
223495,9168922
223496,9168922
223498,9168922
223499,9168922
223500,9168922
147303,9168946
147304,9168946
147305,9168946
147306,9168946
147307,9168946
147308,9168946
147309,9168946
147310,9168946
147311,9168946
147312,9168946
147313,9168946
147314,9168946
147315,9168946
147317,9168946
147318,9168946
147319,9168946
147320,9168946
147321,9168946
147323,9168946
147324,9168946
147325,9168946
147326,9168946
147327,9168946
147328,9168946
147329,9168946
147330,9168946
147331,9168946
147332,9168946
147334,9168946
147335,9168946
147336,9168946
147339,9168946
147341,9168946
147344,9168946
147345,9168946
147346,9168946
147347,9168946
147348,9168946
147349,9168946
147350,9168946
249502,9169615
249504,9169615
249505,9169615
249506,9169615
249507,9169615
249509,9169615
249510,9169615
249511,9169615
249512,9169615
249513,9169615
249514,9169615
249515,9169615
249517,9169615
249518,9169615
249520,9169615
249521,9169615
249522,9169615
249523,9169615
249525,9169615
249526,9169615
249527,9169615
249528,9169615
249529,9169615
249530,9169615
249531,9169615
249532,9169615
249533,9169615
249534,9169615
249535,9169615
249537,9169615
249539,9169615
249540,9169615
249542,9169615
249543,9169615
249544,9169615
249545,9169615
249546,9169615
249547,9169615
249548,9169615
249550,9169615
117201,9169627
117205,9169627
117206,9169627
117207,9169627
117208,9169627
117209,9169627
117211,9169627
117212,9169627
117214,9169627
117215,9169627
117216,9169627
117217,9169627
117218,9169627
117219,9169627
117220,9169627
117221,9169627
117222,9169627
117223,9169627
117224,9169627
117226,9169627
117227,9169627
117228,9169627
117229,9169627
117230,9169627
117231,9169627
117232,9169627
117234,9169627
117235,9169627
117236,9169627
117237,9169627
117238,9169627
117239,9169627
117240,9169627
117241,9169627
117242,9169627
117243,9169627
117244,9169627
117245,9169627
117247,9169627
117249,9169627
181251,9172870
181252,9172870
181253,9172870
181254,9172870
181255,9172870
181257,9172870
181260,9172870
181261,9172870
181262,9172870
181263,9172870
181264,9172870
181265,9172870
181266,9172870
181267,9172870
181268,9172870
181269,9172870
181270,9172870
181272,9172870
181273,9172870
181274,9172870
181275,9172870
181277,9172870
181278,9172870
181279,9172870
181280,9172870
181281,9172870
181282,9172870
181283,9172870
181285,9172870
181286,9172870
181287,9172870
181288,9172870
181290,9172870
181291,9172870
181292,9172870
181294,9172870
181296,9172870
181297,9172870
181298,9172870
181300,9172870
81501,9173109
81502,9173109
81503,9173109
81505,9173109
81506,9173109
81507,9173109
81509,9173109
81510,9173109
81512,9173109
81513,9173109
81514,9173109
81515,9173109
81516,9173109
81519,9173109
81520,9173109
81522,9173109
81523,9173109
81524,9173109
81525,9173109
81526,9173109
81527,9173109
81528,9173109
81529,9173109
81530,9173109
81531,9173109
81532,9173109
81534,9173109
81536,9173109
81537,9173109
81538,9173109
81539,9173109
81540,9173109
81541,9173109
81542,9173109
81543,9173109
81544,9173109
81545,9173109
81546,9173109
81548,9173109
81550,9173109
176554,9192337
176555,9192337
176556,9192337
176557,9192337
176558,9192337
176559,9192337
176560,9192337
176561,9192337
176563,9192337
176567,9192337
176568,9192337
176569,9192337
176570,9192337
176571,9192337
176572,9192337
176573,9192337
176574,9192337
176576,9192337
176577,9192337
176578,9192337
176579,9192337
176580,9192337
176581,9192337
176582,9192337
176583,9192337
176584,9192337
176585,9192337
176586,9192337
176587,9192337
176588,9192337
176589,9192337
176590,9192337
176591,9192337
176592,9192337
176593,9192337
176594,9192337
176595,9192337
176597,9192337
176598,9192337
176599,9192337
191001,9194000
191002,9194000
191003,9194000
191004,9194000
191005,9194000
191006,9194000
191007,9194000
191008,9194000
191009,9194000
191012,9194000
191013,9194000
191014,9194000
191015,9194000
191016,9194000
191018,9194000
191020,9194000
191021,9194000
191023,9194000
191024,9194000
191025,9194000
191026,9194000
191027,9194000
191028,9194000
191029,9194000
191031,9194000
191032,9194000
191034,9194000
191035,9194000
191036,9194000
191037,9194000
191038,9194000
191040,9194000
191041,9194000
191042,9194000
191043,9194000
191045,9194000
191046,9194000
191047,9194000
191049,9194000
191050,9194000
350851,9200158
350852,9200158
350853,9200158
350855,9200158
350856,9200158
350857,9200158
350858,9200158
350859,9200158
350861,9200158
350862,9200158
350863,9200158
350864,9200158
350865,9200158
350866,9200158
350868,9200158
350870,9200158
350871,9200158
350872,9200158
350873,9200158
350875,9200158
350876,9200158
350878,9200158
350879,9200158
350881,9200158
350882,9200158
350883,9200158
350884,9200158
350885,9200158
350887,9200158
350888,9200158
350889,9200158
350890,9200158
350892,9200158
350893,9200158
350894,9200158
350896,9200158
350897,9200158
350898,9200158
350899,9200158
350900,9200158
377851,9203796
377852,9203796
377853,9203796
377854,9203796
377856,9203796
377857,9203796
377859,9203796
377861,9203796
377862,9203796
377863,9203796
377864,9203796
377865,9203796
377866,9203796
377867,9203796
377868,9203796
377869,9203796
377871,9203796
377872,9203796
377873,9203796
377875,9203796
377877,9203796
377878,9203796
377879,9203796
377880,9203796
377881,9203796
377882,9203796
377883,9203796
377884,9203796
377885,9203796
377887,9203796
377888,9203796
377889,9203796
377891,9203796
377892,9203796
377893,9203796
377894,9203796
377896,9203796
377897,9203796
377898,9203796
377899,9203796
29201,9204764
29202,9204764
29204,9204764
29205,9204764
29206,9204764
29207,9204764
29209,9204764
29210,9204764
29211,9204764
29213,9204764
29215,9204764
29216,9204764
29217,9204764
29218,9204764
29219,9204764
29220,9204764
29221,9204764
29222,9204764
29223,9204764
29225,9204764
29226,9204764
29227,9204764
29228,9204764
29230,9204764
29231,9204764
29232,9204764
29233,9204764
29234,9204764
29235,9204764
29236,9204764
29237,9204764
29238,9204764
29239,9204764
29240,9204764
29241,9204764
29243,9204764
29244,9204764
29246,9204764
29248,9204764
29249,9204764
67001,9206671
67002,9206671
67003,9206671
67004,9206671
67005,9206671
67008,9206671
67010,9206671
67011,9206671
67012,9206671
67013,9206671
67014,9206671
67015,9206671
67016,9206671
67019,9206671
67020,9206671
67021,9206671
67022,9206671
67023,9206671
67025,9206671
67026,9206671
67028,9206671
67029,9206671
67030,9206671
67031,9206671
67032,9206671
67033,9206671
67034,9206671
67035,9206671
67036,9206671
67037,9206671
67038,9206671
67039,9206671
67040,9206671
67041,9206671
67043,9206671
67045,9206671
67046,9206671
67047,9206671
67049,9206671
67050,9206671
93801,9209130
93802,9209130
93803,9209130
93804,9209130
93805,9209130
93806,9209130
93807,9209130
93808,9209130
93809,9209130
93810,9209130
93811,9209130
93813,9209130
93814,9209130
93815,9209130
93816,9209130
93817,9209130
93818,9209130
93820,9209130
93821,9209130
93823,9209130
93824,9209130
93826,9209130
93827,9209130
93829,9209130
93830,9209130
93831,9209130
93832,9209130
93833,9209130
93834,9209130
93836,9209130
93839,9209130
93841,9209130
93843,9209130
93844,9209130
93845,9209130
93846,9209130
93847,9209130
93848,9209130
93849,9209130
93850,9209130
180801,9214757
180802,9214757
180803,9214757
180804,9214757
180805,9214757
180806,9214757
180807,9214757
180808,9214757
180809,9214757
180810,9214757
180811,9214757
180812,9214757
180813,9214757
180814,9214757
180815,9214757
180816,9214757
180818,9214757
180819,9214757
180820,9214757
180821,9214757
180822,9214757
180823,9214757
180825,9214757
180827,9214757
180828,9214757
180829,9214757
180830,9214757
180831,9214757
180832,9214757
180833,9214757
180836,9214757
180837,9214757
180838,9214757
180841,9214757
180843,9214757
180844,9214757
180845,9214757
180846,9214757
180847,9214757
180849,9214757
176351,9226970
176352,9226970
176353,9226970
176354,9226970
176357,9226970
176358,9226970
176359,9226970
176360,9226970
176362,9226970
176363,9226970
176364,9226970
176366,9226970
176368,9226970
176369,9226970
176371,9226970
176372,9226970
176373,9226970
176374,9226970
176375,9226970
176376,9226970
176377,9226970
176378,9226970
176380,9226970
176381,9226970
176382,9226970
176383,9226970
176384,9226970
176385,9226970
176386,9226970
176387,9226970
176388,9226970
176389,9226970
176391,9226970
176392,9226970
176393,9226970
176394,9226970
176395,9226970
176396,9226970
176397,9226970
176400,9226970
266801,9232876
266803,9232876
266804,9232876
266806,9232876
266807,9232876
266808,9232876
266809,9232876
266813,9232876
266814,9232876
266815,9232876
266816,9232876
266817,9232876
266819,9232876
266820,9232876
266821,9232876
266822,9232876
266823,9232876
266824,9232876
266825,9232876
266827,9232876
266828,9232876
266829,9232876
266830,9232876
266832,9232876
266833,9232876
266834,9232876
266835,9232876
266836,9232876
266837,9232876
266839,9232876
266841,9232876
266842,9232876
266843,9232876
266844,9232876
266845,9232876
266846,9232876
266847,9232876
266848,9232876
266849,9232876
266850,9232876
213501,9233818
213502,9233818
213503,9233818
213504,9233818
213506,9233818
213507,9233818
213508,9233818
213509,9233818
213510,9233818
213511,9233818
213512,9233818
213513,9233818
213514,9233818
213515,9233818
213516,9233818
213517,9233818
213518,9233818
213519,9233818
213520,9233818
213521,9233818
213523,9233818
213524,9233818
213527,9233818
213528,9233818
213529,9233818
213530,9233818
213531,9233818
213532,9233818
213534,9233818
213536,9233818
213538,9233818
213540,9233818
213541,9233818
213542,9233818
213543,9233818
213546,9233818
213547,9233818
213548,9233818
213549,9233818
213550,9233818
32501,9236987
32502,9236987
32503,9236987
32504,9236987
32505,9236987
32506,9236987
32507,9236987
32509,9236987
32510,9236987
32511,9236987
32512,9236987
32515,9236987
32516,9236987
32517,9236987
32519,9236987
32520,9236987
32521,9236987
32522,9236987
32524,9236987
32526,9236987
32527,9236987
32528,9236987
32529,9236987
32530,9236987
32531,9236987
32533,9236987
32534,9236987
32535,9236987
32536,9236987
32538,9236987
32539,9236987
32540,9236987
32541,9236987
32542,9236987
32543,9236987
32545,9236987
32547,9236987
32548,9236987
32549,9236987
32550,9236987
266651,9238052
266652,9238052
266653,9238052
266655,9238052
266657,9238052
266658,9238052
266659,9238052
266661,9238052
266662,9238052
266663,9238052
266664,9238052
266665,9238052
266666,9238052
266667,9238052
266668,9238052
266669,9238052
266670,9238052
266672,9238052
266673,9238052
266676,9238052
266678,9238052
266679,9238052
266680,9238052
266681,9238052
266682,9238052
266683,9238052
266684,9238052
266685,9238052
266688,9238052
266689,9238052
266690,9238052
266691,9238052
266693,9238052
266694,9238052
266695,9238052
266696,9238052
266697,9238052
266698,9238052
266699,9238052
266700,9238052
266451,9248447
266453,9248447
266454,9248447
266456,9248447
266457,9248447
266458,9248447
266460,9248447
266461,9248447
266462,9248447
266463,9248447
266464,9248447
266467,9248447
266468,9248447
266469,9248447
266470,9248447
266471,9248447
266472,9248447
266473,9248447
266474,9248447
266476,9248447
266478,9248447
266479,9248447
266481,9248447
266482,9248447
266483,9248447
266484,9248447
266485,9248447
266486,9248447
266487,9248447
266488,9248447
266489,9248447
266490,9248447
266491,9248447
266492,9248447
266493,9248447
266494,9248447
266496,9248447
266497,9248447
266498,9248447
266499,9248447
366802,9251406
366803,9251406
366806,9251406
366807,9251406
366808,9251406
366809,9251406
366810,9251406
366811,9251406
366813,9251406
366814,9251406
366815,9251406
366818,9251406
366819,9251406
366820,9251406
366821,9251406
366822,9251406
366823,9251406
366824,9251406
366826,9251406
366827,9251406
366828,9251406
366829,9251406
366830,9251406
366831,9251406
366832,9251406
366833,9251406
366835,9251406
366836,9251406
366838,9251406
366839,9251406
366840,9251406
366841,9251406
366843,9251406
366844,9251406
366845,9251406
366846,9251406
366847,9251406
366848,9251406
366849,9251406
366850,9251406
65201,9251640
65202,9251640
65203,9251640
65204,9251640
65205,9251640
65206,9251640
65207,9251640
65208,9251640
65209,9251640
65210,9251640
65211,9251640
65213,9251640
65214,9251640
65215,9251640
65217,9251640
65218,9251640
65220,9251640
65221,9251640
65222,9251640
65223,9251640
65224,9251640
65227,9251640
65228,9251640
65229,9251640
65230,9251640
65231,9251640
65232,9251640
65234,9251640
65235,9251640
65236,9251640
65238,9251640
65240,9251640
65241,9251640
65242,9251640
65243,9251640
65244,9251640
65245,9251640
65246,9251640
65248,9251640
65249,9251640
16901,9251652
16902,9251652
16903,9251652
16905,9251652
16906,9251652
16907,9251652
16908,9251652
16909,9251652
16910,9251652
16912,9251652
16913,9251652
16915,9251652
16916,9251652
16917,9251652
16918,9251652
16919,9251652
16921,9251652
16923,9251652
16924,9251652
16925,9251652
16926,9251652
16927,9251652
16929,9251652
16930,9251652
16931,9251652
16934,9251652
16935,9251652
16936,9251652
16937,9251652
16938,9251652
16939,9251652
16940,9251652
16941,9251652
16942,9251652
16944,9251652
16945,9251652
16946,9251652
16947,9251652
16949,9251652
16950,9251652
121951,9251664
121952,9251664
121953,9251664
121954,9251664
121955,9251664
121956,9251664
121959,9251664
121960,9251664
121961,9251664
121962,9251664
121963,9251664
121964,9251664
121965,9251664
121966,9251664
121969,9251664
121971,9251664
121972,9251664
121973,9251664
121974,9251664
121977,9251664
121978,9251664
121979,9251664
121981,9251664
121982,9251664
121983,9251664
121984,9251664
121986,9251664
121987,9251664
121988,9251664
121989,9251664
121990,9251664
121991,9251664
121992,9251664
121993,9251664
121994,9251664
121995,9251664
121996,9251664
121998,9251664
121999,9251664
122000,9251664
180251,9252278
180252,9252278
180253,9252278
180254,9252278
180255,9252278
180256,9252278
180257,9252278
180259,9252278
180260,9252278
180263,9252278
180264,9252278
180265,9252278
180266,9252278
180267,9252278
180268,9252278
180269,9252278
180271,9252278
180274,9252278
180275,9252278
180276,9252278
180277,9252278
180278,9252278
180279,9252278
180281,9252278
180282,9252278
180283,9252278
180284,9252278
180285,9252278
180286,9252278
180287,9252278
180288,9252278
180289,9252278
180290,9252278
180292,9252278
180293,9252278
180294,9252278
180296,9252278
180297,9252278
180298,9252278
180299,9252278
358201,9252280
358202,9252280
358203,9252280
358204,9252280
358205,9252280
358206,9252280
358207,9252280
358209,9252280
358210,9252280
358211,9252280
358213,9252280
358214,9252280
358215,9252280
358217,9252280
358218,9252280
358219,9252280
358220,9252280
358221,9252280
358222,9252280
358223,9252280
358224,9252280
358227,9252280
358228,9252280
358229,9252280
358230,9252280
358232,9252280
358233,9252280
358235,9252280
358237,9252280
358238,9252280
358239,9252280
358240,9252280
358241,9252280
358242,9252280
358243,9252280
358246,9252280
358247,9252280
358248,9252280
358249,9252280
358250,9252280
300701,9252371
300702,9252371
300703,9252371
300705,9252371
300706,9252371
300707,9252371
300708,9252371
300709,9252371
300710,9252371
300712,9252371
300713,9252371
300714,9252371
300715,9252371
300716,9252371
300718,9252371
300719,9252371
300722,9252371
300724,9252371
300725,9252371
300726,9252371
300728,9252371
300729,9252371
300730,9252371
300731,9252371
300733,9252371
300734,9252371
300735,9252371
300736,9252371
300737,9252371
300738,9252371
300739,9252371
300740,9252371
300741,9252371
300742,9252371
300743,9252371
300744,9252371
300745,9252371
300748,9252371
300749,9252371
300750,9252371
47551,9255490
47552,9255490
47553,9255490
47554,9255490
47556,9255490
47557,9255490
47558,9255490
47559,9255490
47560,9255490
47561,9255490
47562,9255490
47565,9255490
47566,9255490
47567,9255490
47568,9255490
47569,9255490
47570,9255490
47571,9255490
47572,9255490
47573,9255490
47575,9255490
47576,9255490
47577,9255490
47578,9255490
47580,9255490
47581,9255490
47582,9255490
47583,9255490
47584,9255490
47585,9255490
47587,9255490
47588,9255490
47589,9255490
47591,9255490
47592,9255490
47596,9255490
47597,9255490
47598,9255490
47599,9255490
47600,9255490
149201,9255878
149202,9255878
149203,9255878
149204,9255878
149205,9255878
149206,9255878
149207,9255878
149208,9255878
149210,9255878
149211,9255878
149212,9255878
149213,9255878
149214,9255878
149215,9255878
149216,9255878
149217,9255878
149218,9255878
149219,9255878
149221,9255878
149222,9255878
149223,9255878
149224,9255878
149225,9255878
149226,9255878
149228,9255878
149229,9255878
149230,9255878
149232,9255878
149233,9255878
149234,9255878
149237,9255878
149238,9255878
149239,9255878
149240,9255878
149244,9255878
149245,9255878
149246,9255878
149247,9255878
149248,9255878
149250,9255878
152801,9255880
152802,9255880
152803,9255880
152804,9255880
152806,9255880
152807,9255880
152808,9255880
152809,9255880
152811,9255880
152812,9255880
152813,9255880
152814,9255880
152816,9255880
152817,9255880
152819,9255880
152820,9255880
152821,9255880
152822,9255880
152823,9255880
152824,9255880
152826,9255880
152827,9255880
152828,9255880
152829,9255880
152830,9255880
152831,9255880
152834,9255880
152836,9255880
152837,9255880
152838,9255880
152839,9255880
152840,9255880
152841,9255880
152842,9255880
152843,9255880
152844,9255880
152846,9255880
152847,9255880
152849,9255880
152850,9255880
203701,9260031
203702,9260031
203704,9260031
203705,9260031
203706,9260031
203707,9260031
203710,9260031
203712,9260031
203713,9260031
203715,9260031
203717,9260031
203719,9260031
203720,9260031
203721,9260031
203722,9260031
203723,9260031
203724,9260031
203725,9260031
203726,9260031
203727,9260031
203728,9260031
203729,9260031
203731,9260031
203733,9260031
203734,9260031
203735,9260031
203736,9260031
203737,9260031
203738,9260031
203739,9260031
203740,9260031
203741,9260031
203742,9260031
203743,9260031
203744,9260031
203745,9260031
203746,9260031
203747,9260031
203749,9260031
203750,9260031
396553,9260043
396554,9260043
396555,9260043
396557,9260043
396558,9260043
396559,9260043
396561,9260043
396564,9260043
396565,9260043
396566,9260043
396567,9260043
396568,9260043
396569,9260043
396570,9260043
396571,9260043
396572,9260043
396573,9260043
396574,9260043
396575,9260043
396576,9260043
396577,9260043
396579,9260043
396580,9260043
396581,9260043
396582,9260043
396584,9260043
396585,9260043
396587,9260043
396588,9260043
396589,9260043
396590,9260043
396591,9260043
396592,9260043
396593,9260043
396594,9260043
396595,9260043
396596,9260043
396597,9260043
396599,9260043
396600,9260043
366452,9266475
366454,9266475
366455,9266475
366456,9266475
366457,9266475
366458,9266475
366460,9266475
366461,9266475
366462,9266475
366463,9266475
366464,9266475
366465,9266475
366466,9266475
366467,9266475
366469,9266475
366470,9266475
366471,9266475
366472,9266475
366473,9266475
366474,9266475
366476,9266475
366477,9266475
366478,9266475
366479,9266475
366480,9266475
366483,9266475
366484,9266475
366485,9266475
366486,9266475
366487,9266475
366488,9266475
366489,9266475
366492,9266475
366493,9266475
366494,9266475
366495,9266475
366497,9266475
366498,9266475
366499,9266475
366500,9266475
308251,9273557
308252,9273557
308253,9273557
308254,9273557
308255,9273557
308256,9273557
308257,9273557
308258,9273557
308259,9273557
308260,9273557
308261,9273557
308262,9273557
308263,9273557
308266,9273557
308268,9273557
308269,9273557
308270,9273557
308273,9273557
308274,9273557
308275,9273557
308276,9273557
308277,9273557
308278,9273557
308279,9273557
308280,9273557
308281,9273557
308282,9273557
308283,9273557
308285,9273557
308286,9273557
308288,9273557
308289,9273557
308290,9273557
308293,9273557
308295,9273557
308296,9273557
308297,9273557
308298,9273557
308299,9273557
308300,9273557
259851,9274616
259852,9274616
259854,9274616
259855,9274616
259858,9274616
259860,9274616
259861,9274616
259862,9274616
259863,9274616
259864,9274616
259865,9274616
259866,9274616
259867,9274616
259868,9274616
259869,9274616
259870,9274616
259871,9274616
259873,9274616
259875,9274616
259876,9274616
259879,9274616
259880,9274616
259881,9274616
259882,9274616
259884,9274616
259885,9274616
259886,9274616
259887,9274616
259888,9274616
259889,9274616
259890,9274616
259891,9274616
259892,9274616
259893,9274616
259894,9274616
259895,9274616
259896,9274616
259898,9274616
259899,9274616
259900,9274616
376352,9287819
376355,9287819
376356,9287819
376357,9287819
376358,9287819
376360,9287819
376361,9287819
376362,9287819
376364,9287819
376365,9287819
376366,9287819
376367,9287819
376368,9287819
376369,9287819
376370,9287819
376371,9287819
376372,9287819
376373,9287819
376374,9287819
376375,9287819
376376,9287819
376377,9287819
376378,9287819
376379,9287819
376380,9287819
376382,9287819
376383,9287819
376384,9287819
376386,9287819
376387,9287819
376388,9287819
376389,9287819
376390,9287819
376391,9287819
376393,9287819
376395,9287819
376396,9287819
376397,9287819
376399,9287819
376400,9287819
332702,9289752
332703,9289752
332704,9289752
332705,9289752
332706,9289752
332707,9289752
332708,9289752
332709,9289752
332710,9289752
332711,9289752
332712,9289752
332713,9289752
332714,9289752
332716,9289752
332718,9289752
332719,9289752
332720,9289752
332723,9289752
332724,9289752
332725,9289752
332726,9289752
332728,9289752
332729,9289752
332731,9289752
332732,9289752
332733,9289752
332734,9289752
332735,9289752
332736,9289752
332737,9289752
332738,9289752
332739,9289752
332740,9289752
332741,9289752
332742,9289752
332743,9289752
332744,9289752
332746,9289752
332748,9289752
332750,9289752
307901,9290957
307902,9290957
307904,9290957
307906,9290957
307907,9290957
307908,9290957
307909,9290957
307910,9290957
307912,9290957
307914,9290957
307915,9290957
307916,9290957
307917,9290957
307918,9290957
307919,9290957
307920,9290957
307921,9290957
307922,9290957
307924,9290957
307925,9290957
307926,9290957
307929,9290957
307930,9290957
307931,9290957
307932,9290957
307934,9290957
307936,9290957
307937,9290957
307938,9290957
307939,9290957
307940,9290957
307941,9290957
307942,9290957
307943,9290957
307944,9290957
307945,9290957
307947,9290957
307948,9290957
307949,9290957
307950,9290957
332551,9293210
332552,9293210
332553,9293210
332556,9293210
332557,9293210
332558,9293210
332559,9293210
332560,9293210
332561,9293210
332562,9293210
332563,9293210
332565,9293210
332566,9293210
332567,9293210
332569,9293210
332570,9293210
332571,9293210
332573,9293210
332574,9293210
332575,9293210
332576,9293210
332577,9293210
332578,9293210
332582,9293210
332583,9293210
332584,9293210
332585,9293210
332586,9293210
332587,9293210
332588,9293210
332589,9293210
332590,9293210
332591,9293210
332594,9293210
332595,9293210
332596,9293210
332597,9293210
332598,9293210
332599,9293210
332600,9293210
279651,9299123
279653,9299123
279654,9299123
279655,9299123
279656,9299123
279658,9299123
279659,9299123
279660,9299123
279661,9299123
279663,9299123
279665,9299123
279666,9299123
279668,9299123
279669,9299123
279670,9299123
279672,9299123
279673,9299123
279674,9299123
279675,9299123
279676,9299123
279677,9299123
279678,9299123
279679,9299123
279680,9299123
279681,9299123
279682,9299123
279683,9299123
279684,9299123
279686,9299123
279687,9299123
279689,9299123
279690,9299123
279691,9299123
279692,9299123
279694,9299123
279695,9299123
279696,9299123
279697,9299123
279698,9299123
279699,9299123
172001,9299147
172003,9299147
172004,9299147
172005,9299147
172006,9299147
172007,9299147
172009,9299147
172010,9299147
172011,9299147
172012,9299147
172013,9299147
172014,9299147
172015,9299147
172016,9299147
172018,9299147
172019,9299147
172020,9299147
172021,9299147
172022,9299147
172024,9299147
172025,9299147
172027,9299147
172029,9299147
172030,9299147
172031,9299147
172032,9299147
172035,9299147
172036,9299147
172037,9299147
172038,9299147
172039,9299147
172040,9299147
172042,9299147
172043,9299147
172044,9299147
172045,9299147
172046,9299147
172048,9299147
172049,9299147
172050,9299147
307801,9303728
307802,9303728
307803,9303728
307805,9303728
307806,9303728
307809,9303728
307810,9303728
307812,9303728
307813,9303728
307815,9303728
307816,9303728
307818,9303728
307819,9303728
307820,9303728
307821,9303728
307822,9303728
307823,9303728
307824,9303728
307826,9303728
307827,9303728
307828,9303728
307830,9303728
307831,9303728
307832,9303728
307833,9303728
307834,9303728
307835,9303728
307836,9303728
307837,9303728
307838,9303728
307839,9303728
307840,9303728
307841,9303728
307843,9303728
307844,9303728
307845,9303728
307846,9303728
307847,9303728
307848,9303728
307850,9303728
376102,9306677
376103,9306677
376104,9306677
376105,9306677
376106,9306677
376107,9306677
376108,9306677
376109,9306677
376110,9306677
376111,9306677
376113,9306677
376114,9306677
376115,9306677
376116,9306677
376117,9306677
376119,9306677
376120,9306677
376121,9306677
376122,9306677
376123,9306677
376124,9306677
376125,9306677
376126,9306677
376127,9306677
376128,9306677
376129,9306677
376130,9306677
376131,9306677
376132,9306677
376134,9306677
376135,9306677
376136,9306677
376137,9306677
376138,9306677
376140,9306677
376141,9306677
376142,9306677
376143,9306677
376144,9306677
376150,9306677
366052,9307346
366053,9307346
366054,9307346
366056,9307346
366057,9307346
366058,9307346
366059,9307346
366060,9307346
366061,9307346
366062,9307346
366063,9307346
366064,9307346
366065,9307346
366066,9307346
366070,9307346
366072,9307346
366073,9307346
366074,9307346
366075,9307346
366076,9307346
366077,9307346
366078,9307346
366079,9307346
366080,9307346
366081,9307346
366082,9307346
366084,9307346
366085,9307346
366088,9307346
366089,9307346
366090,9307346
366091,9307346
366092,9307346
366093,9307346
366094,9307346
366096,9307346
366097,9307346
366098,9307346
366099,9307346
366100,9307346
339303,9312444
339304,9312444
339305,9312444
339306,9312444
339308,9312444
339309,9312444
339310,9312444
339311,9312444
339315,9312444
339316,9312444
339317,9312444
339319,9312444
339320,9312444
339322,9312444
339323,9312444
339324,9312444
339325,9312444
339326,9312444
339328,9312444
339329,9312444
339330,9312444
339331,9312444
339332,9312444
339333,9312444
339334,9312444
339335,9312444
339336,9312444
339337,9312444
339338,9312444
339339,9312444
339340,9312444
339342,9312444
339343,9312444
339344,9312444
339345,9312444
339346,9312444
339347,9312444
339348,9312444
339349,9312444
339350,9312444
300002,9312913
300003,9312913
300004,9312913
300005,9312913
300006,9312913
300008,9312913
300011,9312913
300012,9312913
300013,9312913
300014,9312913
300015,9312913
300017,9312913
300018,9312913
300019,9312913
300020,9312913
300021,9312913
300022,9312913
300023,9312913
300024,9312913
300025,9312913
300026,9312913
300027,9312913
300028,9312913
300029,9312913
300030,9312913
300031,9312913
300032,9312913
300035,9312913
300036,9312913
300038,9312913
300039,9312913
300040,9312913
300041,9312913
300042,9312913
300043,9312913
300044,9312913
300045,9312913
300047,9312913
300049,9312913
300050,9312913
167551,9313527
167552,9313527
167553,9313527
167554,9313527
167555,9313527
167556,9313527
167557,9313527
167558,9313527
167559,9313527
167561,9313527
167562,9313527
167563,9313527
167564,9313527
167565,9313527
167568,9313527
167569,9313527
167570,9313527
167571,9313527
167572,9313527
167573,9313527
167574,9313527
167575,9313527
167576,9313527
167577,9313527
167580,9313527
167581,9313527
167582,9313527
167584,9313527
167585,9313527
167587,9313527
167589,9313527
167590,9313527
167591,9313527
167594,9313527
167595,9313527
167596,9313527
167597,9313527
167598,9313527
167599,9313527
167600,9313527
349051,9315458
349052,9315458
349053,9315458
349054,9315458
349055,9315458
349056,9315458
349057,9315458
349058,9315458
349059,9315458
349060,9315458
349061,9315458
349062,9315458
349065,9315458
349066,9315458
349067,9315458
349068,9315458
349069,9315458
349070,9315458
349071,9315458
349073,9315458
349075,9315458
349077,9315458
349079,9315458
349081,9315458
349083,9315458
349084,9315458
349085,9315458
349086,9315458
349087,9315458
349088,9315458
349090,9315458
349091,9315458
349092,9315458
349093,9315458
349094,9315458
349095,9315458
349097,9315458
349098,9315458
349099,9315458
349100,9315458
226452,9321677
226454,9321677
226456,9321677
226457,9321677
226459,9321677
226461,9321677
226462,9321677
226463,9321677
226464,9321677
226465,9321677
226466,9321677
226467,9321677
226468,9321677
226469,9321677
226470,9321677
226471,9321677
226472,9321677
226474,9321677
226475,9321677
226477,9321677
226478,9321677
226479,9321677
226480,9321677
226483,9321677
226484,9321677
226485,9321677
226486,9321677
226487,9321677
226488,9321677
226489,9321677
226490,9321677
226491,9321677
226492,9321677
226493,9321677
226494,9321677
226495,9321677
226496,9321677
226498,9321677
226499,9321677
226500,9321677
259151,9321689
259152,9321689
259154,9321689
259155,9321689
259156,9321689
259157,9321689
259158,9321689
259160,9321689
259162,9321689
259163,9321689
259164,9321689
259165,9321689
259167,9321689
259168,9321689
259169,9321689
259170,9321689
259171,9321689
259172,9321689
259173,9321689
259174,9321689
259175,9321689
259177,9321689
259178,9321689
259179,9321689
259180,9321689
259181,9321689
259182,9321689
259183,9321689
259184,9321689
259185,9321689
259186,9321689
259188,9321689
259189,9321689
259190,9321689
259191,9321689
259194,9321689
259195,9321689
259198,9321689
259199,9321689
259200,9321689
348851,9322827
348852,9322827
348853,9322827
348854,9322827
348855,9322827
348856,9322827
348858,9322827
348859,9322827
348860,9322827
348861,9322827
348862,9322827
348863,9322827
348865,9322827
348866,9322827
348867,9322827
348868,9322827
348869,9322827
348871,9322827
348872,9322827
348873,9322827
348875,9322827
348876,9322827
348877,9322827
348879,9322827
348880,9322827
348881,9322827
348884,9322827
348885,9322827
348886,9322827
348887,9322827
348888,9322827
348889,9322827
348890,9322827
348891,9322827
348893,9322827
348894,9322827
348896,9322827
348897,9322827
348898,9322827
348900,9322827
314801,9325348
314802,9325348
314803,9325348
314804,9325348
314805,9325348
314806,9325348
314807,9325348
314808,9325348
314809,9325348
314810,9325348
314811,9325348
314813,9325348
314814,9325348
314815,9325348
314817,9325348
314819,9325348
314820,9325348
314823,9325348
314825,9325348
314826,9325348
314827,9325348
314828,9325348
314829,9325348
314830,9325348
314831,9325348
314832,9325348
314833,9325348
314834,9325348
314835,9325348
314836,9325348
314837,9325348
314838,9325348
314839,9325348
314840,9325348
314842,9325348
314843,9325348
314847,9325348
314848,9325348
314849,9325348
314850,9325348
237103,9325831
237104,9325831
237105,9325831
237106,9325831
237108,9325831
237109,9325831
237110,9325831
237111,9325831
237113,9325831
237114,9325831
237115,9325831
237116,9325831
237117,9325831
237119,9325831
237120,9325831
237121,9325831
237122,9325831
237123,9325831
237124,9325831
237126,9325831
237127,9325831
237128,9325831
237130,9325831
237131,9325831
237132,9325831
237133,9325831
237134,9325831
237137,9325831
237138,9325831
237139,9325831
237140,9325831
237141,9325831
237142,9325831
237143,9325831
237144,9325831
237145,9325831
237146,9325831
237148,9325831
237149,9325831
237150,9325831
242401,9325908
242402,9325908
242403,9325908
242404,9325908
242405,9325908
242406,9325908
242407,9325908
242408,9325908
242410,9325908
242411,9325908
242412,9325908
242413,9325908
242415,9325908
242416,9325908
242417,9325908
242418,9325908
242420,9325908
242421,9325908
242422,9325908
242424,9325908
242425,9325908
242426,9325908
242427,9325908
242428,9325908
242429,9325908
242432,9325908
242433,9325908
242434,9325908
242435,9325908
242436,9325908
242438,9325908
242439,9325908
242440,9325908
242441,9325908
242442,9325908
242443,9325908
242445,9325908
242446,9325908
242449,9325908
242450,9325908
146151,9333412
146153,9333412
146154,9333412
146155,9333412
146157,9333412
146158,9333412
146159,9333412
146160,9333412
146161,9333412
146162,9333412
146163,9333412
146165,9333412
146166,9333412
146167,9333412
146168,9333412
146169,9333412
146170,9333412
146171,9333412
146172,9333412
146173,9333412
146176,9333412
146177,9333412
146178,9333412
146179,9333412
146180,9333412
146181,9333412
146182,9333412
146183,9333412
146186,9333412
146188,9333412
146189,9333412
146190,9333412
146191,9333412
146192,9333412
146195,9333412
146196,9333412
146197,9333412
146198,9333412
146199,9333412
146200,9333412
348551,9333424
348552,9333424
348553,9333424
348554,9333424
348555,9333424
348556,9333424
348557,9333424
348558,9333424
348559,9333424
348560,9333424
348561,9333424
348562,9333424
348563,9333424
348564,9333424
348565,9333424
348566,9333424
348567,9333424
348568,9333424
348569,9333424
348570,9333424
348571,9333424
348574,9333424
348576,9333424
348577,9333424
348578,9333424
348580,9333424
348583,9333424
348584,9333424
348587,9333424
348588,9333424
348590,9333424
348591,9333424
348592,9333424
348593,9333424
348594,9333424
348595,9333424
348596,9333424
348597,9333424
348599,9333424
348600,9333424
285851,9333668
285852,9333668
285853,9333668
285854,9333668
285855,9333668
285856,9333668
285857,9333668
285859,9333668
285861,9333668
285863,9333668
285864,9333668
285865,9333668
285866,9333668
285867,9333668
285868,9333668
285871,9333668
285872,9333668
285873,9333668
285874,9333668
285875,9333668
285876,9333668
285877,9333668
285879,9333668
285880,9333668
285881,9333668
285882,9333668
285883,9333668
285884,9333668
285885,9333668
285888,9333668
285889,9333668
285890,9333668
285891,9333668
285892,9333668
285894,9333668
285895,9333668
285896,9333668
285898,9333668
285899,9333668
285900,9333668
365551,9334600
365552,9334600
365553,9334600
365554,9334600
365555,9334600
365557,9334600
365558,9334600
365559,9334600
365561,9334600
365562,9334600
365563,9334600
365564,9334600
365565,9334600
365566,9334600
365567,9334600
365568,9334600
365570,9334600
365571,9334600
365572,9334600
365573,9334600
365576,9334600
365577,9334600
365579,9334600
365581,9334600
365582,9334600
365583,9334600
365584,9334600
365585,9334600
365586,9334600
365587,9334600
365588,9334600
365589,9334600
365591,9334600
365592,9334600
365594,9334600
365595,9334600
365596,9334600
365598,9334600
365599,9334600
365600,9334600
115951,9334703
115952,9334703
115954,9334703
115955,9334703
115957,9334703
115958,9334703
115959,9334703
115960,9334703
115962,9334703
115963,9334703
115964,9334703
115966,9334703
115967,9334703
115969,9334703
115970,9334703
115971,9334703
115973,9334703
115974,9334703
115975,9334703
115976,9334703
115977,9334703
115978,9334703
115979,9334703
115980,9334703
115981,9334703
115982,9334703
115983,9334703
115984,9334703
115985,9334703
115987,9334703
115988,9334703
115989,9334703
115990,9334703
115991,9334703
115992,9334703
115993,9334703
115994,9334703
115995,9334703
115996,9334703
116000,9334703
357102,9338905
357104,9338905
357105,9338905
357106,9338905
357107,9338905
357109,9338905
357110,9338905
357111,9338905
357112,9338905
357113,9338905
357114,9338905
357115,9338905
357117,9338905
357118,9338905
357119,9338905
357120,9338905
357121,9338905
357123,9338905
357124,9338905
357126,9338905
357127,9338905
357128,9338905
357130,9338905
357131,9338905
357132,9338905
357133,9338905
357134,9338905
357136,9338905
357138,9338905
357139,9338905
357140,9338905
357141,9338905
357142,9338905
357144,9338905
357145,9338905
357146,9338905
357147,9338905
357148,9338905
357149,9338905
357150,9338905
323102,9338917
323103,9338917
323105,9338917
323106,9338917
323107,9338917
323108,9338917
323109,9338917
323110,9338917
323111,9338917
323112,9338917
323113,9338917
323114,9338917
323115,9338917
323116,9338917
323117,9338917
323118,9338917
323120,9338917
323121,9338917
323122,9338917
323124,9338917
323126,9338917
323127,9338917
323128,9338917
323129,9338917
323131,9338917
323133,9338917
323134,9338917
323135,9338917
323137,9338917
323138,9338917
323139,9338917
323141,9338917
323142,9338917
323143,9338917
323145,9338917
323146,9338917
323147,9338917
323148,9338917
323149,9338917
323150,9338917
221501,9341419
221502,9341419
221503,9341419
221504,9341419
221505,9341419
221506,9341419
221507,9341419
221508,9341419
221509,9341419
221510,9341419
221511,9341419
221512,9341419
221513,9341419
221514,9341419
221516,9341419
221517,9341419
221518,9341419
221520,9341419
221521,9341419
221523,9341419
221524,9341419
221526,9341419
221527,9341419
221529,9341419
221530,9341419
221531,9341419
221532,9341419
221533,9341419
221534,9341419
221536,9341419
221537,9341419
221538,9341419
221539,9341419
221540,9341419
221541,9341419
221542,9341419
221543,9341419
221546,9341419
221548,9341419
221549,9341419
57951,9352298
57952,9352298
57953,9352298
57954,9352298
57956,9352298
57957,9352298
57958,9352298
57959,9352298
57960,9352298
57961,9352298
57962,9352298
57964,9352298
57966,9352298
57967,9352298
57968,9352298
57969,9352298
57971,9352298
57972,9352298
57973,9352298
57974,9352298
57975,9352298
57976,9352298
57980,9352298
57981,9352298
57982,9352298
57984,9352298
57985,9352298
57987,9352298
57988,9352298
57989,9352298
57990,9352298
57991,9352298
57992,9352298
57993,9352298
57994,9352298
57995,9352298
57996,9352298
57997,9352298
57998,9352298
57999,9352298
93051,9352315
93052,9352315
93053,9352315
93055,9352315
93057,9352315
93058,9352315
93059,9352315
93060,9352315
93062,9352315
93063,9352315
93064,9352315
93065,9352315
93066,9352315
93067,9352315
93068,9352315
93069,9352315
93071,9352315
93073,9352315
93074,9352315
93076,9352315
93078,9352315
93079,9352315
93080,9352315
93081,9352315
93082,9352315
93084,9352315
93085,9352315
93086,9352315
93087,9352315
93088,9352315
93089,9352315
93090,9352315
93091,9352315
93093,9352315
93094,9352315
93096,9352315
93097,9352315
93098,9352315
93099,9352315
93100,9352315
236601,9367750
236602,9367750
236604,9367750
236606,9367750
236608,9367750
236609,9367750
236610,9367750
236611,9367750
236612,9367750
236613,9367750
236615,9367750
236616,9367750
236617,9367750
236618,9367750
236619,9367750
236620,9367750
236621,9367750
236622,9367750
236623,9367750
236624,9367750
236625,9367750
236626,9367750
236627,9367750
236628,9367750
236629,9367750
236631,9367750
236632,9367750
236633,9367750
236635,9367750
236637,9367750
236639,9367750
236640,9367750
236641,9367750
236642,9367750
236643,9367750
236644,9367750
236645,9367750
236647,9367750
236648,9367750
236650,9367750
322401,9367918
322403,9367918
322404,9367918
322405,9367918
322408,9367918
322409,9367918
322410,9367918
322411,9367918
322412,9367918
322413,9367918
322414,9367918
322416,9367918
322418,9367918
322419,9367918
322421,9367918
322422,9367918
322423,9367918
322424,9367918
322425,9367918
322426,9367918
322427,9367918
322428,9367918
322430,9367918
322431,9367918
322432,9367918
322433,9367918
322434,9367918
322435,9367918
322436,9367918
322437,9367918
322438,9367918
322439,9367918
322441,9367918
322442,9367918
322443,9367918
322444,9367918
322445,9367918
322446,9367918
322449,9367918
322450,9367918
299301,9382190
299303,9382190
299304,9382190
299305,9382190
299307,9382190
299308,9382190
299309,9382190
299310,9382190
299311,9382190
299312,9382190
299314,9382190
299315,9382190
299316,9382190
299317,9382190
299318,9382190
299319,9382190
299320,9382190
299321,9382190
299322,9382190
299324,9382190
299325,9382190
299327,9382190
299328,9382190
299329,9382190
299330,9382190
299331,9382190
299332,9382190
299333,9382190
299334,9382190
299335,9382190
299336,9382190
299337,9382190
299338,9382190
299339,9382190
299341,9382190
299343,9382190
299346,9382190
299347,9382190
299348,9382190
299350,9382190
207101,9390032
207102,9390032
207103,9390032
207104,9390032
207105,9390032
207106,9390032
207108,9390032
207109,9390032
207110,9390032
207111,9390032
207112,9390032
207115,9390032
207117,9390032
207118,9390032
207119,9390032
207120,9390032
207121,9390032
207124,9390032
207125,9390032
207126,9390032
207127,9390032
207128,9390032
207131,9390032
207133,9390032
207134,9390032
207135,9390032
207136,9390032
207137,9390032
207138,9390032
207139,9390032
207140,9390032
207141,9390032
207143,9390032
207144,9390032
207145,9390032
207146,9390032
207147,9390032
207148,9390032
207149,9390032
207150,9390032
306951,9391476
306952,9391476
306954,9391476
306956,9391476
306957,9391476
306959,9391476
306961,9391476
306962,9391476
306963,9391476
306964,9391476
306965,9391476
306966,9391476
306967,9391476
306968,9391476
306970,9391476
306971,9391476
306972,9391476
306973,9391476
306974,9391476
306975,9391476
306976,9391476
306977,9391476
306978,9391476
306980,9391476
306981,9391476
306982,9391476
306983,9391476
306984,9391476
306985,9391476
306986,9391476
306987,9391476
306988,9391476
306990,9391476
306991,9391476
306993,9391476
306994,9391476
306995,9391476
306996,9391476
306997,9391476
306999,9391476
193651,9397535
193653,9397535
193656,9397535
193657,9397535
193658,9397535
193659,9397535
193660,9397535
193662,9397535
193663,9397535
193664,9397535
193666,9397535
193667,9397535
193668,9397535
193669,9397535
193670,9397535
193672,9397535
193673,9397535
193675,9397535
193676,9397535
193677,9397535
193678,9397535
193679,9397535
193680,9397535
193681,9397535
193682,9397535
193684,9397535
193685,9397535
193686,9397535
193687,9397535
193688,9397535
193689,9397535
193691,9397535
193692,9397535
193693,9397535
193694,9397535
193695,9397535
193697,9397535
193698,9397535
193699,9397535
193700,9397535
121101,9423449
121102,9423449
121103,9423449
121105,9423449
121106,9423449
121107,9423449
121108,9423449
121109,9423449
121110,9423449
121111,9423449
121112,9423449
121113,9423449
121115,9423449
121116,9423449
121118,9423449
121119,9423449
121122,9423449
121123,9423449
121124,9423449
121126,9423449
121127,9423449
121128,9423449
121129,9423449
121130,9423449
121132,9423449
121133,9423449
121134,9423449
121135,9423449
121136,9423449
121137,9423449
121138,9423449
121139,9423449
121140,9423449
121142,9423449
121144,9423449
121145,9423449
121146,9423449
121147,9423449
121148,9423449
121150,9423449
258401,9435313
258402,9435313
258403,9435313
258404,9435313
258406,9435313
258407,9435313
258409,9435313
258410,9435313
258412,9435313
258413,9435313
258414,9435313
258416,9435313
258417,9435313
258418,9435313
258420,9435313
258421,9435313
258422,9435313
258423,9435313
258424,9435313
258425,9435313
258426,9435313
258427,9435313
258428,9435313
258429,9435313
258431,9435313
258433,9435313
258434,9435313
258435,9435313
258436,9435313
258437,9435313
258440,9435313
258441,9435313
258442,9435313
258443,9435313
258444,9435313
258446,9435313
258447,9435313
258448,9435313
258449,9435313
258450,9435313
291302,9588914
291303,9588914
291305,9588914
291306,9588914
291308,9588914
291309,9588914
291310,9588914
291311,9588914
291312,9588914
291313,9588914
291314,9588914
291315,9588914
291316,9588914
291317,9588914
291318,9588914
291319,9588914
291321,9588914
291323,9588914
291324,9588914
291325,9588914
291326,9588914
291327,9588914
291328,9588914
291329,9588914
291331,9588914
291333,9588914
291334,9588914
291335,9588914
291336,9588914
291337,9588914
291338,9588914
291339,9588914
291340,9588914
291342,9588914
291343,9588914
291344,9588914
291345,9588914
291347,9588914
291349,9588914
291350,9588914
